*vpn_servers
#HostName,IP,Score,Ping,Speed,CountryLong,CountryShort,NumVpnSessions,Uptime,TotalUsers,TotalTraffic,LogType,Operator,Message,OpenVPN_ConfigData_Base64
public-vpn-65,219.100.37.82,2978185,14,1054258946,Japan,JP,212,1076305713,15036476,857961259617595,2weeks,Daiyuu Nobori_ Japan. Academic Use Only.,,IyMjIyMjIyMjIyMjIyMjIyMjIyMjIyMjIyMjIyMjIyMjIyMjIyMjIyMjIyMjIyMjIyMjIyMjIyMjIyMjIyMjIyMjIyMjIyMjIyMjIyMjIw0KIyBPcGVuVlBOIDIuMCBTYW1wbGUgQ29uZmlndXJhdGlvbiBGaWxlDQojIGZvciBQYWNrZXRpWCBWUE4gLyBTb2Z0RXRoZXIgVlBOIFNlcnZlcg0KIyANCiMgISEhIEFVVE8tR0VORVJBVEVEIEJZIFNPRlRFVEhFUiBWUE4gU0VSVkVSIE1BTkFHRU1FTlQgVE9PTCAhISENCiMgDQojICEhISBZT1UgSEFWRSBUTyBSRVZJRVcgSVQgQkVGT1JFIFVTRSBBTkQgTU9ESUZZIElUIEFTIE5FQ0VTU0FSWSAhISENCiMgDQojIFRoaXMgY29uZmlndXJhdGlvbiBmaWxlIGlzIGF1dG8tZ2VuZXJhdGVkLiBZb3UgbWlnaHQgdXNlIHRoaXMgY29uZmlnIGZpbGUNCiMgaW4gb3JkZXIgdG8gY29ubmVjdCB0byB0aGUgUGFja2V0aVggVlBOIC8gU29mdEV0aGVyIFZQTiBTZXJ2ZXIuDQojIEhvd2V2ZXIsIGJlZm9yZSB5b3UgdHJ5IGl0LCB5b3Ugc2hvdWxkIHJldmlldyB0aGUgZGVzY3JpcHRpb25zIG9mIHRoZSBmaWxlDQojIHRvIGRldGVybWluZSB0aGUgbmVjZXNzaXR5IHRvIG1vZGlmeSB0byBzdWl0YWJsZSBmb3IgeW91ciByZWFsIGVudmlyb25tZW50Lg0KIyBJZiBuZWNlc3NhcnksIHlvdSBoYXZlIHRvIG1vZGlmeSBhIGxpdHRsZSBhZGVxdWF0ZWx5IG9uIHRoZSBmaWxlLg0KIyBGb3IgZXhhbXBsZSwgdGhlIElQIGFkZHJlc3Mgb3IgdGhlIGhvc3RuYW1lIGFzIGEgZGVzdGluYXRpb24gVlBOIFNlcnZlcg0KIyBzaG91bGQgYmUgY29uZmlybWVkLg0KIyANCiMgTm90ZSB0aGF0IHRvIHVzZSBPcGVuVlBOIDIuMCwgeW91IGhhdmUgdG8gcHV0IHRoZSBjZXJ0aWZpY2F0aW9uIGZpbGUgb2YNCiMgdGhlIGRlc3RpbmF0aW9uIFZQTiBTZXJ2ZXIgb24gdGhlIE9wZW5WUE4gQ2xpZW50IGNvbXB1dGVyIHdoZW4geW91IHVzZSB0aGlzDQojIGNvbmZpZyBmaWxlLiBQbGVhc2UgcmVmZXIgdGhlIGJlbG93IGRlc2NyaXB0aW9ucyBjYXJlZnVsbHkuDQoNCg0KIyMjIyMjIyMjIyMjIyMjIyMjIyMjIyMjIyMjIyMjIyMjIyMjIyMjIyMjIyMjIyMjIyMjIyMjIyMjIyMjIyMjIyMjIyMjIyMjIyMjIyMjIw0KIyBTcGVjaWZ5IHRoZSB0eXBlIG9mIHRoZSBsYXllciBvZiB0aGUgVlBOIGNvbm5lY3Rpb24uDQojIA0KIyBUbyBjb25uZWN0IHRvIHRoZSBWUE4gU2VydmVyIGFzIGEgIlJlbW90ZS1BY2Nlc3MgVlBOIENsaWVudCBQQyIsDQojICBzcGVjaWZ5ICdkZXYgdHVuJy4gKExheWVyLTMgSVAgUm91dGluZyBNb2RlKQ0KIw0KIyBUbyBjb25uZWN0IHRvIHRoZSBWUE4gU2VydmVyIGFzIGEgYnJpZGdpbmcgZXF1aXBtZW50IG9mICJTaXRlLXRvLVNpdGUgVlBOIiwNCiMgIHNwZWNpZnkgJ2RldiB0YXAnLiAoTGF5ZXItMiBFdGhlcm5ldCBCcmlkZ2luZSBNb2RlKQ0KDQpkZXYgdHVuDQoNCg0KIyMjIyMjIyMjIyMjIyMjIyMjIyMjIyMjIyMjIyMjIyMjIyMjIyMjIyMjIyMjIyMjIyMjIyMjIyMjIyMjIyMjIyMjIyMjIyMjIyMjIyMjIw0KIyBTcGVjaWZ5IHRoZSB1bmRlcmx5aW5nIHByb3RvY29sIGJleW9uZCB0aGUgSW50ZXJuZXQuDQojIE5vdGUgdGhhdCB0aGlzIHNldHRpbmcgbXVzdCBiZSBjb3JyZXNwb25kIHdpdGggdGhlIGxpc3RlbmluZyBzZXR0aW5nIG9uDQojIHRoZSBWUE4gU2VydmVyLg0KIyANCiMgU3BlY2lmeSBlaXRoZXIgJ3Byb3RvIHRjcCcgb3IgJ3Byb3RvIHVkcCcuDQoNCnByb3RvIHRjcA0KDQoNCiMjIyMjIyMjIyMjIyMjIyMjIyMjIyMjIyMjIyMjIyMjIyMjIyMjIyMjIyMjIyMjIyMjIyMjIyMjIyMjIyMjIyMjIyMjIyMjIyMjIyMjIyMNCiMgVGhlIGRlc3RpbmF0aW9uIGhvc3RuYW1lIC8gSVAgYWRkcmVzcywgYW5kIHBvcnQgbnVtYmVyIG9mDQojIHRoZSB0YXJnZXQgVlBOIFNlcnZlci4NCiMgDQojIFlvdSBoYXZlIHRvIHNwZWNpZnkgYXMgJ3JlbW90ZSA8SE9TVE5BTUU+IDxQT1JUPicuIFlvdSBjYW4gYWxzbw0KIyBzcGVjaWZ5IHRoZSBJUCBhZGRyZXNzIGluc3RlYWQgb2YgdGhlIGhvc3RuYW1lLg0KIyANCiMgTm90ZSB0aGF0IHRoZSBhdXRvLWdlbmVyYXRlZCBiZWxvdyBob3N0bmFtZSBhcmUgYSAiYXV0by1kZXRlY3RlZA0KIyBJUCBhZGRyZXNzIiBvZiB0aGUgVlBOIFNlcnZlci4gWW91IGhhdmUgdG8gY29uZmlybSB0aGUgY29ycmVjdG5lc3MNCiMgYmVmb3JlaGFuZC4NCiMgDQojIFdoZW4geW91IHdhbnQgdG8gY29ubmVjdCB0byB0aGUgVlBOIFNlcnZlciBieSB1c2luZyBUQ1AgcHJvdG9jb2wsDQojIHRoZSBwb3J0IG51bWJlciBvZiB0aGUgZGVzdGluYXRpb24gVENQIHBvcnQgc2hvdWxkIGJlIHNhbWUgYXMgb25lIG9mDQojIHRoZSBhdmFpbGFibGUgVENQIGxpc3RlbmVycyBvbiB0aGUgVlBOIFNlcnZlci4NCiMgDQojIFdoZW4geW91IHVzZSBVRFAgcHJvdG9jb2wsIHRoZSBwb3J0IG51bWJlciBtdXN0IHNhbWUgYXMgdGhlIGNvbmZpZ3VyYXRpb24NCiMgc2V0dGluZyBvZiAiT3BlblZQTiBTZXJ2ZXIgQ29tcGF0aWJsZSBGdW5jdGlvbiIgb24gdGhlIFZQTiBTZXJ2ZXIuDQoNCnJlbW90ZSAyMTkuMTAwLjM3LjgyIDQ0Mw0KDQoNCiMjIyMjIyMjIyMjIyMjIyMjIyMjIyMjIyMjIyMjIyMjIyMjIyMjIyMjIyMjIyMjIyMjIyMjIyMjIyMjIyMjIyMjIyMjIyMjIyMjIyMjIyMNCiMgVGhlIEhUVFAvSFRUUFMgcHJveHkgc2V0dGluZy4NCiMgDQojIE9ubHkgaWYgeW91IGhhdmUgdG8gdXNlIHRoZSBJbnRlcm5ldCB2aWEgYSBwcm94eSwgdW5jb21tZW50IHRoZSBiZWxvdw0KIyB0d28gbGluZXMgYW5kIHNwZWNpZnkgdGhlIHByb3h5IGFkZHJlc3MgYW5kIHRoZSBwb3J0IG51bWJlci4NCiMgSW4gdGhlIGNhc2Ugb2YgdXNpbmcgcHJveHktYXV0aGVudGljYXRpb24sIHJlZmVyIHRoZSBPcGVuVlBOIG1hbnVhbC4NCg0KO2h0dHAtcHJveHktcmV0cnkNCjtodHRwLXByb3h5IFtwcm94eSBzZXJ2ZXJdIFtwcm94eSBwb3J0XQ0KDQoNCiMjIyMjIyMjIyMjIyMjIyMjIyMjIyMjIyMjIyMjIyMjIyMjIyMjIyMjIyMjIyMjIyMjIyMjIyMjIyMjIyMjIyMjIyMjIyMjIyMjIyMjIyMNCiMgVGhlIGVuY3J5cHRpb24gYW5kIGF1dGhlbnRpY2F0aW9uIGFsZ29yaXRobS4NCiMgDQojIERlZmF1bHQgc2V0dGluZyBpcyBnb29kLiBNb2RpZnkgaXQgYXMgeW91IHByZWZlci4NCiMgV2hlbiB5b3Ugc3BlY2lmeSBhbiB1bnN1cHBvcnRlZCBhbGdvcml0aG0sIHRoZSBlcnJvciB3aWxsIG9jY3VyLg0KIyANCiMgVGhlIHN1cHBvcnRlZCBhbGdvcml0aG1zIGFyZSBhcyBmb2xsb3dzOg0KIyAgY2lwaGVyOiBbTlVMTC1DSVBIRVJdIE5VTEwgQUVTLTEyOC1DQkMgQUVTLTE5Mi1DQkMgQUVTLTI1Ni1DQkMgQkYtQ0JDDQojICAgICAgICAgIENBU1QtQ0JDIENBU1Q1LUNCQyBERVMtQ0JDIERFUy1FREUtQ0JDIERFUy1FREUzLUNCQyBERVNYLUNCQw0KIyAgICAgICAgICBSQzItNDAtQ0JDIFJDMi02NC1DQkMgUkMyLUNCQw0KIyAgYXV0aDogICBTSEEgU0hBMSBNRDUgTUQ0IFJNRDE2MA0KDQpjaXBoZXIgQUVTLTEyOC1DQkMNCmF1dGggU0hBMQ0KDQoNCiMjIyMjIyMjIyMjIyMjIyMjIyMjIyMjIyMjIyMjIyMjIyMjIyMjIyMjIyMjIyMjIyMjIyMjIyMjIyMjIyMjIyMjIyMjIyMjIyMjIyMjIyMNCiMgT3RoZXIgcGFyYW1ldGVycyBuZWNlc3NhcnkgdG8gY29ubmVjdCB0byB0aGUgVlBOIFNlcnZlci4NCiMgDQojIEl0IGlzIG5vdCByZWNvbW1lbmRlZCB0byBtb2RpZnkgaXQgdW5sZXNzIHlvdSBoYXZlIGEgcGFydGljdWxhciBuZWVkLg0KDQpyZXNvbHYtcmV0cnkgaW5maW5pdGUNCm5vYmluZA0KcGVyc2lzdC1rZXkNCnBlcnNpc3QtdHVuDQpjbGllbnQNCnZlcmIgMw0KI2F1dGgtdXNlci1wYXNzDQoNCg0KIyMjIyMjIyMjIyMjIyMjIyMjIyMjIyMjIyMjIyMjIyMjIyMjIyMjIyMjIyMjIyMjIyMjIyMjIyMjIyMjIyMjIyMjIyMjIyMjIyMjIyMjIw0KIyBUaGUgY2VydGlmaWNhdGUgZmlsZSBvZiB0aGUgZGVzdGluYXRpb24gVlBOIFNlcnZlci4NCiMgDQojIFRoZSBDQSBjZXJ0aWZpY2F0ZSBmaWxlIGlzIGVtYmVkZGVkIGluIHRoZSBpbmxpbmUgZm9ybWF0Lg0KIyBZb3UgY2FuIHJlcGxhY2UgdGhpcyBDQSBjb250ZW50cyBpZiBuZWNlc3NhcnkuDQojIFBsZWFzZSBub3RlIHRoYXQgaWYgdGhlIHNlcnZlciBjZXJ0aWZpY2F0ZSBpcyBub3QgYSBzZWxmLXNpZ25lZCwgeW91IGhhdmUgdG8NCiMgc3BlY2lmeSB0aGUgc2lnbmVyJ3Mgcm9vdCBjZXJ0aWZpY2F0ZSAoQ0EpIGhlcmUuDQoNCjxjYT4NCi0tLS0tQkVHSU4gQ0VSVElGSUNBVEUtLS0tLQ0KTUlJRmF6Q0NBMU9nQXdJQkFnSVJBSUlRejdEU1FPTlpSR1BndTJPQ2l3QXdEUVlKS29aSWh2Y05BUUVMQlFBdw0KVHpFTE1Ba0dBMVVFQmhNQ1ZWTXhLVEFuQmdOVkJBb1RJRWx1ZEdWeWJtVjBJRk5sWTNWeWFYUjVJRkpsYzJWaA0KY21Ob0lFZHliM1Z3TVJVd0V3WURWUVFERXd4SlUxSkhJRkp2YjNRZ1dERXdIaGNOTVRVd05qQTBNVEV3TkRNNA0KV2hjTk16VXdOakEwTVRFd05ETTRXakJQTVFzd0NRWURWUVFHRXdKVlV6RXBNQ2NHQTFVRUNoTWdTVzUwWlhKdQ0KWlhRZ1UyVmpkWEpwZEhrZ1VtVnpaV0Z5WTJnZ1IzSnZkWEF4RlRBVEJnTlZCQU1UREVsVFVrY2dVbTl2ZENCWQ0KTVRDQ0FpSXdEUVlKS29aSWh2Y05BUUVCQlFBRGdnSVBBRENDQWdvQ2dnSUJBSzNvSkhQMEZEZnptNTRyVnlnYw0KaDc3Y3Q5ODRrSXh1UE9aWG9IajNkY0tpL3ZWcWJ2WUFUeWpiM21pR2JFU1R0ckZqL1JRU2E3OGYwdW94bXlGKw0KMFRNOHVrajEzWG5mczdqL0V2RWhta3ZCaW9aeGFVcG1abXlQZmp4d3Y2MHBJZ2J6NU1EbWdLN2lTNCszbVg2VQ0KQTUvVFI1ZDhtVWdqVStnNHJrOEtiNE11MFVsWGpJQjB0dG92MERpTmV3TndJUnQxOGpBOCtvK3UzZHBqcStzVw0KVDhLT0VVdCt6d3ZvLzdWM0x2U3llMHJnVEJJbERIQ05BeW1nNFZNazdCUFo3aG0vRUxOS2pEK0pvMkZSM3F5SA0KQjVUMFkzSHNMdUp2VzVpQjRZbGNOSGxzZHU4N2tHSjU1dHVrbWk4bXhkQVE0UTdlMlJDT0Z2dTM5NmozeCtVQw0KQjVpUE5naVY1K0kzbGcwMmRaNzdEbkt4SFp1OEEvbEpCZGlCM1FXMEt0WkI2YXdCZHBVS0Q5amYxYjBTSHpVdg0KS0JkczBwakJxQWxrZDI1SE43ck9yRmxlYUoxL2N0YUp4UVpCS1Q1WlB0MG05U1RKRWFkYW8weEFIMGFobWJXbg0KT2xGdWhqdWVmWEtuRWdWNFdlMCtVWGdWQ3dPUGpkQXZCYkkrZTBvY1MzTUZFdnpHNnVCUUUzeERrM1N6eW5Ubg0Kamg4QkNOQXcxRnR4TnJRSHVzRXdNRnhJdDRJN21LWjlZSXFpb3ltQ3pMcTlnd1Fib29NRFFhSFdCZkVid3Jidw0KcUh5R08wYW9TQ3FJM0hhYWRyOGZhcVU5R1kvck9QTmszc2dyRFFvby8vZmI0aFZDMUNMUUoxM2hlZjRZNTNDSQ0KclU3bTJZczZ4dDBuVVc3L3ZHVDFNME5QQWdNQkFBR2pRakJBTUE0R0ExVWREd0VCL3dRRUF3SUJCakFQQmdOVg0KSFJNQkFmOEVCVEFEQVFIL01CMEdBMVVkRGdRV0JCUjV0Rm5tZTdibDVBRnpnQWlJeUJwWTl1bWJiakFOQmdrcQ0KaGtpRzl3MEJBUXNGQUFPQ0FnRUFWUjlZcWJ5eXFGRFFETEhZR21rZ0p5a0lyR0YxWElwdStJTGxhUy9WOWxaTA0KdWJoekVGblRJWmQrNTB4eCs3TFNZSzA1cUF2cUZ5RldoZkZRRGxucnp1Qlo2YnJKRmUrR25ZK0VnUGJrNlpHUQ0KM0JlYllodEY4R2FWMG54dnd1bzc3eC9QeTlhdUovR3BzTWl1L1gxK212b2lCT3YvMlgvcWtTc2lzUmNPai9LSw0KTkZ0WTJQd0J5VlM1dUNiTWlvZ3ppVXd0aER5QzMrNldWd1c2TEx2M3hMZkhUanVDdmpISUluTnprdEhDZ0tRNQ0KT1JBekk0Sk1QSitHc2xXWUhiNHBob3dpbTU3aWF6dFhPb0p3VGR3Sng0bkxDZ2ROYk9oZGpzbnZ6cXZIdTdVcg0KVGtYV1N0QW16T1Z5eWdocXBaWGpGYUgzcE8zSkxGK2wrLytzS0FJdXZ0ZDd1K054ZTVBVzB3ZGVSbE44TndkQw0Kak5QRWxwelZtYlVxNEpVYWdFaXVURGtIenN4SHBGS1ZLN3E0KzYzU00xTjk1UjFOYmRXaHNjZENiK1pBSnpWYw0Kb3lpM0I0M25qVE9RNXlPZisxQ2NlV3hHMWJRVnM1WnVmcHNNbGpxNFVpMC8xbHZoK3dqQ2hQNGtxS09KMnF4cQ0KNFJncXNhaERZVnZUSDl3N2pYYnlMZWlOZGQ4WE0ydzlVL3Q3eTBGZi85eWkwR0U0NFphNHJGMkxOOWQxMVRQQQ0KbVJHdW5VSEJjbldFdmdKQlFsOW5KRWlVMFpzbnZnYy91YmhQZ1hSUjRYcTM3WjBqNHI3ZzFTZ0VFend4QTU3ZA0KZW15UHhnY1l4bi9lUjQ0L0tKNEVCcytsVkRSM3ZleUptK2tYUTk5YjIxLytqaDVYb3MxQW5YNWlJdHJlR0NjPQ0KLS0tLS1FTkQgQ0VSVElGSUNBVEUtLS0tLQ0KDQo8L2NhPg0KDQoNCiMjIyMjIyMjIyMjIyMjIyMjIyMjIyMjIyMjIyMjIyMjIyMjIyMjIyMjIyMjIyMjIyMjIyMjIyMjIyMjIyMjIyMjIyMjIyMjIyMjIyMjIyMNCiMgVGhlIGNsaWVudCBjZXJ0aWZpY2F0ZSBmaWxlIChkdW1teSkuDQojIA0KIyBJbiBzb21lIGltcGxlbWVudGF0aW9ucyBvZiBPcGVuVlBOIENsaWVudCBzb2Z0d2FyZQ0KIyAoZm9yIGV4YW1wbGU6IE9wZW5WUE4gQ2xpZW50IGZvciBpT1MpLA0KIyBhIHBhaXIgb2YgY2xpZW50IGNlcnRpZmljYXRlIGFuZCBwcml2YXRlIGtleSBtdXN0IGJlIGluY2x1ZGVkIG9uIHRoZQ0KIyBjb25maWd1cmF0aW9uIGZpbGUgZHVlIHRvIHRoZSBsaW1pdGF0aW9uIG9mIHRoZSBjbGllbnQuDQojIFNvIHRoaXMgc2FtcGxlIGNvbmZpZ3VyYXRpb24gZmlsZSBoYXMgYSBkdW1teSBwYWlyIG9mIGNsaWVudCBjZXJ0aWZpY2F0ZQ0KIyBhbmQgcHJpdmF0ZSBrZXkgYXMgZm9sbG93cy4NCg0KPGNlcnQ+DQotLS0tLUJFR0lOIENFUlRJRklDQVRFLS0tLS0NCk1JSUN4akNDQWE0Q0FRQXdEUVlKS29aSWh2Y05BUUVGQlFBd0tURWFNQmdHQTFVRUF4TVJWbEJPUjJGMFpVTnMNCmFXVnVkRU5sY25ReEN6QUpCZ05WQkFZVEFrcFFNQjRYRFRFek1ESXhNVEF6TkRrME9Wb1hEVE0zTURFeE9UQXoNCk1UUXdOMW93S1RFYU1CZ0dBMVVFQXhNUlZsQk9SMkYwWlVOc2FXVnVkRU5sY25ReEN6QUpCZ05WQkFZVEFrcFENCk1JSUJJakFOQmdrcWhraUc5dzBCQVFFRkFBT0NBUThBTUlJQkNnS0NBUUVBNWgybGdRUVlVandvS1lKYnpWWkENCjVWY0lHZDVvdFBjL3FaUk10MEtJdENGQTBzOVJ3UmVOVmE5ZkRSRkxSQmhjSVRPbHYzRkJjVzNFOGgxVXM3UkQNCjRXOEdtSmU4emFwSm5Mc0QzOU9TTVJDelpKbmN6VzRPQ0gxUFpSWldLcUR0amxOY2E5QUY4YTY1alRtbER4Q1ENCkNqbnRMSVdrNU9MTFZrRnQ5L3RTY2MxR0R0Y2k1NW9maGFOQVlNUGlIN1Y4KzFnNjZwR0hYQW9XSzZBUVZINjcNClhDS0puR0I1bmxRK0hzTVlQVi9PNDlMZDkxWk4vMnRIa2NhTEx5TnR5d3hWUFJTc1JoNDgwamp1MGZjQ3N2NmgNCnAvMHlYblRCLy9tV3V0QkdwZFVsSWJ3aUlUYkFtcnNiWW5qaWdSdm5QcVgxUk5KVWJpOUZwNkMyYy9ISUZKR0QNCnl3SURBUUFCTUEwR0NTcUdTSWIzRFFFQkJRVUFBNElCQVFDaE81aGdjdy80b1dmb0VGTHU5a0JhMUIvL2t4SDgNCmhRa0NoVk5uOEJSQzdZMFVSUWl0UGwzREtFZWQ5VVJCRGRnMktPQXo3N2JiNkVOUGlsaUQrYTM4VUpISVJNcWUNClVCSGhsbE9ISXp2RGhIRmJhb3ZBTEJRY2VlQnpka1F4c0tRRVNLbVFtUjgzMjk1MFVDb3ZveVJCNjFVeUFWN2gNCittWmhZUEdSS1hLU0pJNnMwRWdnL0NyaStDd2s0YmpKZnJiNWhWc2UxMXloNEQ5TUhod1NmQ09IKzB6NGhQVVQNCkZrdTdkR2F2VVJPNVNWeE1uL3NMNkVuNUQrb1NlWGthZEhwRHMrQWlyeW0yWUhoMTVoMCtqUFNPb1I2eWlWcC8NCjZ6WmVaa3JONDNrdVM3M0twS0RGamZGUGg4dDRyMWdPSWp0dGtOY1FxQmNjdXNucGxRN0hKcHNrDQotLS0tLUVORCBDRVJUSUZJQ0FURS0tLS0tDQoNCjwvY2VydD4NCg0KPGtleT4NCi0tLS0tQkVHSU4gUlNBIFBSSVZBVEUgS0VZLS0tLS0NCk1JSUVwQUlCQUFLQ0FRRUE1aDJsZ1FRWVVqd29LWUpielZaQTVWY0lHZDVvdFBjL3FaUk10MEtJdENGQTBzOVINCndSZU5WYTlmRFJGTFJCaGNJVE9sdjNGQmNXM0U4aDFVczdSRDRXOEdtSmU4emFwSm5Mc0QzOU9TTVJDelpKbmMNCnpXNE9DSDFQWlJaV0txRHRqbE5jYTlBRjhhNjVqVG1sRHhDUUNqbnRMSVdrNU9MTFZrRnQ5L3RTY2MxR0R0Y2kNCjU1b2ZoYU5BWU1QaUg3VjgrMWc2NnBHSFhBb1dLNkFRVkg2N1hDS0puR0I1bmxRK0hzTVlQVi9PNDlMZDkxWk4NCi8ydEhrY2FMTHlOdHl3eFZQUlNzUmg0ODBqanUwZmNDc3Y2aHAvMHlYblRCLy9tV3V0QkdwZFVsSWJ3aUlUYkENCm1yc2JZbmppZ1J2blBxWDFSTkpVYmk5RnA2QzJjL0hJRkpHRHl3SURBUUFCQW9JQkFFUlY3WDVBdnhBOHVSaUsNCms4U0lwc0QwZFgxcEpPTUl3YWtVVnl2YzRFZk4wRGhLUk5iNHJZb1NpRUdUTHl6THB5QmMvQTI4RGxrbTVlT1kNCmZqelhmWWtHdFlpL0Z0eGtnM085dmNyTVE0KzZpK3VHSGFJTDJyTCtzNE1yZk84djF4djYrV2t5MzNFRUdDb3UNClFpd1ZHUkZRWG5Sb1E2Mk5CQ0ZiVU5MaG1Yd2RqMWFrWnpMVTRwNVI0ekEzUWhkeHdFSWF0Vkx0MCs3b3dMUTMNCmxQOHNmWGhwcFBPWGpUcU1ENFFrWXd6UEFhOC96RjdhY240a3J5clVQN1E2UEFmZDB6RVZxTnk5WkNaOWZmaG8NCnpYZWRGajQ4NklGb2M1Z25UcDJONmpzblZqNExDR0lobFZIbFlHb3pLS0ZxSmNRVkdzSENxcTFvejJ6alc2TFMNCm9SWUlIZ0VDZ1lFQTh6WnJrQ3dOWVNYSnVPREozbS9oT0xWeGN4Z0p1d1hvaUVyV2QwRTQydlBhbmpqVk1obnQNCktZNWw4cUdNSjZGaEs5TFl4MnFDcmYvRTBYdFVBWjJ3VnEzT1JUeUduc01XcmU5dExZczU1WCtaTjEwVGM3NXoNCjRoYWNiVTBocUtOMUhpRG1zTVJZMy8yTmFaSG95N01LbndKSkJhRzQ4bDlDQ1RsVndNSG9jSUVDZ1lFQThqYnkNCmRHanhUSCs2WEhXTml6YjVTUmJaeEFueUVlSmVSd1RNaDBnR3p3R1BwSC9zWllHenl1MFN5U1hXQ25aaDNSZ3ENCjV1TGxOeHRyWHJsalpseWkyblFkUWdzcTJZcldVczAremdVKzIydVFzWnBTQWZ0bWhWcnR2ZXQ2TWpWamJCeVkNCkRBRGNpRVZVZEpZSVhrK3FuRlVKeWVyb0xJa1RqN1dZS1o2Umprc0NnWUJvQ0ZJd1JEZWc0Mm9LODlSRm1uT3INCkx5bU5BcTQrMm9NaHNXbFZiNGVqV0lXZUFrOW5jK0dYVWZyWHN6UmhTMDFtVW5VNXI1eWdVdlJjYXJWL1QzVTcNClRuTVorSTdZNERnV1JJRGQ1MXpuaHhJQnRZVjVqL0MvdDg1SGpxT2tIKzhiNlJUa2JjaGFYM21hdTdmcFVmZHMNCkZxMG5oSXE0MmZoRU84c3JmWVl3Z1FLQmdRQ3loaTFOLzh0YVJ3cGsrMy9JREV6UXdqYmZkelVrV1dTRGs5WHMNCkgvcGt1UkhXZlRNUDNmbFdxRVlnVy9MVzQwcGVXMkhEcTVpbWRWOCtBZ1p4ZS9YTWJhamk5TGd3ZjFSWTAwNW4NCkt4YVpRejd5cUh1cFdsTEdGNjhEUEh4a1pWVlNhZ0RuVi9zenRXWDZTRnNDcUZWbnhJWGlmWEdDNGNXNU5tOWcNCnZhOHE0UUtCZ1FDRWhMVmVVZmR3S3ZrWjk0Zy9HRno3MzFaMmhyZFZoZ01aYVUvdTZ0MFY5NStZZXpQTkNRWkINCndtRTlNbWxicTFlbURlUk9pdmpDZm9HaFIza1pYVzFwVEtsTGg2Wk1VUVVPcHB0ZFh2YThYeGZvcVF3YTNlbkENCk03bXVCYkYwWE43Vk84MGlKUHYrUG1JWmRFSUFrcHdLZmkyMDFZQitCYWZDSXVHeElGNTBWZz09DQotLS0tLUVORCBSU0EgUFJJVkFURSBLRVktLS0tLQ0KDQo8L2tleT4NCg0K
public-vpn-253,219.100.37.207,2571895,9,1613682040,Japan,JP,166,1076234261,14557076,762834958937708,2weeks,Daiyuu Nobori_ Japan. Academic Use Only.,,IyMjIyMjIyMjIyMjIyMjIyMjIyMjIyMjIyMjIyMjIyMjIyMjIyMjIyMjIyMjIyMjIyMjIyMjIyMjIyMjIyMjIyMjIyMjIyMjIyMjIyMjIw0KIyBPcGVuVlBOIDIuMCBTYW1wbGUgQ29uZmlndXJhdGlvbiBGaWxlDQojIGZvciBQYWNrZXRpWCBWUE4gLyBTb2Z0RXRoZXIgVlBOIFNlcnZlcg0KIyANCiMgISEhIEFVVE8tR0VORVJBVEVEIEJZIFNPRlRFVEhFUiBWUE4gU0VSVkVSIE1BTkFHRU1FTlQgVE9PTCAhISENCiMgDQojICEhISBZT1UgSEFWRSBUTyBSRVZJRVcgSVQgQkVGT1JFIFVTRSBBTkQgTU9ESUZZIElUIEFTIE5FQ0VTU0FSWSAhISENCiMgDQojIFRoaXMgY29uZmlndXJhdGlvbiBmaWxlIGlzIGF1dG8tZ2VuZXJhdGVkLiBZb3UgbWlnaHQgdXNlIHRoaXMgY29uZmlnIGZpbGUNCiMgaW4gb3JkZXIgdG8gY29ubmVjdCB0byB0aGUgUGFja2V0aVggVlBOIC8gU29mdEV0aGVyIFZQTiBTZXJ2ZXIuDQojIEhvd2V2ZXIsIGJlZm9yZSB5b3UgdHJ5IGl0LCB5b3Ugc2hvdWxkIHJldmlldyB0aGUgZGVzY3JpcHRpb25zIG9mIHRoZSBmaWxlDQojIHRvIGRldGVybWluZSB0aGUgbmVjZXNzaXR5IHRvIG1vZGlmeSB0byBzdWl0YWJsZSBmb3IgeW91ciByZWFsIGVudmlyb25tZW50Lg0KIyBJZiBuZWNlc3NhcnksIHlvdSBoYXZlIHRvIG1vZGlmeSBhIGxpdHRsZSBhZGVxdWF0ZWx5IG9uIHRoZSBmaWxlLg0KIyBGb3IgZXhhbXBsZSwgdGhlIElQIGFkZHJlc3Mgb3IgdGhlIGhvc3RuYW1lIGFzIGEgZGVzdGluYXRpb24gVlBOIFNlcnZlcg0KIyBzaG91bGQgYmUgY29uZmlybWVkLg0KIyANCiMgTm90ZSB0aGF0IHRvIHVzZSBPcGVuVlBOIDIuMCwgeW91IGhhdmUgdG8gcHV0IHRoZSBjZXJ0aWZpY2F0aW9uIGZpbGUgb2YNCiMgdGhlIGRlc3RpbmF0aW9uIFZQTiBTZXJ2ZXIgb24gdGhlIE9wZW5WUE4gQ2xpZW50IGNvbXB1dGVyIHdoZW4geW91IHVzZSB0aGlzDQojIGNvbmZpZyBmaWxlLiBQbGVhc2UgcmVmZXIgdGhlIGJlbG93IGRlc2NyaXB0aW9ucyBjYXJlZnVsbHkuDQoNCg0KIyMjIyMjIyMjIyMjIyMjIyMjIyMjIyMjIyMjIyMjIyMjIyMjIyMjIyMjIyMjIyMjIyMjIyMjIyMjIyMjIyMjIyMjIyMjIyMjIyMjIyMjIw0KIyBTcGVjaWZ5IHRoZSB0eXBlIG9mIHRoZSBsYXllciBvZiB0aGUgVlBOIGNvbm5lY3Rpb24uDQojIA0KIyBUbyBjb25uZWN0IHRvIHRoZSBWUE4gU2VydmVyIGFzIGEgIlJlbW90ZS1BY2Nlc3MgVlBOIENsaWVudCBQQyIsDQojICBzcGVjaWZ5ICdkZXYgdHVuJy4gKExheWVyLTMgSVAgUm91dGluZyBNb2RlKQ0KIw0KIyBUbyBjb25uZWN0IHRvIHRoZSBWUE4gU2VydmVyIGFzIGEgYnJpZGdpbmcgZXF1aXBtZW50IG9mICJTaXRlLXRvLVNpdGUgVlBOIiwNCiMgIHNwZWNpZnkgJ2RldiB0YXAnLiAoTGF5ZXItMiBFdGhlcm5ldCBCcmlkZ2luZSBNb2RlKQ0KDQpkZXYgdHVuDQoNCg0KIyMjIyMjIyMjIyMjIyMjIyMjIyMjIyMjIyMjIyMjIyMjIyMjIyMjIyMjIyMjIyMjIyMjIyMjIyMjIyMjIyMjIyMjIyMjIyMjIyMjIyMjIw0KIyBTcGVjaWZ5IHRoZSB1bmRlcmx5aW5nIHByb3RvY29sIGJleW9uZCB0aGUgSW50ZXJuZXQuDQojIE5vdGUgdGhhdCB0aGlzIHNldHRpbmcgbXVzdCBiZSBjb3JyZXNwb25kIHdpdGggdGhlIGxpc3RlbmluZyBzZXR0aW5nIG9uDQojIHRoZSBWUE4gU2VydmVyLg0KIyANCiMgU3BlY2lmeSBlaXRoZXIgJ3Byb3RvIHRjcCcgb3IgJ3Byb3RvIHVkcCcuDQoNCnByb3RvIHRjcA0KDQoNCiMjIyMjIyMjIyMjIyMjIyMjIyMjIyMjIyMjIyMjIyMjIyMjIyMjIyMjIyMjIyMjIyMjIyMjIyMjIyMjIyMjIyMjIyMjIyMjIyMjIyMjIyMNCiMgVGhlIGRlc3RpbmF0aW9uIGhvc3RuYW1lIC8gSVAgYWRkcmVzcywgYW5kIHBvcnQgbnVtYmVyIG9mDQojIHRoZSB0YXJnZXQgVlBOIFNlcnZlci4NCiMgDQojIFlvdSBoYXZlIHRvIHNwZWNpZnkgYXMgJ3JlbW90ZSA8SE9TVE5BTUU+IDxQT1JUPicuIFlvdSBjYW4gYWxzbw0KIyBzcGVjaWZ5IHRoZSBJUCBhZGRyZXNzIGluc3RlYWQgb2YgdGhlIGhvc3RuYW1lLg0KIyANCiMgTm90ZSB0aGF0IHRoZSBhdXRvLWdlbmVyYXRlZCBiZWxvdyBob3N0bmFtZSBhcmUgYSAiYXV0by1kZXRlY3RlZA0KIyBJUCBhZGRyZXNzIiBvZiB0aGUgVlBOIFNlcnZlci4gWW91IGhhdmUgdG8gY29uZmlybSB0aGUgY29ycmVjdG5lc3MNCiMgYmVmb3JlaGFuZC4NCiMgDQojIFdoZW4geW91IHdhbnQgdG8gY29ubmVjdCB0byB0aGUgVlBOIFNlcnZlciBieSB1c2luZyBUQ1AgcHJvdG9jb2wsDQojIHRoZSBwb3J0IG51bWJlciBvZiB0aGUgZGVzdGluYXRpb24gVENQIHBvcnQgc2hvdWxkIGJlIHNhbWUgYXMgb25lIG9mDQojIHRoZSBhdmFpbGFibGUgVENQIGxpc3RlbmVycyBvbiB0aGUgVlBOIFNlcnZlci4NCiMgDQojIFdoZW4geW91IHVzZSBVRFAgcHJvdG9jb2wsIHRoZSBwb3J0IG51bWJlciBtdXN0IHNhbWUgYXMgdGhlIGNvbmZpZ3VyYXRpb24NCiMgc2V0dGluZyBvZiAiT3BlblZQTiBTZXJ2ZXIgQ29tcGF0aWJsZSBGdW5jdGlvbiIgb24gdGhlIFZQTiBTZXJ2ZXIuDQoNCnJlbW90ZSAyMTkuMTAwLjM3LjIwNyA0NDMNCg0KDQojIyMjIyMjIyMjIyMjIyMjIyMjIyMjIyMjIyMjIyMjIyMjIyMjIyMjIyMjIyMjIyMjIyMjIyMjIyMjIyMjIyMjIyMjIyMjIyMjIyMjIyMjDQojIFRoZSBIVFRQL0hUVFBTIHByb3h5IHNldHRpbmcuDQojIA0KIyBPbmx5IGlmIHlvdSBoYXZlIHRvIHVzZSB0aGUgSW50ZXJuZXQgdmlhIGEgcHJveHksIHVuY29tbWVudCB0aGUgYmVsb3cNCiMgdHdvIGxpbmVzIGFuZCBzcGVjaWZ5IHRoZSBwcm94eSBhZGRyZXNzIGFuZCB0aGUgcG9ydCBudW1iZXIuDQojIEluIHRoZSBjYXNlIG9mIHVzaW5nIHByb3h5LWF1dGhlbnRpY2F0aW9uLCByZWZlciB0aGUgT3BlblZQTiBtYW51YWwuDQoNCjtodHRwLXByb3h5LXJldHJ5DQo7aHR0cC1wcm94eSBbcHJveHkgc2VydmVyXSBbcHJveHkgcG9ydF0NCg0KDQojIyMjIyMjIyMjIyMjIyMjIyMjIyMjIyMjIyMjIyMjIyMjIyMjIyMjIyMjIyMjIyMjIyMjIyMjIyMjIyMjIyMjIyMjIyMjIyMjIyMjIyMjDQojIFRoZSBlbmNyeXB0aW9uIGFuZCBhdXRoZW50aWNhdGlvbiBhbGdvcml0aG0uDQojIA0KIyBEZWZhdWx0IHNldHRpbmcgaXMgZ29vZC4gTW9kaWZ5IGl0IGFzIHlvdSBwcmVmZXIuDQojIFdoZW4geW91IHNwZWNpZnkgYW4gdW5zdXBwb3J0ZWQgYWxnb3JpdGhtLCB0aGUgZXJyb3Igd2lsbCBvY2N1ci4NCiMgDQojIFRoZSBzdXBwb3J0ZWQgYWxnb3JpdGhtcyBhcmUgYXMgZm9sbG93czoNCiMgIGNpcGhlcjogW05VTEwtQ0lQSEVSXSBOVUxMIEFFUy0xMjgtQ0JDIEFFUy0xOTItQ0JDIEFFUy0yNTYtQ0JDIEJGLUNCQw0KIyAgICAgICAgICBDQVNULUNCQyBDQVNUNS1DQkMgREVTLUNCQyBERVMtRURFLUNCQyBERVMtRURFMy1DQkMgREVTWC1DQkMNCiMgICAgICAgICAgUkMyLTQwLUNCQyBSQzItNjQtQ0JDIFJDMi1DQkMNCiMgIGF1dGg6ICAgU0hBIFNIQTEgTUQ1IE1ENCBSTUQxNjANCg0KY2lwaGVyIEFFUy0xMjgtQ0JDDQphdXRoIFNIQTENCg0KDQojIyMjIyMjIyMjIyMjIyMjIyMjIyMjIyMjIyMjIyMjIyMjIyMjIyMjIyMjIyMjIyMjIyMjIyMjIyMjIyMjIyMjIyMjIyMjIyMjIyMjIyMjDQojIE90aGVyIHBhcmFtZXRlcnMgbmVjZXNzYXJ5IHRvIGNvbm5lY3QgdG8gdGhlIFZQTiBTZXJ2ZXIuDQojIA0KIyBJdCBpcyBub3QgcmVjb21tZW5kZWQgdG8gbW9kaWZ5IGl0IHVubGVzcyB5b3UgaGF2ZSBhIHBhcnRpY3VsYXIgbmVlZC4NCg0KcmVzb2x2LXJldHJ5IGluZmluaXRlDQpub2JpbmQNCnBlcnNpc3Qta2V5DQpwZXJzaXN0LXR1bg0KY2xpZW50DQp2ZXJiIDMNCiNhdXRoLXVzZXItcGFzcw0KDQoNCiMjIyMjIyMjIyMjIyMjIyMjIyMjIyMjIyMjIyMjIyMjIyMjIyMjIyMjIyMjIyMjIyMjIyMjIyMjIyMjIyMjIyMjIyMjIyMjIyMjIyMjIyMNCiMgVGhlIGNlcnRpZmljYXRlIGZpbGUgb2YgdGhlIGRlc3RpbmF0aW9uIFZQTiBTZXJ2ZXIuDQojIA0KIyBUaGUgQ0EgY2VydGlmaWNhdGUgZmlsZSBpcyBlbWJlZGRlZCBpbiB0aGUgaW5saW5lIGZvcm1hdC4NCiMgWW91IGNhbiByZXBsYWNlIHRoaXMgQ0EgY29udGVudHMgaWYgbmVjZXNzYXJ5Lg0KIyBQbGVhc2Ugbm90ZSB0aGF0IGlmIHRoZSBzZXJ2ZXIgY2VydGlmaWNhdGUgaXMgbm90IGEgc2VsZi1zaWduZWQsIHlvdSBoYXZlIHRvDQojIHNwZWNpZnkgdGhlIHNpZ25lcidzIHJvb3QgY2VydGlmaWNhdGUgKENBKSBoZXJlLg0KDQo8Y2E+DQotLS0tLUJFR0lOIENFUlRJRklDQVRFLS0tLS0NCk1JSUZhekNDQTFPZ0F3SUJBZ0lSQUlJUXo3RFNRT05aUkdQZ3UyT0Npd0F3RFFZSktvWklodmNOQVFFTEJRQXcNClR6RUxNQWtHQTFVRUJoTUNWVk14S1RBbkJnTlZCQW9USUVsdWRHVnlibVYwSUZObFkzVnlhWFI1SUZKbGMyVmgNCmNtTm9JRWR5YjNWd01SVXdFd1lEVlFRREV3eEpVMUpISUZKdmIzUWdXREV3SGhjTk1UVXdOakEwTVRFd05ETTQNCldoY05NelV3TmpBME1URXdORE00V2pCUE1Rc3dDUVlEVlFRR0V3SlZVekVwTUNjR0ExVUVDaE1nU1c1MFpYSnUNClpYUWdVMlZqZFhKcGRIa2dVbVZ6WldGeVkyZ2dSM0p2ZFhBeEZUQVRCZ05WQkFNVERFbFRVa2NnVW05dmRDQlkNCk1UQ0NBaUl3RFFZSktvWklodmNOQVFFQkJRQURnZ0lQQURDQ0Fnb0NnZ0lCQUszb0pIUDBGRGZ6bTU0clZ5Z2MNCmg3N2N0OTg0a0l4dVBPWlhvSGozZGNLaS92VnFidllBVHlqYjNtaUdiRVNUdHJGai9SUVNhNzhmMHVveG15RisNCjBUTTh1a2oxM1huZnM3ai9FdkVobWt2QmlvWnhhVXBtWm15UGZqeHd2NjBwSWdiejVNRG1nSzdpUzQrM21YNlUNCkE1L1RSNWQ4bVVnalUrZzRyazhLYjRNdTBVbFhqSUIwdHRvdjBEaU5ld053SVJ0MThqQTgrbyt1M2RwanErc1cNClQ4S09FVXQrend2by83VjNMdlN5ZTByZ1RCSWxESENOQXltZzRWTWs3QlBaN2htL0VMTktqRCtKbzJGUjNxeUgNCkI1VDBZM0hzTHVKdlc1aUI0WWxjTkhsc2R1ODdrR0o1NXR1a21pOG14ZEFRNFE3ZTJSQ09GdnUzOTZqM3grVUMNCkI1aVBOZ2lWNStJM2xnMDJkWjc3RG5LeEhadThBL2xKQmRpQjNRVzBLdFpCNmF3QmRwVUtEOWpmMWIwU0h6VXYNCktCZHMwcGpCcUFsa2QyNUhON3JPckZsZWFKMS9jdGFKeFFaQktUNVpQdDBtOVNUSkVhZGFvMHhBSDBhaG1iV24NCk9sRnVoanVlZlhLbkVnVjRXZTArVVhnVkN3T1BqZEF2QmJJK2Uwb2NTM01GRXZ6RzZ1QlFFM3hEazNTenluVG4NCmpoOEJDTkF3MUZ0eE5yUUh1c0V3TUZ4SXQ0STdtS1o5WUlxaW95bUN6THE5Z3dRYm9vTURRYUhXQmZFYndyYncNCnFIeUdPMGFvU0NxSTNIYWFkcjhmYXFVOUdZL3JPUE5rM3NnckRRb28vL2ZiNGhWQzFDTFFKMTNoZWY0WTUzQ0kNCnJVN20yWXM2eHQwblVXNy92R1QxTTBOUEFnTUJBQUdqUWpCQU1BNEdBMVVkRHdFQi93UUVBd0lCQmpBUEJnTlYNCkhSTUJBZjhFQlRBREFRSC9NQjBHQTFVZERnUVdCQlI1dEZubWU3Ymw1QUZ6Z0FpSXlCcFk5dW1iYmpBTkJna3ENCmhraUc5dzBCQVFzRkFBT0NBZ0VBVlI5WXFieXlxRkRRRExIWUdta2dKeWtJckdGMVhJcHUrSUxsYVMvVjlsWkwNCnViaHpFRm5USVpkKzUweHgrN0xTWUswNXFBdnFGeUZXaGZGUURsbnJ6dUJaNmJySkZlK0duWStFZ1BiazZaR1ENCjNCZWJZaHRGOEdhVjBueHZ3dW83N3gvUHk5YXVKL0dwc01pdS9YMSttdm9pQk92LzJYL3FrU3Npc1JjT2ovS0sNCk5GdFkyUHdCeVZTNXVDYk1pb2d6aVV3dGhEeUMzKzZXVndXNkxMdjN4TGZIVGp1Q3ZqSElJbk56a3RIQ2dLUTUNCk9SQXpJNEpNUEorR3NsV1lIYjRwaG93aW01N2lhenRYT29Kd1Rkd0p4NG5MQ2dkTmJPaGRqc252enF2SHU3VXINClRrWFdTdEFtek9WeXlnaHFwWlhqRmFIM3BPM0pMRitsKy8rc0tBSXV2dGQ3dStOeGU1QVcwd2RlUmxOOE53ZEMNCmpOUEVscHpWbWJVcTRKVWFnRWl1VERrSHpzeEhwRktWSzdxNCs2M1NNMU45NVIxTmJkV2hzY2RDYitaQUp6VmMNCm95aTNCNDNualRPUTV5T2YrMUNjZVd4RzFiUVZzNVp1ZnBzTWxqcTRVaTAvMWx2aCt3akNoUDRrcUtPSjJxeHENCjRSZ3FzYWhEWVZ2VEg5dzdqWGJ5TGVpTmRkOFhNMnc5VS90N3kwRmYvOXlpMEdFNDRaYTRyRjJMTjlkMTFUUEENCm1SR3VuVUhCY25XRXZnSkJRbDluSkVpVTBac252Z2MvdWJoUGdYUlI0WHEzN1owajRyN2cxU2dFRXp3eEE1N2QNCmVteVB4Z2NZeG4vZVI0NC9LSjRFQnMrbFZEUjN2ZXlKbStrWFE5OWIyMS8ramg1WG9zMUFuWDVpSXRyZUdDYz0NCi0tLS0tRU5EIENFUlRJRklDQVRFLS0tLS0NCg0KPC9jYT4NCg0KDQojIyMjIyMjIyMjIyMjIyMjIyMjIyMjIyMjIyMjIyMjIyMjIyMjIyMjIyMjIyMjIyMjIyMjIyMjIyMjIyMjIyMjIyMjIyMjIyMjIyMjIyMjDQojIFRoZSBjbGllbnQgY2VydGlmaWNhdGUgZmlsZSAoZHVtbXkpLg0KIyANCiMgSW4gc29tZSBpbXBsZW1lbnRhdGlvbnMgb2YgT3BlblZQTiBDbGllbnQgc29mdHdhcmUNCiMgKGZvciBleGFtcGxlOiBPcGVuVlBOIENsaWVudCBmb3IgaU9TKSwNCiMgYSBwYWlyIG9mIGNsaWVudCBjZXJ0aWZpY2F0ZSBhbmQgcHJpdmF0ZSBrZXkgbXVzdCBiZSBpbmNsdWRlZCBvbiB0aGUNCiMgY29uZmlndXJhdGlvbiBmaWxlIGR1ZSB0byB0aGUgbGltaXRhdGlvbiBvZiB0aGUgY2xpZW50Lg0KIyBTbyB0aGlzIHNhbXBsZSBjb25maWd1cmF0aW9uIGZpbGUgaGFzIGEgZHVtbXkgcGFpciBvZiBjbGllbnQgY2VydGlmaWNhdGUNCiMgYW5kIHByaXZhdGUga2V5IGFzIGZvbGxvd3MuDQoNCjxjZXJ0Pg0KLS0tLS1CRUdJTiBDRVJUSUZJQ0FURS0tLS0tDQpNSUlDeGpDQ0FhNENBUUF3RFFZSktvWklodmNOQVFFRkJRQXdLVEVhTUJnR0ExVUVBeE1SVmxCT1IyRjBaVU5zDQphV1Z1ZEVObGNuUXhDekFKQmdOVkJBWVRBa3BRTUI0WERURXpNREl4TVRBek5EazBPVm9YRFRNM01ERXhPVEF6DQpNVFF3TjFvd0tURWFNQmdHQTFVRUF4TVJWbEJPUjJGMFpVTnNhV1Z1ZEVObGNuUXhDekFKQmdOVkJBWVRBa3BRDQpNSUlCSWpBTkJna3Foa2lHOXcwQkFRRUZBQU9DQVE4QU1JSUJDZ0tDQVFFQTVoMmxnUVFZVWp3b0tZSmJ6VlpBDQo1VmNJR2Q1b3RQYy9xWlJNdDBLSXRDRkEwczlSd1JlTlZhOWZEUkZMUkJoY0lUT2x2M0ZCY1czRThoMVVzN1JEDQo0VzhHbUplOHphcEpuTHNEMzlPU01SQ3paSm5jelc0T0NIMVBaUlpXS3FEdGpsTmNhOUFGOGE2NWpUbWxEeENRDQpDam50TElXazVPTExWa0Z0OS90U2NjMUdEdGNpNTVvZmhhTkFZTVBpSDdWOCsxZzY2cEdIWEFvV0s2QVFWSDY3DQpYQ0tKbkdCNW5sUStIc01ZUFYvTzQ5TGQ5MVpOLzJ0SGtjYUxMeU50eXd4VlBSU3NSaDQ4MGpqdTBmY0NzdjZoDQpwLzB5WG5UQi8vbVd1dEJHcGRVbElid2lJVGJBbXJzYlluamlnUnZuUHFYMVJOSlViaTlGcDZDMmMvSElGSkdEDQp5d0lEQVFBQk1BMEdDU3FHU0liM0RRRUJCUVVBQTRJQkFRQ2hPNWhnY3cvNG9XZm9FRkx1OWtCYTFCLy9reEg4DQpoUWtDaFZObjhCUkM3WTBVUlFpdFBsM0RLRWVkOVVSQkRkZzJLT0F6NzdiYjZFTlBpbGlEK2EzOFVKSElSTXFlDQpVQkhobGxPSEl6dkRoSEZiYW92QUxCUWNlZUJ6ZGtReHNLUUVTS21RbVI4MzI5NTBVQ292b3lSQjYxVXlBVjdoDQorbVpoWVBHUktYS1NKSTZzMEVnZy9DcmkrQ3drNGJqSmZyYjVoVnNlMTF5aDREOU1IaHdTZkNPSCswejRoUFVUDQpGa3U3ZEdhdlVSTzVTVnhNbi9zTDZFbjVEK29TZVhrYWRIcERzK0FpcnltMllIaDE1aDAralBTT29SNnlpVnAvDQo2elplWmtyTjQza3VTNzNLcEtERmpmRlBoOHQ0cjFnT0lqdHRrTmNRcUJjY3VzbnBsUTdISnBzaw0KLS0tLS1FTkQgQ0VSVElGSUNBVEUtLS0tLQ0KDQo8L2NlcnQ+DQoNCjxrZXk+DQotLS0tLUJFR0lOIFJTQSBQUklWQVRFIEtFWS0tLS0tDQpNSUlFcEFJQkFBS0NBUUVBNWgybGdRUVlVandvS1lKYnpWWkE1VmNJR2Q1b3RQYy9xWlJNdDBLSXRDRkEwczlSDQp3UmVOVmE5ZkRSRkxSQmhjSVRPbHYzRkJjVzNFOGgxVXM3UkQ0VzhHbUplOHphcEpuTHNEMzlPU01SQ3paSm5jDQp6VzRPQ0gxUFpSWldLcUR0amxOY2E5QUY4YTY1alRtbER4Q1FDam50TElXazVPTExWa0Z0OS90U2NjMUdEdGNpDQo1NW9maGFOQVlNUGlIN1Y4KzFnNjZwR0hYQW9XSzZBUVZINjdYQ0tKbkdCNW5sUStIc01ZUFYvTzQ5TGQ5MVpODQovMnRIa2NhTEx5TnR5d3hWUFJTc1JoNDgwamp1MGZjQ3N2NmhwLzB5WG5UQi8vbVd1dEJHcGRVbElid2lJVGJBDQptcnNiWW5qaWdSdm5QcVgxUk5KVWJpOUZwNkMyYy9ISUZKR0R5d0lEQVFBQkFvSUJBRVJWN1g1QXZ4QTh1UmlLDQprOFNJcHNEMGRYMXBKT01Jd2FrVVZ5dmM0RWZOMERoS1JOYjRyWW9TaUVHVEx5ekxweUJjL0EyOERsa201ZU9ZDQpmanpYZllrR3RZaS9GdHhrZzNPOXZjck1RNCs2aSt1R0hhSUwyckwrczRNcmZPOHYxeHY2K1dreTMzRUVHQ291DQpRaXdWR1JGUVhuUm9RNjJOQkNGYlVOTGhtWHdkajFha1p6TFU0cDVSNHpBM1FoZHh3RUlhdFZMdDArN293TFEzDQpsUDhzZlhocHBQT1hqVHFNRDRRa1l3elBBYTgvekY3YWNuNGtyeXJVUDdRNlBBZmQwekVWcU55OVpDWjlmZmhvDQp6WGVkRmo0ODZJRm9jNWduVHAyTjZqc25WajRMQ0dJaGxWSGxZR296S0tGcUpjUVZHc0hDcXExb3oyempXNkxTDQpvUllJSGdFQ2dZRUE4elpya0N3TllTWEp1T0RKM20vaE9MVnhjeGdKdXdYb2lFcldkMEU0MnZQYW5qalZNaG50DQpLWTVsOHFHTUo2RmhLOUxZeDJxQ3JmL0UwWHRVQVoyd1ZxM09SVHlHbnNNV3JlOXRMWXM1NVgrWk4xMFRjNzV6DQo0aGFjYlUwaHFLTjFIaURtc01SWTMvMk5hWkhveTdNS253SkpCYUc0OGw5Q0NUbFZ3TUhvY0lFQ2dZRUE4amJ5DQpkR2p4VEgrNlhIV05pemI1U1JiWnhBbnlFZUplUndUTWgwZ0d6d0dQcEgvc1pZR3p5dTBTeVNYV0NuWmgzUmdxDQo1dUxsTnh0clhybGpabHlpMm5RZFFnc3EyWXJXVXMwK3pnVSsyMnVRc1pwU0FmdG1oVnJ0dmV0Nk1qVmpiQnlZDQpEQURjaUVWVWRKWUlYaytxbkZVSnllcm9MSWtUajdXWUtaNlJqa3NDZ1lCb0NGSXdSRGVnNDJvSzg5UkZtbk9yDQpMeW1OQXE0KzJvTWhzV2xWYjRlaldJV2VBazluYytHWFVmclhzelJoUzAxbVVuVTVyNXlnVXZSY2FyVi9UM1U3DQpUbk1aK0k3WTREZ1dSSURkNTF6bmh4SUJ0WVY1ai9DL3Q4NUhqcU9rSCs4YjZSVGtiY2hhWDNtYXU3ZnBVZmRzDQpGcTBuaElxNDJmaEVPOHNyZllZd2dRS0JnUUN5aGkxTi84dGFSd3BrKzMvSURFelF3amJmZHpVa1dXU0RrOVhzDQpIL3BrdVJIV2ZUTVAzZmxXcUVZZ1cvTFc0MHBlVzJIRHE1aW1kVjgrQWdaeGUvWE1iYWppOUxnd2YxUlkwMDVuDQpLeGFaUXo3eXFIdXBXbExHRjY4RFBIeGtaVlZTYWdEblYvc3p0V1g2U0ZzQ3FGVm54SVhpZlhHQzRjVzVObTlnDQp2YThxNFFLQmdRQ0VoTFZlVWZkd0t2a1o5NGcvR0Z6NzMxWjJocmRWaGdNWmFVL3U2dDBWOTUrWWV6UE5DUVpCDQp3bUU5TW1sYnExZW1EZVJPaXZqQ2ZvR2hSM2taWFcxcFRLbExoNlpNVVFVT3BwdGRYdmE4WHhmb3FRd2EzZW5BDQpNN211QmJGMFhON1ZPODBpSlB2K1BtSVpkRUlBa3B3S2ZpMjAxWUIrQmFmQ0l1R3hJRjUwVmc9PQ0KLS0tLS1FTkQgUlNBIFBSSVZBVEUgS0VZLS0tLS0NCg0KPC9rZXk+DQoNCg==
public-vpn-53,219.100.37.225,2433276,18,2126382448,Japan,JP,30,1076199442,4217074,9381863590930,2weeks,Daiyuu Nobori_ Japan. Academic Use Only.,,IyMjIyMjIyMjIyMjIyMjIyMjIyMjIyMjIyMjIyMjIyMjIyMjIyMjIyMjIyMjIyMjIyMjIyMjIyMjIyMjIyMjIyMjIyMjIyMjIyMjIyMjIw0KIyBPcGVuVlBOIDIuMCBTYW1wbGUgQ29uZmlndXJhdGlvbiBGaWxlDQojIGZvciBQYWNrZXRpWCBWUE4gLyBTb2Z0RXRoZXIgVlBOIFNlcnZlcg0KIyANCiMgISEhIEFVVE8tR0VORVJBVEVEIEJZIFNPRlRFVEhFUiBWUE4gU0VSVkVSIE1BTkFHRU1FTlQgVE9PTCAhISENCiMgDQojICEhISBZT1UgSEFWRSBUTyBSRVZJRVcgSVQgQkVGT1JFIFVTRSBBTkQgTU9ESUZZIElUIEFTIE5FQ0VTU0FSWSAhISENCiMgDQojIFRoaXMgY29uZmlndXJhdGlvbiBmaWxlIGlzIGF1dG8tZ2VuZXJhdGVkLiBZb3UgbWlnaHQgdXNlIHRoaXMgY29uZmlnIGZpbGUNCiMgaW4gb3JkZXIgdG8gY29ubmVjdCB0byB0aGUgUGFja2V0aVggVlBOIC8gU29mdEV0aGVyIFZQTiBTZXJ2ZXIuDQojIEhvd2V2ZXIsIGJlZm9yZSB5b3UgdHJ5IGl0LCB5b3Ugc2hvdWxkIHJldmlldyB0aGUgZGVzY3JpcHRpb25zIG9mIHRoZSBmaWxlDQojIHRvIGRldGVybWluZSB0aGUgbmVjZXNzaXR5IHRvIG1vZGlmeSB0byBzdWl0YWJsZSBmb3IgeW91ciByZWFsIGVudmlyb25tZW50Lg0KIyBJZiBuZWNlc3NhcnksIHlvdSBoYXZlIHRvIG1vZGlmeSBhIGxpdHRsZSBhZGVxdWF0ZWx5IG9uIHRoZSBmaWxlLg0KIyBGb3IgZXhhbXBsZSwgdGhlIElQIGFkZHJlc3Mgb3IgdGhlIGhvc3RuYW1lIGFzIGEgZGVzdGluYXRpb24gVlBOIFNlcnZlcg0KIyBzaG91bGQgYmUgY29uZmlybWVkLg0KIyANCiMgTm90ZSB0aGF0IHRvIHVzZSBPcGVuVlBOIDIuMCwgeW91IGhhdmUgdG8gcHV0IHRoZSBjZXJ0aWZpY2F0aW9uIGZpbGUgb2YNCiMgdGhlIGRlc3RpbmF0aW9uIFZQTiBTZXJ2ZXIgb24gdGhlIE9wZW5WUE4gQ2xpZW50IGNvbXB1dGVyIHdoZW4geW91IHVzZSB0aGlzDQojIGNvbmZpZyBmaWxlLiBQbGVhc2UgcmVmZXIgdGhlIGJlbG93IGRlc2NyaXB0aW9ucyBjYXJlZnVsbHkuDQoNCg0KIyMjIyMjIyMjIyMjIyMjIyMjIyMjIyMjIyMjIyMjIyMjIyMjIyMjIyMjIyMjIyMjIyMjIyMjIyMjIyMjIyMjIyMjIyMjIyMjIyMjIyMjIw0KIyBTcGVjaWZ5IHRoZSB0eXBlIG9mIHRoZSBsYXllciBvZiB0aGUgVlBOIGNvbm5lY3Rpb24uDQojIA0KIyBUbyBjb25uZWN0IHRvIHRoZSBWUE4gU2VydmVyIGFzIGEgIlJlbW90ZS1BY2Nlc3MgVlBOIENsaWVudCBQQyIsDQojICBzcGVjaWZ5ICdkZXYgdHVuJy4gKExheWVyLTMgSVAgUm91dGluZyBNb2RlKQ0KIw0KIyBUbyBjb25uZWN0IHRvIHRoZSBWUE4gU2VydmVyIGFzIGEgYnJpZGdpbmcgZXF1aXBtZW50IG9mICJTaXRlLXRvLVNpdGUgVlBOIiwNCiMgIHNwZWNpZnkgJ2RldiB0YXAnLiAoTGF5ZXItMiBFdGhlcm5ldCBCcmlkZ2luZSBNb2RlKQ0KDQpkZXYgdHVuDQoNCg0KIyMjIyMjIyMjIyMjIyMjIyMjIyMjIyMjIyMjIyMjIyMjIyMjIyMjIyMjIyMjIyMjIyMjIyMjIyMjIyMjIyMjIyMjIyMjIyMjIyMjIyMjIw0KIyBTcGVjaWZ5IHRoZSB1bmRlcmx5aW5nIHByb3RvY29sIGJleW9uZCB0aGUgSW50ZXJuZXQuDQojIE5vdGUgdGhhdCB0aGlzIHNldHRpbmcgbXVzdCBiZSBjb3JyZXNwb25kIHdpdGggdGhlIGxpc3RlbmluZyBzZXR0aW5nIG9uDQojIHRoZSBWUE4gU2VydmVyLg0KIyANCiMgU3BlY2lmeSBlaXRoZXIgJ3Byb3RvIHRjcCcgb3IgJ3Byb3RvIHVkcCcuDQoNCnByb3RvIHRjcA0KDQoNCiMjIyMjIyMjIyMjIyMjIyMjIyMjIyMjIyMjIyMjIyMjIyMjIyMjIyMjIyMjIyMjIyMjIyMjIyMjIyMjIyMjIyMjIyMjIyMjIyMjIyMjIyMNCiMgVGhlIGRlc3RpbmF0aW9uIGhvc3RuYW1lIC8gSVAgYWRkcmVzcywgYW5kIHBvcnQgbnVtYmVyIG9mDQojIHRoZSB0YXJnZXQgVlBOIFNlcnZlci4NCiMgDQojIFlvdSBoYXZlIHRvIHNwZWNpZnkgYXMgJ3JlbW90ZSA8SE9TVE5BTUU+IDxQT1JUPicuIFlvdSBjYW4gYWxzbw0KIyBzcGVjaWZ5IHRoZSBJUCBhZGRyZXNzIGluc3RlYWQgb2YgdGhlIGhvc3RuYW1lLg0KIyANCiMgTm90ZSB0aGF0IHRoZSBhdXRvLWdlbmVyYXRlZCBiZWxvdyBob3N0bmFtZSBhcmUgYSAiYXV0by1kZXRlY3RlZA0KIyBJUCBhZGRyZXNzIiBvZiB0aGUgVlBOIFNlcnZlci4gWW91IGhhdmUgdG8gY29uZmlybSB0aGUgY29ycmVjdG5lc3MNCiMgYmVmb3JlaGFuZC4NCiMgDQojIFdoZW4geW91IHdhbnQgdG8gY29ubmVjdCB0byB0aGUgVlBOIFNlcnZlciBieSB1c2luZyBUQ1AgcHJvdG9jb2wsDQojIHRoZSBwb3J0IG51bWJlciBvZiB0aGUgZGVzdGluYXRpb24gVENQIHBvcnQgc2hvdWxkIGJlIHNhbWUgYXMgb25lIG9mDQojIHRoZSBhdmFpbGFibGUgVENQIGxpc3RlbmVycyBvbiB0aGUgVlBOIFNlcnZlci4NCiMgDQojIFdoZW4geW91IHVzZSBVRFAgcHJvdG9jb2wsIHRoZSBwb3J0IG51bWJlciBtdXN0IHNhbWUgYXMgdGhlIGNvbmZpZ3VyYXRpb24NCiMgc2V0dGluZyBvZiAiT3BlblZQTiBTZXJ2ZXIgQ29tcGF0aWJsZSBGdW5jdGlvbiIgb24gdGhlIFZQTiBTZXJ2ZXIuDQoNCnJlbW90ZSAyMTkuMTAwLjM3LjIyNSA0NDMNCg0KDQojIyMjIyMjIyMjIyMjIyMjIyMjIyMjIyMjIyMjIyMjIyMjIyMjIyMjIyMjIyMjIyMjIyMjIyMjIyMjIyMjIyMjIyMjIyMjIyMjIyMjIyMjDQojIFRoZSBIVFRQL0hUVFBTIHByb3h5IHNldHRpbmcuDQojIA0KIyBPbmx5IGlmIHlvdSBoYXZlIHRvIHVzZSB0aGUgSW50ZXJuZXQgdmlhIGEgcHJveHksIHVuY29tbWVudCB0aGUgYmVsb3cNCiMgdHdvIGxpbmVzIGFuZCBzcGVjaWZ5IHRoZSBwcm94eSBhZGRyZXNzIGFuZCB0aGUgcG9ydCBudW1iZXIuDQojIEluIHRoZSBjYXNlIG9mIHVzaW5nIHByb3h5LWF1dGhlbnRpY2F0aW9uLCByZWZlciB0aGUgT3BlblZQTiBtYW51YWwuDQoNCjtodHRwLXByb3h5LXJldHJ5DQo7aHR0cC1wcm94eSBbcHJveHkgc2VydmVyXSBbcHJveHkgcG9ydF0NCg0KDQojIyMjIyMjIyMjIyMjIyMjIyMjIyMjIyMjIyMjIyMjIyMjIyMjIyMjIyMjIyMjIyMjIyMjIyMjIyMjIyMjIyMjIyMjIyMjIyMjIyMjIyMjDQojIFRoZSBlbmNyeXB0aW9uIGFuZCBhdXRoZW50aWNhdGlvbiBhbGdvcml0aG0uDQojIA0KIyBEZWZhdWx0IHNldHRpbmcgaXMgZ29vZC4gTW9kaWZ5IGl0IGFzIHlvdSBwcmVmZXIuDQojIFdoZW4geW91IHNwZWNpZnkgYW4gdW5zdXBwb3J0ZWQgYWxnb3JpdGhtLCB0aGUgZXJyb3Igd2lsbCBvY2N1ci4NCiMgDQojIFRoZSBzdXBwb3J0ZWQgYWxnb3JpdGhtcyBhcmUgYXMgZm9sbG93czoNCiMgIGNpcGhlcjogW05VTEwtQ0lQSEVSXSBOVUxMIEFFUy0xMjgtQ0JDIEFFUy0xOTItQ0JDIEFFUy0yNTYtQ0JDIEJGLUNCQw0KIyAgICAgICAgICBDQVNULUNCQyBDQVNUNS1DQkMgREVTLUNCQyBERVMtRURFLUNCQyBERVMtRURFMy1DQkMgREVTWC1DQkMNCiMgICAgICAgICAgUkMyLTQwLUNCQyBSQzItNjQtQ0JDIFJDMi1DQkMNCiMgIGF1dGg6ICAgU0hBIFNIQTEgTUQ1IE1ENCBSTUQxNjANCg0KY2lwaGVyIEFFUy0xMjgtQ0JDDQphdXRoIFNIQTENCg0KDQojIyMjIyMjIyMjIyMjIyMjIyMjIyMjIyMjIyMjIyMjIyMjIyMjIyMjIyMjIyMjIyMjIyMjIyMjIyMjIyMjIyMjIyMjIyMjIyMjIyMjIyMjDQojIE90aGVyIHBhcmFtZXRlcnMgbmVjZXNzYXJ5IHRvIGNvbm5lY3QgdG8gdGhlIFZQTiBTZXJ2ZXIuDQojIA0KIyBJdCBpcyBub3QgcmVjb21tZW5kZWQgdG8gbW9kaWZ5IGl0IHVubGVzcyB5b3UgaGF2ZSBhIHBhcnRpY3VsYXIgbmVlZC4NCg0KcmVzb2x2LXJldHJ5IGluZmluaXRlDQpub2JpbmQNCnBlcnNpc3Qta2V5DQpwZXJzaXN0LXR1bg0KY2xpZW50DQp2ZXJiIDMNCiNhdXRoLXVzZXItcGFzcw0KDQoNCiMjIyMjIyMjIyMjIyMjIyMjIyMjIyMjIyMjIyMjIyMjIyMjIyMjIyMjIyMjIyMjIyMjIyMjIyMjIyMjIyMjIyMjIyMjIyMjIyMjIyMjIyMNCiMgVGhlIGNlcnRpZmljYXRlIGZpbGUgb2YgdGhlIGRlc3RpbmF0aW9uIFZQTiBTZXJ2ZXIuDQojIA0KIyBUaGUgQ0EgY2VydGlmaWNhdGUgZmlsZSBpcyBlbWJlZGRlZCBpbiB0aGUgaW5saW5lIGZvcm1hdC4NCiMgWW91IGNhbiByZXBsYWNlIHRoaXMgQ0EgY29udGVudHMgaWYgbmVjZXNzYXJ5Lg0KIyBQbGVhc2Ugbm90ZSB0aGF0IGlmIHRoZSBzZXJ2ZXIgY2VydGlmaWNhdGUgaXMgbm90IGEgc2VsZi1zaWduZWQsIHlvdSBoYXZlIHRvDQojIHNwZWNpZnkgdGhlIHNpZ25lcidzIHJvb3QgY2VydGlmaWNhdGUgKENBKSBoZXJlLg0KDQo8Y2E+DQotLS0tLUJFR0lOIENFUlRJRklDQVRFLS0tLS0NCk1JSUZhekNDQTFPZ0F3SUJBZ0lSQUlJUXo3RFNRT05aUkdQZ3UyT0Npd0F3RFFZSktvWklodmNOQVFFTEJRQXcNClR6RUxNQWtHQTFVRUJoTUNWVk14S1RBbkJnTlZCQW9USUVsdWRHVnlibVYwSUZObFkzVnlhWFI1SUZKbGMyVmgNCmNtTm9JRWR5YjNWd01SVXdFd1lEVlFRREV3eEpVMUpISUZKdmIzUWdXREV3SGhjTk1UVXdOakEwTVRFd05ETTQNCldoY05NelV3TmpBME1URXdORE00V2pCUE1Rc3dDUVlEVlFRR0V3SlZVekVwTUNjR0ExVUVDaE1nU1c1MFpYSnUNClpYUWdVMlZqZFhKcGRIa2dVbVZ6WldGeVkyZ2dSM0p2ZFhBeEZUQVRCZ05WQkFNVERFbFRVa2NnVW05dmRDQlkNCk1UQ0NBaUl3RFFZSktvWklodmNOQVFFQkJRQURnZ0lQQURDQ0Fnb0NnZ0lCQUszb0pIUDBGRGZ6bTU0clZ5Z2MNCmg3N2N0OTg0a0l4dVBPWlhvSGozZGNLaS92VnFidllBVHlqYjNtaUdiRVNUdHJGai9SUVNhNzhmMHVveG15RisNCjBUTTh1a2oxM1huZnM3ai9FdkVobWt2QmlvWnhhVXBtWm15UGZqeHd2NjBwSWdiejVNRG1nSzdpUzQrM21YNlUNCkE1L1RSNWQ4bVVnalUrZzRyazhLYjRNdTBVbFhqSUIwdHRvdjBEaU5ld053SVJ0MThqQTgrbyt1M2RwanErc1cNClQ4S09FVXQrend2by83VjNMdlN5ZTByZ1RCSWxESENOQXltZzRWTWs3QlBaN2htL0VMTktqRCtKbzJGUjNxeUgNCkI1VDBZM0hzTHVKdlc1aUI0WWxjTkhsc2R1ODdrR0o1NXR1a21pOG14ZEFRNFE3ZTJSQ09GdnUzOTZqM3grVUMNCkI1aVBOZ2lWNStJM2xnMDJkWjc3RG5LeEhadThBL2xKQmRpQjNRVzBLdFpCNmF3QmRwVUtEOWpmMWIwU0h6VXYNCktCZHMwcGpCcUFsa2QyNUhON3JPckZsZWFKMS9jdGFKeFFaQktUNVpQdDBtOVNUSkVhZGFvMHhBSDBhaG1iV24NCk9sRnVoanVlZlhLbkVnVjRXZTArVVhnVkN3T1BqZEF2QmJJK2Uwb2NTM01GRXZ6RzZ1QlFFM3hEazNTenluVG4NCmpoOEJDTkF3MUZ0eE5yUUh1c0V3TUZ4SXQ0STdtS1o5WUlxaW95bUN6THE5Z3dRYm9vTURRYUhXQmZFYndyYncNCnFIeUdPMGFvU0NxSTNIYWFkcjhmYXFVOUdZL3JPUE5rM3NnckRRb28vL2ZiNGhWQzFDTFFKMTNoZWY0WTUzQ0kNCnJVN20yWXM2eHQwblVXNy92R1QxTTBOUEFnTUJBQUdqUWpCQU1BNEdBMVVkRHdFQi93UUVBd0lCQmpBUEJnTlYNCkhSTUJBZjhFQlRBREFRSC9NQjBHQTFVZERnUVdCQlI1dEZubWU3Ymw1QUZ6Z0FpSXlCcFk5dW1iYmpBTkJna3ENCmhraUc5dzBCQVFzRkFBT0NBZ0VBVlI5WXFieXlxRkRRRExIWUdta2dKeWtJckdGMVhJcHUrSUxsYVMvVjlsWkwNCnViaHpFRm5USVpkKzUweHgrN0xTWUswNXFBdnFGeUZXaGZGUURsbnJ6dUJaNmJySkZlK0duWStFZ1BiazZaR1ENCjNCZWJZaHRGOEdhVjBueHZ3dW83N3gvUHk5YXVKL0dwc01pdS9YMSttdm9pQk92LzJYL3FrU3Npc1JjT2ovS0sNCk5GdFkyUHdCeVZTNXVDYk1pb2d6aVV3dGhEeUMzKzZXVndXNkxMdjN4TGZIVGp1Q3ZqSElJbk56a3RIQ2dLUTUNCk9SQXpJNEpNUEorR3NsV1lIYjRwaG93aW01N2lhenRYT29Kd1Rkd0p4NG5MQ2dkTmJPaGRqc252enF2SHU3VXINClRrWFdTdEFtek9WeXlnaHFwWlhqRmFIM3BPM0pMRitsKy8rc0tBSXV2dGQ3dStOeGU1QVcwd2RlUmxOOE53ZEMNCmpOUEVscHpWbWJVcTRKVWFnRWl1VERrSHpzeEhwRktWSzdxNCs2M1NNMU45NVIxTmJkV2hzY2RDYitaQUp6VmMNCm95aTNCNDNualRPUTV5T2YrMUNjZVd4RzFiUVZzNVp1ZnBzTWxqcTRVaTAvMWx2aCt3akNoUDRrcUtPSjJxeHENCjRSZ3FzYWhEWVZ2VEg5dzdqWGJ5TGVpTmRkOFhNMnc5VS90N3kwRmYvOXlpMEdFNDRaYTRyRjJMTjlkMTFUUEENCm1SR3VuVUhCY25XRXZnSkJRbDluSkVpVTBac252Z2MvdWJoUGdYUlI0WHEzN1owajRyN2cxU2dFRXp3eEE1N2QNCmVteVB4Z2NZeG4vZVI0NC9LSjRFQnMrbFZEUjN2ZXlKbStrWFE5OWIyMS8ramg1WG9zMUFuWDVpSXRyZUdDYz0NCi0tLS0tRU5EIENFUlRJRklDQVRFLS0tLS0NCg0KPC9jYT4NCg0KDQojIyMjIyMjIyMjIyMjIyMjIyMjIyMjIyMjIyMjIyMjIyMjIyMjIyMjIyMjIyMjIyMjIyMjIyMjIyMjIyMjIyMjIyMjIyMjIyMjIyMjIyMjDQojIFRoZSBjbGllbnQgY2VydGlmaWNhdGUgZmlsZSAoZHVtbXkpLg0KIyANCiMgSW4gc29tZSBpbXBsZW1lbnRhdGlvbnMgb2YgT3BlblZQTiBDbGllbnQgc29mdHdhcmUNCiMgKGZvciBleGFtcGxlOiBPcGVuVlBOIENsaWVudCBmb3IgaU9TKSwNCiMgYSBwYWlyIG9mIGNsaWVudCBjZXJ0aWZpY2F0ZSBhbmQgcHJpdmF0ZSBrZXkgbXVzdCBiZSBpbmNsdWRlZCBvbiB0aGUNCiMgY29uZmlndXJhdGlvbiBmaWxlIGR1ZSB0byB0aGUgbGltaXRhdGlvbiBvZiB0aGUgY2xpZW50Lg0KIyBTbyB0aGlzIHNhbXBsZSBjb25maWd1cmF0aW9uIGZpbGUgaGFzIGEgZHVtbXkgcGFpciBvZiBjbGllbnQgY2VydGlmaWNhdGUNCiMgYW5kIHByaXZhdGUga2V5IGFzIGZvbGxvd3MuDQoNCjxjZXJ0Pg0KLS0tLS1CRUdJTiBDRVJUSUZJQ0FURS0tLS0tDQpNSUlDeGpDQ0FhNENBUUF3RFFZSktvWklodmNOQVFFRkJRQXdLVEVhTUJnR0ExVUVBeE1SVmxCT1IyRjBaVU5zDQphV1Z1ZEVObGNuUXhDekFKQmdOVkJBWVRBa3BRTUI0WERURXpNREl4TVRBek5EazBPVm9YRFRNM01ERXhPVEF6DQpNVFF3TjFvd0tURWFNQmdHQTFVRUF4TVJWbEJPUjJGMFpVTnNhV1Z1ZEVObGNuUXhDekFKQmdOVkJBWVRBa3BRDQpNSUlCSWpBTkJna3Foa2lHOXcwQkFRRUZBQU9DQVE4QU1JSUJDZ0tDQVFFQTVoMmxnUVFZVWp3b0tZSmJ6VlpBDQo1VmNJR2Q1b3RQYy9xWlJNdDBLSXRDRkEwczlSd1JlTlZhOWZEUkZMUkJoY0lUT2x2M0ZCY1czRThoMVVzN1JEDQo0VzhHbUplOHphcEpuTHNEMzlPU01SQ3paSm5jelc0T0NIMVBaUlpXS3FEdGpsTmNhOUFGOGE2NWpUbWxEeENRDQpDam50TElXazVPTExWa0Z0OS90U2NjMUdEdGNpNTVvZmhhTkFZTVBpSDdWOCsxZzY2cEdIWEFvV0s2QVFWSDY3DQpYQ0tKbkdCNW5sUStIc01ZUFYvTzQ5TGQ5MVpOLzJ0SGtjYUxMeU50eXd4VlBSU3NSaDQ4MGpqdTBmY0NzdjZoDQpwLzB5WG5UQi8vbVd1dEJHcGRVbElid2lJVGJBbXJzYlluamlnUnZuUHFYMVJOSlViaTlGcDZDMmMvSElGSkdEDQp5d0lEQVFBQk1BMEdDU3FHU0liM0RRRUJCUVVBQTRJQkFRQ2hPNWhnY3cvNG9XZm9FRkx1OWtCYTFCLy9reEg4DQpoUWtDaFZObjhCUkM3WTBVUlFpdFBsM0RLRWVkOVVSQkRkZzJLT0F6NzdiYjZFTlBpbGlEK2EzOFVKSElSTXFlDQpVQkhobGxPSEl6dkRoSEZiYW92QUxCUWNlZUJ6ZGtReHNLUUVTS21RbVI4MzI5NTBVQ292b3lSQjYxVXlBVjdoDQorbVpoWVBHUktYS1NKSTZzMEVnZy9DcmkrQ3drNGJqSmZyYjVoVnNlMTF5aDREOU1IaHdTZkNPSCswejRoUFVUDQpGa3U3ZEdhdlVSTzVTVnhNbi9zTDZFbjVEK29TZVhrYWRIcERzK0FpcnltMllIaDE1aDAralBTT29SNnlpVnAvDQo2elplWmtyTjQza3VTNzNLcEtERmpmRlBoOHQ0cjFnT0lqdHRrTmNRcUJjY3VzbnBsUTdISnBzaw0KLS0tLS1FTkQgQ0VSVElGSUNBVEUtLS0tLQ0KDQo8L2NlcnQ+DQoNCjxrZXk+DQotLS0tLUJFR0lOIFJTQSBQUklWQVRFIEtFWS0tLS0tDQpNSUlFcEFJQkFBS0NBUUVBNWgybGdRUVlVandvS1lKYnpWWkE1VmNJR2Q1b3RQYy9xWlJNdDBLSXRDRkEwczlSDQp3UmVOVmE5ZkRSRkxSQmhjSVRPbHYzRkJjVzNFOGgxVXM3UkQ0VzhHbUplOHphcEpuTHNEMzlPU01SQ3paSm5jDQp6VzRPQ0gxUFpSWldLcUR0amxOY2E5QUY4YTY1alRtbER4Q1FDam50TElXazVPTExWa0Z0OS90U2NjMUdEdGNpDQo1NW9maGFOQVlNUGlIN1Y4KzFnNjZwR0hYQW9XSzZBUVZINjdYQ0tKbkdCNW5sUStIc01ZUFYvTzQ5TGQ5MVpODQovMnRIa2NhTEx5TnR5d3hWUFJTc1JoNDgwamp1MGZjQ3N2NmhwLzB5WG5UQi8vbVd1dEJHcGRVbElid2lJVGJBDQptcnNiWW5qaWdSdm5QcVgxUk5KVWJpOUZwNkMyYy9ISUZKR0R5d0lEQVFBQkFvSUJBRVJWN1g1QXZ4QTh1UmlLDQprOFNJcHNEMGRYMXBKT01Jd2FrVVZ5dmM0RWZOMERoS1JOYjRyWW9TaUVHVEx5ekxweUJjL0EyOERsa201ZU9ZDQpmanpYZllrR3RZaS9GdHhrZzNPOXZjck1RNCs2aSt1R0hhSUwyckwrczRNcmZPOHYxeHY2K1dreTMzRUVHQ291DQpRaXdWR1JGUVhuUm9RNjJOQkNGYlVOTGhtWHdkajFha1p6TFU0cDVSNHpBM1FoZHh3RUlhdFZMdDArN293TFEzDQpsUDhzZlhocHBQT1hqVHFNRDRRa1l3elBBYTgvekY3YWNuNGtyeXJVUDdRNlBBZmQwekVWcU55OVpDWjlmZmhvDQp6WGVkRmo0ODZJRm9jNWduVHAyTjZqc25WajRMQ0dJaGxWSGxZR296S0tGcUpjUVZHc0hDcXExb3oyempXNkxTDQpvUllJSGdFQ2dZRUE4elpya0N3TllTWEp1T0RKM20vaE9MVnhjeGdKdXdYb2lFcldkMEU0MnZQYW5qalZNaG50DQpLWTVsOHFHTUo2RmhLOUxZeDJxQ3JmL0UwWHRVQVoyd1ZxM09SVHlHbnNNV3JlOXRMWXM1NVgrWk4xMFRjNzV6DQo0aGFjYlUwaHFLTjFIaURtc01SWTMvMk5hWkhveTdNS253SkpCYUc0OGw5Q0NUbFZ3TUhvY0lFQ2dZRUE4amJ5DQpkR2p4VEgrNlhIV05pemI1U1JiWnhBbnlFZUplUndUTWgwZ0d6d0dQcEgvc1pZR3p5dTBTeVNYV0NuWmgzUmdxDQo1dUxsTnh0clhybGpabHlpMm5RZFFnc3EyWXJXVXMwK3pnVSsyMnVRc1pwU0FmdG1oVnJ0dmV0Nk1qVmpiQnlZDQpEQURjaUVWVWRKWUlYaytxbkZVSnllcm9MSWtUajdXWUtaNlJqa3NDZ1lCb0NGSXdSRGVnNDJvSzg5UkZtbk9yDQpMeW1OQXE0KzJvTWhzV2xWYjRlaldJV2VBazluYytHWFVmclhzelJoUzAxbVVuVTVyNXlnVXZSY2FyVi9UM1U3DQpUbk1aK0k3WTREZ1dSSURkNTF6bmh4SUJ0WVY1ai9DL3Q4NUhqcU9rSCs4YjZSVGtiY2hhWDNtYXU3ZnBVZmRzDQpGcTBuaElxNDJmaEVPOHNyZllZd2dRS0JnUUN5aGkxTi84dGFSd3BrKzMvSURFelF3amJmZHpVa1dXU0RrOVhzDQpIL3BrdVJIV2ZUTVAzZmxXcUVZZ1cvTFc0MHBlVzJIRHE1aW1kVjgrQWdaeGUvWE1iYWppOUxnd2YxUlkwMDVuDQpLeGFaUXo3eXFIdXBXbExHRjY4RFBIeGtaVlZTYWdEblYvc3p0V1g2U0ZzQ3FGVm54SVhpZlhHQzRjVzVObTlnDQp2YThxNFFLQmdRQ0VoTFZlVWZkd0t2a1o5NGcvR0Z6NzMxWjJocmRWaGdNWmFVL3U2dDBWOTUrWWV6UE5DUVpCDQp3bUU5TW1sYnExZW1EZVJPaXZqQ2ZvR2hSM2taWFcxcFRLbExoNlpNVVFVT3BwdGRYdmE4WHhmb3FRd2EzZW5BDQpNN211QmJGMFhON1ZPODBpSlB2K1BtSVpkRUlBa3B3S2ZpMjAxWUIrQmFmQ0l1R3hJRjUwVmc9PQ0KLS0tLS1FTkQgUlNBIFBSSVZBVEUgS0VZLS0tLS0NCg0KPC9rZXk+DQoNCg==
public-vpn-183,219.100.37.161,2427367,10,573802307,Japan,JP,195,1076311910,13471393,784117095096578,2weeks,Daiyuu Nobori_ Japan. Academic Use Only.,,IyMjIyMjIyMjIyMjIyMjIyMjIyMjIyMjIyMjIyMjIyMjIyMjIyMjIyMjIyMjIyMjIyMjIyMjIyMjIyMjIyMjIyMjIyMjIyMjIyMjIyMjIw0KIyBPcGVuVlBOIDIuMCBTYW1wbGUgQ29uZmlndXJhdGlvbiBGaWxlDQojIGZvciBQYWNrZXRpWCBWUE4gLyBTb2Z0RXRoZXIgVlBOIFNlcnZlcg0KIyANCiMgISEhIEFVVE8tR0VORVJBVEVEIEJZIFNPRlRFVEhFUiBWUE4gU0VSVkVSIE1BTkFHRU1FTlQgVE9PTCAhISENCiMgDQojICEhISBZT1UgSEFWRSBUTyBSRVZJRVcgSVQgQkVGT1JFIFVTRSBBTkQgTU9ESUZZIElUIEFTIE5FQ0VTU0FSWSAhISENCiMgDQojIFRoaXMgY29uZmlndXJhdGlvbiBmaWxlIGlzIGF1dG8tZ2VuZXJhdGVkLiBZb3UgbWlnaHQgdXNlIHRoaXMgY29uZmlnIGZpbGUNCiMgaW4gb3JkZXIgdG8gY29ubmVjdCB0byB0aGUgUGFja2V0aVggVlBOIC8gU29mdEV0aGVyIFZQTiBTZXJ2ZXIuDQojIEhvd2V2ZXIsIGJlZm9yZSB5b3UgdHJ5IGl0LCB5b3Ugc2hvdWxkIHJldmlldyB0aGUgZGVzY3JpcHRpb25zIG9mIHRoZSBmaWxlDQojIHRvIGRldGVybWluZSB0aGUgbmVjZXNzaXR5IHRvIG1vZGlmeSB0byBzdWl0YWJsZSBmb3IgeW91ciByZWFsIGVudmlyb25tZW50Lg0KIyBJZiBuZWNlc3NhcnksIHlvdSBoYXZlIHRvIG1vZGlmeSBhIGxpdHRsZSBhZGVxdWF0ZWx5IG9uIHRoZSBmaWxlLg0KIyBGb3IgZXhhbXBsZSwgdGhlIElQIGFkZHJlc3Mgb3IgdGhlIGhvc3RuYW1lIGFzIGEgZGVzdGluYXRpb24gVlBOIFNlcnZlcg0KIyBzaG91bGQgYmUgY29uZmlybWVkLg0KIyANCiMgTm90ZSB0aGF0IHRvIHVzZSBPcGVuVlBOIDIuMCwgeW91IGhhdmUgdG8gcHV0IHRoZSBjZXJ0aWZpY2F0aW9uIGZpbGUgb2YNCiMgdGhlIGRlc3RpbmF0aW9uIFZQTiBTZXJ2ZXIgb24gdGhlIE9wZW5WUE4gQ2xpZW50IGNvbXB1dGVyIHdoZW4geW91IHVzZSB0aGlzDQojIGNvbmZpZyBmaWxlLiBQbGVhc2UgcmVmZXIgdGhlIGJlbG93IGRlc2NyaXB0aW9ucyBjYXJlZnVsbHkuDQoNCg0KIyMjIyMjIyMjIyMjIyMjIyMjIyMjIyMjIyMjIyMjIyMjIyMjIyMjIyMjIyMjIyMjIyMjIyMjIyMjIyMjIyMjIyMjIyMjIyMjIyMjIyMjIw0KIyBTcGVjaWZ5IHRoZSB0eXBlIG9mIHRoZSBsYXllciBvZiB0aGUgVlBOIGNvbm5lY3Rpb24uDQojIA0KIyBUbyBjb25uZWN0IHRvIHRoZSBWUE4gU2VydmVyIGFzIGEgIlJlbW90ZS1BY2Nlc3MgVlBOIENsaWVudCBQQyIsDQojICBzcGVjaWZ5ICdkZXYgdHVuJy4gKExheWVyLTMgSVAgUm91dGluZyBNb2RlKQ0KIw0KIyBUbyBjb25uZWN0IHRvIHRoZSBWUE4gU2VydmVyIGFzIGEgYnJpZGdpbmcgZXF1aXBtZW50IG9mICJTaXRlLXRvLVNpdGUgVlBOIiwNCiMgIHNwZWNpZnkgJ2RldiB0YXAnLiAoTGF5ZXItMiBFdGhlcm5ldCBCcmlkZ2luZSBNb2RlKQ0KDQpkZXYgdHVuDQoNCg0KIyMjIyMjIyMjIyMjIyMjIyMjIyMjIyMjIyMjIyMjIyMjIyMjIyMjIyMjIyMjIyMjIyMjIyMjIyMjIyMjIyMjIyMjIyMjIyMjIyMjIyMjIw0KIyBTcGVjaWZ5IHRoZSB1bmRlcmx5aW5nIHByb3RvY29sIGJleW9uZCB0aGUgSW50ZXJuZXQuDQojIE5vdGUgdGhhdCB0aGlzIHNldHRpbmcgbXVzdCBiZSBjb3JyZXNwb25kIHdpdGggdGhlIGxpc3RlbmluZyBzZXR0aW5nIG9uDQojIHRoZSBWUE4gU2VydmVyLg0KIyANCiMgU3BlY2lmeSBlaXRoZXIgJ3Byb3RvIHRjcCcgb3IgJ3Byb3RvIHVkcCcuDQoNCnByb3RvIHRjcA0KDQoNCiMjIyMjIyMjIyMjIyMjIyMjIyMjIyMjIyMjIyMjIyMjIyMjIyMjIyMjIyMjIyMjIyMjIyMjIyMjIyMjIyMjIyMjIyMjIyMjIyMjIyMjIyMNCiMgVGhlIGRlc3RpbmF0aW9uIGhvc3RuYW1lIC8gSVAgYWRkcmVzcywgYW5kIHBvcnQgbnVtYmVyIG9mDQojIHRoZSB0YXJnZXQgVlBOIFNlcnZlci4NCiMgDQojIFlvdSBoYXZlIHRvIHNwZWNpZnkgYXMgJ3JlbW90ZSA8SE9TVE5BTUU+IDxQT1JUPicuIFlvdSBjYW4gYWxzbw0KIyBzcGVjaWZ5IHRoZSBJUCBhZGRyZXNzIGluc3RlYWQgb2YgdGhlIGhvc3RuYW1lLg0KIyANCiMgTm90ZSB0aGF0IHRoZSBhdXRvLWdlbmVyYXRlZCBiZWxvdyBob3N0bmFtZSBhcmUgYSAiYXV0by1kZXRlY3RlZA0KIyBJUCBhZGRyZXNzIiBvZiB0aGUgVlBOIFNlcnZlci4gWW91IGhhdmUgdG8gY29uZmlybSB0aGUgY29ycmVjdG5lc3MNCiMgYmVmb3JlaGFuZC4NCiMgDQojIFdoZW4geW91IHdhbnQgdG8gY29ubmVjdCB0byB0aGUgVlBOIFNlcnZlciBieSB1c2luZyBUQ1AgcHJvdG9jb2wsDQojIHRoZSBwb3J0IG51bWJlciBvZiB0aGUgZGVzdGluYXRpb24gVENQIHBvcnQgc2hvdWxkIGJlIHNhbWUgYXMgb25lIG9mDQojIHRoZSBhdmFpbGFibGUgVENQIGxpc3RlbmVycyBvbiB0aGUgVlBOIFNlcnZlci4NCiMgDQojIFdoZW4geW91IHVzZSBVRFAgcHJvdG9jb2wsIHRoZSBwb3J0IG51bWJlciBtdXN0IHNhbWUgYXMgdGhlIGNvbmZpZ3VyYXRpb24NCiMgc2V0dGluZyBvZiAiT3BlblZQTiBTZXJ2ZXIgQ29tcGF0aWJsZSBGdW5jdGlvbiIgb24gdGhlIFZQTiBTZXJ2ZXIuDQoNCnJlbW90ZSAyMTkuMTAwLjM3LjE2MSA0NDMNCg0KDQojIyMjIyMjIyMjIyMjIyMjIyMjIyMjIyMjIyMjIyMjIyMjIyMjIyMjIyMjIyMjIyMjIyMjIyMjIyMjIyMjIyMjIyMjIyMjIyMjIyMjIyMjDQojIFRoZSBIVFRQL0hUVFBTIHByb3h5IHNldHRpbmcuDQojIA0KIyBPbmx5IGlmIHlvdSBoYXZlIHRvIHVzZSB0aGUgSW50ZXJuZXQgdmlhIGEgcHJveHksIHVuY29tbWVudCB0aGUgYmVsb3cNCiMgdHdvIGxpbmVzIGFuZCBzcGVjaWZ5IHRoZSBwcm94eSBhZGRyZXNzIGFuZCB0aGUgcG9ydCBudW1iZXIuDQojIEluIHRoZSBjYXNlIG9mIHVzaW5nIHByb3h5LWF1dGhlbnRpY2F0aW9uLCByZWZlciB0aGUgT3BlblZQTiBtYW51YWwuDQoNCjtodHRwLXByb3h5LXJldHJ5DQo7aHR0cC1wcm94eSBbcHJveHkgc2VydmVyXSBbcHJveHkgcG9ydF0NCg0KDQojIyMjIyMjIyMjIyMjIyMjIyMjIyMjIyMjIyMjIyMjIyMjIyMjIyMjIyMjIyMjIyMjIyMjIyMjIyMjIyMjIyMjIyMjIyMjIyMjIyMjIyMjDQojIFRoZSBlbmNyeXB0aW9uIGFuZCBhdXRoZW50aWNhdGlvbiBhbGdvcml0aG0uDQojIA0KIyBEZWZhdWx0IHNldHRpbmcgaXMgZ29vZC4gTW9kaWZ5IGl0IGFzIHlvdSBwcmVmZXIuDQojIFdoZW4geW91IHNwZWNpZnkgYW4gdW5zdXBwb3J0ZWQgYWxnb3JpdGhtLCB0aGUgZXJyb3Igd2lsbCBvY2N1ci4NCiMgDQojIFRoZSBzdXBwb3J0ZWQgYWxnb3JpdGhtcyBhcmUgYXMgZm9sbG93czoNCiMgIGNpcGhlcjogW05VTEwtQ0lQSEVSXSBOVUxMIEFFUy0xMjgtQ0JDIEFFUy0xOTItQ0JDIEFFUy0yNTYtQ0JDIEJGLUNCQw0KIyAgICAgICAgICBDQVNULUNCQyBDQVNUNS1DQkMgREVTLUNCQyBERVMtRURFLUNCQyBERVMtRURFMy1DQkMgREVTWC1DQkMNCiMgICAgICAgICAgUkMyLTQwLUNCQyBSQzItNjQtQ0JDIFJDMi1DQkMNCiMgIGF1dGg6ICAgU0hBIFNIQTEgTUQ1IE1ENCBSTUQxNjANCg0KY2lwaGVyIEFFUy0xMjgtQ0JDDQphdXRoIFNIQTENCg0KDQojIyMjIyMjIyMjIyMjIyMjIyMjIyMjIyMjIyMjIyMjIyMjIyMjIyMjIyMjIyMjIyMjIyMjIyMjIyMjIyMjIyMjIyMjIyMjIyMjIyMjIyMjDQojIE90aGVyIHBhcmFtZXRlcnMgbmVjZXNzYXJ5IHRvIGNvbm5lY3QgdG8gdGhlIFZQTiBTZXJ2ZXIuDQojIA0KIyBJdCBpcyBub3QgcmVjb21tZW5kZWQgdG8gbW9kaWZ5IGl0IHVubGVzcyB5b3UgaGF2ZSBhIHBhcnRpY3VsYXIgbmVlZC4NCg0KcmVzb2x2LXJldHJ5IGluZmluaXRlDQpub2JpbmQNCnBlcnNpc3Qta2V5DQpwZXJzaXN0LXR1bg0KY2xpZW50DQp2ZXJiIDMNCiNhdXRoLXVzZXItcGFzcw0KDQoNCiMjIyMjIyMjIyMjIyMjIyMjIyMjIyMjIyMjIyMjIyMjIyMjIyMjIyMjIyMjIyMjIyMjIyMjIyMjIyMjIyMjIyMjIyMjIyMjIyMjIyMjIyMNCiMgVGhlIGNlcnRpZmljYXRlIGZpbGUgb2YgdGhlIGRlc3RpbmF0aW9uIFZQTiBTZXJ2ZXIuDQojIA0KIyBUaGUgQ0EgY2VydGlmaWNhdGUgZmlsZSBpcyBlbWJlZGRlZCBpbiB0aGUgaW5saW5lIGZvcm1hdC4NCiMgWW91IGNhbiByZXBsYWNlIHRoaXMgQ0EgY29udGVudHMgaWYgbmVjZXNzYXJ5Lg0KIyBQbGVhc2Ugbm90ZSB0aGF0IGlmIHRoZSBzZXJ2ZXIgY2VydGlmaWNhdGUgaXMgbm90IGEgc2VsZi1zaWduZWQsIHlvdSBoYXZlIHRvDQojIHNwZWNpZnkgdGhlIHNpZ25lcidzIHJvb3QgY2VydGlmaWNhdGUgKENBKSBoZXJlLg0KDQo8Y2E+DQotLS0tLUJFR0lOIENFUlRJRklDQVRFLS0tLS0NCk1JSUZhekNDQTFPZ0F3SUJBZ0lSQUlJUXo3RFNRT05aUkdQZ3UyT0Npd0F3RFFZSktvWklodmNOQVFFTEJRQXcNClR6RUxNQWtHQTFVRUJoTUNWVk14S1RBbkJnTlZCQW9USUVsdWRHVnlibVYwSUZObFkzVnlhWFI1SUZKbGMyVmgNCmNtTm9JRWR5YjNWd01SVXdFd1lEVlFRREV3eEpVMUpISUZKdmIzUWdXREV3SGhjTk1UVXdOakEwTVRFd05ETTQNCldoY05NelV3TmpBME1URXdORE00V2pCUE1Rc3dDUVlEVlFRR0V3SlZVekVwTUNjR0ExVUVDaE1nU1c1MFpYSnUNClpYUWdVMlZqZFhKcGRIa2dVbVZ6WldGeVkyZ2dSM0p2ZFhBeEZUQVRCZ05WQkFNVERFbFRVa2NnVW05dmRDQlkNCk1UQ0NBaUl3RFFZSktvWklodmNOQVFFQkJRQURnZ0lQQURDQ0Fnb0NnZ0lCQUszb0pIUDBGRGZ6bTU0clZ5Z2MNCmg3N2N0OTg0a0l4dVBPWlhvSGozZGNLaS92VnFidllBVHlqYjNtaUdiRVNUdHJGai9SUVNhNzhmMHVveG15RisNCjBUTTh1a2oxM1huZnM3ai9FdkVobWt2QmlvWnhhVXBtWm15UGZqeHd2NjBwSWdiejVNRG1nSzdpUzQrM21YNlUNCkE1L1RSNWQ4bVVnalUrZzRyazhLYjRNdTBVbFhqSUIwdHRvdjBEaU5ld053SVJ0MThqQTgrbyt1M2RwanErc1cNClQ4S09FVXQrend2by83VjNMdlN5ZTByZ1RCSWxESENOQXltZzRWTWs3QlBaN2htL0VMTktqRCtKbzJGUjNxeUgNCkI1VDBZM0hzTHVKdlc1aUI0WWxjTkhsc2R1ODdrR0o1NXR1a21pOG14ZEFRNFE3ZTJSQ09GdnUzOTZqM3grVUMNCkI1aVBOZ2lWNStJM2xnMDJkWjc3RG5LeEhadThBL2xKQmRpQjNRVzBLdFpCNmF3QmRwVUtEOWpmMWIwU0h6VXYNCktCZHMwcGpCcUFsa2QyNUhON3JPckZsZWFKMS9jdGFKeFFaQktUNVpQdDBtOVNUSkVhZGFvMHhBSDBhaG1iV24NCk9sRnVoanVlZlhLbkVnVjRXZTArVVhnVkN3T1BqZEF2QmJJK2Uwb2NTM01GRXZ6RzZ1QlFFM3hEazNTenluVG4NCmpoOEJDTkF3MUZ0eE5yUUh1c0V3TUZ4SXQ0STdtS1o5WUlxaW95bUN6THE5Z3dRYm9vTURRYUhXQmZFYndyYncNCnFIeUdPMGFvU0NxSTNIYWFkcjhmYXFVOUdZL3JPUE5rM3NnckRRb28vL2ZiNGhWQzFDTFFKMTNoZWY0WTUzQ0kNCnJVN20yWXM2eHQwblVXNy92R1QxTTBOUEFnTUJBQUdqUWpCQU1BNEdBMVVkRHdFQi93UUVBd0lCQmpBUEJnTlYNCkhSTUJBZjhFQlRBREFRSC9NQjBHQTFVZERnUVdCQlI1dEZubWU3Ymw1QUZ6Z0FpSXlCcFk5dW1iYmpBTkJna3ENCmhraUc5dzBCQVFzRkFBT0NBZ0VBVlI5WXFieXlxRkRRRExIWUdta2dKeWtJckdGMVhJcHUrSUxsYVMvVjlsWkwNCnViaHpFRm5USVpkKzUweHgrN0xTWUswNXFBdnFGeUZXaGZGUURsbnJ6dUJaNmJySkZlK0duWStFZ1BiazZaR1ENCjNCZWJZaHRGOEdhVjBueHZ3dW83N3gvUHk5YXVKL0dwc01pdS9YMSttdm9pQk92LzJYL3FrU3Npc1JjT2ovS0sNCk5GdFkyUHdCeVZTNXVDYk1pb2d6aVV3dGhEeUMzKzZXVndXNkxMdjN4TGZIVGp1Q3ZqSElJbk56a3RIQ2dLUTUNCk9SQXpJNEpNUEorR3NsV1lIYjRwaG93aW01N2lhenRYT29Kd1Rkd0p4NG5MQ2dkTmJPaGRqc252enF2SHU3VXINClRrWFdTdEFtek9WeXlnaHFwWlhqRmFIM3BPM0pMRitsKy8rc0tBSXV2dGQ3dStOeGU1QVcwd2RlUmxOOE53ZEMNCmpOUEVscHpWbWJVcTRKVWFnRWl1VERrSHpzeEhwRktWSzdxNCs2M1NNMU45NVIxTmJkV2hzY2RDYitaQUp6VmMNCm95aTNCNDNualRPUTV5T2YrMUNjZVd4RzFiUVZzNVp1ZnBzTWxqcTRVaTAvMWx2aCt3akNoUDRrcUtPSjJxeHENCjRSZ3FzYWhEWVZ2VEg5dzdqWGJ5TGVpTmRkOFhNMnc5VS90N3kwRmYvOXlpMEdFNDRaYTRyRjJMTjlkMTFUUEENCm1SR3VuVUhCY25XRXZnSkJRbDluSkVpVTBac252Z2MvdWJoUGdYUlI0WHEzN1owajRyN2cxU2dFRXp3eEE1N2QNCmVteVB4Z2NZeG4vZVI0NC9LSjRFQnMrbFZEUjN2ZXlKbStrWFE5OWIyMS8ramg1WG9zMUFuWDVpSXRyZUdDYz0NCi0tLS0tRU5EIENFUlRJRklDQVRFLS0tLS0NCg0KPC9jYT4NCg0KDQojIyMjIyMjIyMjIyMjIyMjIyMjIyMjIyMjIyMjIyMjIyMjIyMjIyMjIyMjIyMjIyMjIyMjIyMjIyMjIyMjIyMjIyMjIyMjIyMjIyMjIyMjDQojIFRoZSBjbGllbnQgY2VydGlmaWNhdGUgZmlsZSAoZHVtbXkpLg0KIyANCiMgSW4gc29tZSBpbXBsZW1lbnRhdGlvbnMgb2YgT3BlblZQTiBDbGllbnQgc29mdHdhcmUNCiMgKGZvciBleGFtcGxlOiBPcGVuVlBOIENsaWVudCBmb3IgaU9TKSwNCiMgYSBwYWlyIG9mIGNsaWVudCBjZXJ0aWZpY2F0ZSBhbmQgcHJpdmF0ZSBrZXkgbXVzdCBiZSBpbmNsdWRlZCBvbiB0aGUNCiMgY29uZmlndXJhdGlvbiBmaWxlIGR1ZSB0byB0aGUgbGltaXRhdGlvbiBvZiB0aGUgY2xpZW50Lg0KIyBTbyB0aGlzIHNhbXBsZSBjb25maWd1cmF0aW9uIGZpbGUgaGFzIGEgZHVtbXkgcGFpciBvZiBjbGllbnQgY2VydGlmaWNhdGUNCiMgYW5kIHByaXZhdGUga2V5IGFzIGZvbGxvd3MuDQoNCjxjZXJ0Pg0KLS0tLS1CRUdJTiBDRVJUSUZJQ0FURS0tLS0tDQpNSUlDeGpDQ0FhNENBUUF3RFFZSktvWklodmNOQVFFRkJRQXdLVEVhTUJnR0ExVUVBeE1SVmxCT1IyRjBaVU5zDQphV1Z1ZEVObGNuUXhDekFKQmdOVkJBWVRBa3BRTUI0WERURXpNREl4TVRBek5EazBPVm9YRFRNM01ERXhPVEF6DQpNVFF3TjFvd0tURWFNQmdHQTFVRUF4TVJWbEJPUjJGMFpVTnNhV1Z1ZEVObGNuUXhDekFKQmdOVkJBWVRBa3BRDQpNSUlCSWpBTkJna3Foa2lHOXcwQkFRRUZBQU9DQVE4QU1JSUJDZ0tDQVFFQTVoMmxnUVFZVWp3b0tZSmJ6VlpBDQo1VmNJR2Q1b3RQYy9xWlJNdDBLSXRDRkEwczlSd1JlTlZhOWZEUkZMUkJoY0lUT2x2M0ZCY1czRThoMVVzN1JEDQo0VzhHbUplOHphcEpuTHNEMzlPU01SQ3paSm5jelc0T0NIMVBaUlpXS3FEdGpsTmNhOUFGOGE2NWpUbWxEeENRDQpDam50TElXazVPTExWa0Z0OS90U2NjMUdEdGNpNTVvZmhhTkFZTVBpSDdWOCsxZzY2cEdIWEFvV0s2QVFWSDY3DQpYQ0tKbkdCNW5sUStIc01ZUFYvTzQ5TGQ5MVpOLzJ0SGtjYUxMeU50eXd4VlBSU3NSaDQ4MGpqdTBmY0NzdjZoDQpwLzB5WG5UQi8vbVd1dEJHcGRVbElid2lJVGJBbXJzYlluamlnUnZuUHFYMVJOSlViaTlGcDZDMmMvSElGSkdEDQp5d0lEQVFBQk1BMEdDU3FHU0liM0RRRUJCUVVBQTRJQkFRQ2hPNWhnY3cvNG9XZm9FRkx1OWtCYTFCLy9reEg4DQpoUWtDaFZObjhCUkM3WTBVUlFpdFBsM0RLRWVkOVVSQkRkZzJLT0F6NzdiYjZFTlBpbGlEK2EzOFVKSElSTXFlDQpVQkhobGxPSEl6dkRoSEZiYW92QUxCUWNlZUJ6ZGtReHNLUUVTS21RbVI4MzI5NTBVQ292b3lSQjYxVXlBVjdoDQorbVpoWVBHUktYS1NKSTZzMEVnZy9DcmkrQ3drNGJqSmZyYjVoVnNlMTF5aDREOU1IaHdTZkNPSCswejRoUFVUDQpGa3U3ZEdhdlVSTzVTVnhNbi9zTDZFbjVEK29TZVhrYWRIcERzK0FpcnltMllIaDE1aDAralBTT29SNnlpVnAvDQo2elplWmtyTjQza3VTNzNLcEtERmpmRlBoOHQ0cjFnT0lqdHRrTmNRcUJjY3VzbnBsUTdISnBzaw0KLS0tLS1FTkQgQ0VSVElGSUNBVEUtLS0tLQ0KDQo8L2NlcnQ+DQoNCjxrZXk+DQotLS0tLUJFR0lOIFJTQSBQUklWQVRFIEtFWS0tLS0tDQpNSUlFcEFJQkFBS0NBUUVBNWgybGdRUVlVandvS1lKYnpWWkE1VmNJR2Q1b3RQYy9xWlJNdDBLSXRDRkEwczlSDQp3UmVOVmE5ZkRSRkxSQmhjSVRPbHYzRkJjVzNFOGgxVXM3UkQ0VzhHbUplOHphcEpuTHNEMzlPU01SQ3paSm5jDQp6VzRPQ0gxUFpSWldLcUR0amxOY2E5QUY4YTY1alRtbER4Q1FDam50TElXazVPTExWa0Z0OS90U2NjMUdEdGNpDQo1NW9maGFOQVlNUGlIN1Y4KzFnNjZwR0hYQW9XSzZBUVZINjdYQ0tKbkdCNW5sUStIc01ZUFYvTzQ5TGQ5MVpODQovMnRIa2NhTEx5TnR5d3hWUFJTc1JoNDgwamp1MGZjQ3N2NmhwLzB5WG5UQi8vbVd1dEJHcGRVbElid2lJVGJBDQptcnNiWW5qaWdSdm5QcVgxUk5KVWJpOUZwNkMyYy9ISUZKR0R5d0lEQVFBQkFvSUJBRVJWN1g1QXZ4QTh1UmlLDQprOFNJcHNEMGRYMXBKT01Jd2FrVVZ5dmM0RWZOMERoS1JOYjRyWW9TaUVHVEx5ekxweUJjL0EyOERsa201ZU9ZDQpmanpYZllrR3RZaS9GdHhrZzNPOXZjck1RNCs2aSt1R0hhSUwyckwrczRNcmZPOHYxeHY2K1dreTMzRUVHQ291DQpRaXdWR1JGUVhuUm9RNjJOQkNGYlVOTGhtWHdkajFha1p6TFU0cDVSNHpBM1FoZHh3RUlhdFZMdDArN293TFEzDQpsUDhzZlhocHBQT1hqVHFNRDRRa1l3elBBYTgvekY3YWNuNGtyeXJVUDdRNlBBZmQwekVWcU55OVpDWjlmZmhvDQp6WGVkRmo0ODZJRm9jNWduVHAyTjZqc25WajRMQ0dJaGxWSGxZR296S0tGcUpjUVZHc0hDcXExb3oyempXNkxTDQpvUllJSGdFQ2dZRUE4elpya0N3TllTWEp1T0RKM20vaE9MVnhjeGdKdXdYb2lFcldkMEU0MnZQYW5qalZNaG50DQpLWTVsOHFHTUo2RmhLOUxZeDJxQ3JmL0UwWHRVQVoyd1ZxM09SVHlHbnNNV3JlOXRMWXM1NVgrWk4xMFRjNzV6DQo0aGFjYlUwaHFLTjFIaURtc01SWTMvMk5hWkhveTdNS253SkpCYUc0OGw5Q0NUbFZ3TUhvY0lFQ2dZRUE4amJ5DQpkR2p4VEgrNlhIV05pemI1U1JiWnhBbnlFZUplUndUTWgwZ0d6d0dQcEgvc1pZR3p5dTBTeVNYV0NuWmgzUmdxDQo1dUxsTnh0clhybGpabHlpMm5RZFFnc3EyWXJXVXMwK3pnVSsyMnVRc1pwU0FmdG1oVnJ0dmV0Nk1qVmpiQnlZDQpEQURjaUVWVWRKWUlYaytxbkZVSnllcm9MSWtUajdXWUtaNlJqa3NDZ1lCb0NGSXdSRGVnNDJvSzg5UkZtbk9yDQpMeW1OQXE0KzJvTWhzV2xWYjRlaldJV2VBazluYytHWFVmclhzelJoUzAxbVVuVTVyNXlnVXZSY2FyVi9UM1U3DQpUbk1aK0k3WTREZ1dSSURkNTF6bmh4SUJ0WVY1ai9DL3Q4NUhqcU9rSCs4YjZSVGtiY2hhWDNtYXU3ZnBVZmRzDQpGcTBuaElxNDJmaEVPOHNyZllZd2dRS0JnUUN5aGkxTi84dGFSd3BrKzMvSURFelF3amJmZHpVa1dXU0RrOVhzDQpIL3BrdVJIV2ZUTVAzZmxXcUVZZ1cvTFc0MHBlVzJIRHE1aW1kVjgrQWdaeGUvWE1iYWppOUxnd2YxUlkwMDVuDQpLeGFaUXo3eXFIdXBXbExHRjY4RFBIeGtaVlZTYWdEblYvc3p0V1g2U0ZzQ3FGVm54SVhpZlhHQzRjVzVObTlnDQp2YThxNFFLQmdRQ0VoTFZlVWZkd0t2a1o5NGcvR0Z6NzMxWjJocmRWaGdNWmFVL3U2dDBWOTUrWWV6UE5DUVpCDQp3bUU5TW1sYnExZW1EZVJPaXZqQ2ZvR2hSM2taWFcxcFRLbExoNlpNVVFVT3BwdGRYdmE4WHhmb3FRd2EzZW5BDQpNN211QmJGMFhON1ZPODBpSlB2K1BtSVpkRUlBa3B3S2ZpMjAxWUIrQmFmQ0l1R3hJRjUwVmc9PQ0KLS0tLS1FTkQgUlNBIFBSSVZBVEUgS0VZLS0tLS0NCg0KPC9rZXk+DQoNCg==
public-vpn-185,219.100.37.193,2376882,8,668497534,Japan,JP,146,1076323150,14968688,909890477116127,2weeks,Daiyuu Nobori_ Japan. Academic Use Only.,,IyMjIyMjIyMjIyMjIyMjIyMjIyMjIyMjIyMjIyMjIyMjIyMjIyMjIyMjIyMjIyMjIyMjIyMjIyMjIyMjIyMjIyMjIyMjIyMjIyMjIyMjIw0KIyBPcGVuVlBOIDIuMCBTYW1wbGUgQ29uZmlndXJhdGlvbiBGaWxlDQojIGZvciBQYWNrZXRpWCBWUE4gLyBTb2Z0RXRoZXIgVlBOIFNlcnZlcg0KIyANCiMgISEhIEFVVE8tR0VORVJBVEVEIEJZIFNPRlRFVEhFUiBWUE4gU0VSVkVSIE1BTkFHRU1FTlQgVE9PTCAhISENCiMgDQojICEhISBZT1UgSEFWRSBUTyBSRVZJRVcgSVQgQkVGT1JFIFVTRSBBTkQgTU9ESUZZIElUIEFTIE5FQ0VTU0FSWSAhISENCiMgDQojIFRoaXMgY29uZmlndXJhdGlvbiBmaWxlIGlzIGF1dG8tZ2VuZXJhdGVkLiBZb3UgbWlnaHQgdXNlIHRoaXMgY29uZmlnIGZpbGUNCiMgaW4gb3JkZXIgdG8gY29ubmVjdCB0byB0aGUgUGFja2V0aVggVlBOIC8gU29mdEV0aGVyIFZQTiBTZXJ2ZXIuDQojIEhvd2V2ZXIsIGJlZm9yZSB5b3UgdHJ5IGl0LCB5b3Ugc2hvdWxkIHJldmlldyB0aGUgZGVzY3JpcHRpb25zIG9mIHRoZSBmaWxlDQojIHRvIGRldGVybWluZSB0aGUgbmVjZXNzaXR5IHRvIG1vZGlmeSB0byBzdWl0YWJsZSBmb3IgeW91ciByZWFsIGVudmlyb25tZW50Lg0KIyBJZiBuZWNlc3NhcnksIHlvdSBoYXZlIHRvIG1vZGlmeSBhIGxpdHRsZSBhZGVxdWF0ZWx5IG9uIHRoZSBmaWxlLg0KIyBGb3IgZXhhbXBsZSwgdGhlIElQIGFkZHJlc3Mgb3IgdGhlIGhvc3RuYW1lIGFzIGEgZGVzdGluYXRpb24gVlBOIFNlcnZlcg0KIyBzaG91bGQgYmUgY29uZmlybWVkLg0KIyANCiMgTm90ZSB0aGF0IHRvIHVzZSBPcGVuVlBOIDIuMCwgeW91IGhhdmUgdG8gcHV0IHRoZSBjZXJ0aWZpY2F0aW9uIGZpbGUgb2YNCiMgdGhlIGRlc3RpbmF0aW9uIFZQTiBTZXJ2ZXIgb24gdGhlIE9wZW5WUE4gQ2xpZW50IGNvbXB1dGVyIHdoZW4geW91IHVzZSB0aGlzDQojIGNvbmZpZyBmaWxlLiBQbGVhc2UgcmVmZXIgdGhlIGJlbG93IGRlc2NyaXB0aW9ucyBjYXJlZnVsbHkuDQoNCg0KIyMjIyMjIyMjIyMjIyMjIyMjIyMjIyMjIyMjIyMjIyMjIyMjIyMjIyMjIyMjIyMjIyMjIyMjIyMjIyMjIyMjIyMjIyMjIyMjIyMjIyMjIw0KIyBTcGVjaWZ5IHRoZSB0eXBlIG9mIHRoZSBsYXllciBvZiB0aGUgVlBOIGNvbm5lY3Rpb24uDQojIA0KIyBUbyBjb25uZWN0IHRvIHRoZSBWUE4gU2VydmVyIGFzIGEgIlJlbW90ZS1BY2Nlc3MgVlBOIENsaWVudCBQQyIsDQojICBzcGVjaWZ5ICdkZXYgdHVuJy4gKExheWVyLTMgSVAgUm91dGluZyBNb2RlKQ0KIw0KIyBUbyBjb25uZWN0IHRvIHRoZSBWUE4gU2VydmVyIGFzIGEgYnJpZGdpbmcgZXF1aXBtZW50IG9mICJTaXRlLXRvLVNpdGUgVlBOIiwNCiMgIHNwZWNpZnkgJ2RldiB0YXAnLiAoTGF5ZXItMiBFdGhlcm5ldCBCcmlkZ2luZSBNb2RlKQ0KDQpkZXYgdHVuDQoNCg0KIyMjIyMjIyMjIyMjIyMjIyMjIyMjIyMjIyMjIyMjIyMjIyMjIyMjIyMjIyMjIyMjIyMjIyMjIyMjIyMjIyMjIyMjIyMjIyMjIyMjIyMjIw0KIyBTcGVjaWZ5IHRoZSB1bmRlcmx5aW5nIHByb3RvY29sIGJleW9uZCB0aGUgSW50ZXJuZXQuDQojIE5vdGUgdGhhdCB0aGlzIHNldHRpbmcgbXVzdCBiZSBjb3JyZXNwb25kIHdpdGggdGhlIGxpc3RlbmluZyBzZXR0aW5nIG9uDQojIHRoZSBWUE4gU2VydmVyLg0KIyANCiMgU3BlY2lmeSBlaXRoZXIgJ3Byb3RvIHRjcCcgb3IgJ3Byb3RvIHVkcCcuDQoNCnByb3RvIHRjcA0KDQoNCiMjIyMjIyMjIyMjIyMjIyMjIyMjIyMjIyMjIyMjIyMjIyMjIyMjIyMjIyMjIyMjIyMjIyMjIyMjIyMjIyMjIyMjIyMjIyMjIyMjIyMjIyMNCiMgVGhlIGRlc3RpbmF0aW9uIGhvc3RuYW1lIC8gSVAgYWRkcmVzcywgYW5kIHBvcnQgbnVtYmVyIG9mDQojIHRoZSB0YXJnZXQgVlBOIFNlcnZlci4NCiMgDQojIFlvdSBoYXZlIHRvIHNwZWNpZnkgYXMgJ3JlbW90ZSA8SE9TVE5BTUU+IDxQT1JUPicuIFlvdSBjYW4gYWxzbw0KIyBzcGVjaWZ5IHRoZSBJUCBhZGRyZXNzIGluc3RlYWQgb2YgdGhlIGhvc3RuYW1lLg0KIyANCiMgTm90ZSB0aGF0IHRoZSBhdXRvLWdlbmVyYXRlZCBiZWxvdyBob3N0bmFtZSBhcmUgYSAiYXV0by1kZXRlY3RlZA0KIyBJUCBhZGRyZXNzIiBvZiB0aGUgVlBOIFNlcnZlci4gWW91IGhhdmUgdG8gY29uZmlybSB0aGUgY29ycmVjdG5lc3MNCiMgYmVmb3JlaGFuZC4NCiMgDQojIFdoZW4geW91IHdhbnQgdG8gY29ubmVjdCB0byB0aGUgVlBOIFNlcnZlciBieSB1c2luZyBUQ1AgcHJvdG9jb2wsDQojIHRoZSBwb3J0IG51bWJlciBvZiB0aGUgZGVzdGluYXRpb24gVENQIHBvcnQgc2hvdWxkIGJlIHNhbWUgYXMgb25lIG9mDQojIHRoZSBhdmFpbGFibGUgVENQIGxpc3RlbmVycyBvbiB0aGUgVlBOIFNlcnZlci4NCiMgDQojIFdoZW4geW91IHVzZSBVRFAgcHJvdG9jb2wsIHRoZSBwb3J0IG51bWJlciBtdXN0IHNhbWUgYXMgdGhlIGNvbmZpZ3VyYXRpb24NCiMgc2V0dGluZyBvZiAiT3BlblZQTiBTZXJ2ZXIgQ29tcGF0aWJsZSBGdW5jdGlvbiIgb24gdGhlIFZQTiBTZXJ2ZXIuDQoNCnJlbW90ZSAyMTkuMTAwLjM3LjE5MyA0NDMNCg0KDQojIyMjIyMjIyMjIyMjIyMjIyMjIyMjIyMjIyMjIyMjIyMjIyMjIyMjIyMjIyMjIyMjIyMjIyMjIyMjIyMjIyMjIyMjIyMjIyMjIyMjIyMjDQojIFRoZSBIVFRQL0hUVFBTIHByb3h5IHNldHRpbmcuDQojIA0KIyBPbmx5IGlmIHlvdSBoYXZlIHRvIHVzZSB0aGUgSW50ZXJuZXQgdmlhIGEgcHJveHksIHVuY29tbWVudCB0aGUgYmVsb3cNCiMgdHdvIGxpbmVzIGFuZCBzcGVjaWZ5IHRoZSBwcm94eSBhZGRyZXNzIGFuZCB0aGUgcG9ydCBudW1iZXIuDQojIEluIHRoZSBjYXNlIG9mIHVzaW5nIHByb3h5LWF1dGhlbnRpY2F0aW9uLCByZWZlciB0aGUgT3BlblZQTiBtYW51YWwuDQoNCjtodHRwLXByb3h5LXJldHJ5DQo7aHR0cC1wcm94eSBbcHJveHkgc2VydmVyXSBbcHJveHkgcG9ydF0NCg0KDQojIyMjIyMjIyMjIyMjIyMjIyMjIyMjIyMjIyMjIyMjIyMjIyMjIyMjIyMjIyMjIyMjIyMjIyMjIyMjIyMjIyMjIyMjIyMjIyMjIyMjIyMjDQojIFRoZSBlbmNyeXB0aW9uIGFuZCBhdXRoZW50aWNhdGlvbiBhbGdvcml0aG0uDQojIA0KIyBEZWZhdWx0IHNldHRpbmcgaXMgZ29vZC4gTW9kaWZ5IGl0IGFzIHlvdSBwcmVmZXIuDQojIFdoZW4geW91IHNwZWNpZnkgYW4gdW5zdXBwb3J0ZWQgYWxnb3JpdGhtLCB0aGUgZXJyb3Igd2lsbCBvY2N1ci4NCiMgDQojIFRoZSBzdXBwb3J0ZWQgYWxnb3JpdGhtcyBhcmUgYXMgZm9sbG93czoNCiMgIGNpcGhlcjogW05VTEwtQ0lQSEVSXSBOVUxMIEFFUy0xMjgtQ0JDIEFFUy0xOTItQ0JDIEFFUy0yNTYtQ0JDIEJGLUNCQw0KIyAgICAgICAgICBDQVNULUNCQyBDQVNUNS1DQkMgREVTLUNCQyBERVMtRURFLUNCQyBERVMtRURFMy1DQkMgREVTWC1DQkMNCiMgICAgICAgICAgUkMyLTQwLUNCQyBSQzItNjQtQ0JDIFJDMi1DQkMNCiMgIGF1dGg6ICAgU0hBIFNIQTEgTUQ1IE1ENCBSTUQxNjANCg0KY2lwaGVyIEFFUy0xMjgtQ0JDDQphdXRoIFNIQTENCg0KDQojIyMjIyMjIyMjIyMjIyMjIyMjIyMjIyMjIyMjIyMjIyMjIyMjIyMjIyMjIyMjIyMjIyMjIyMjIyMjIyMjIyMjIyMjIyMjIyMjIyMjIyMjDQojIE90aGVyIHBhcmFtZXRlcnMgbmVjZXNzYXJ5IHRvIGNvbm5lY3QgdG8gdGhlIFZQTiBTZXJ2ZXIuDQojIA0KIyBJdCBpcyBub3QgcmVjb21tZW5kZWQgdG8gbW9kaWZ5IGl0IHVubGVzcyB5b3UgaGF2ZSBhIHBhcnRpY3VsYXIgbmVlZC4NCg0KcmVzb2x2LXJldHJ5IGluZmluaXRlDQpub2JpbmQNCnBlcnNpc3Qta2V5DQpwZXJzaXN0LXR1bg0KY2xpZW50DQp2ZXJiIDMNCiNhdXRoLXVzZXItcGFzcw0KDQoNCiMjIyMjIyMjIyMjIyMjIyMjIyMjIyMjIyMjIyMjIyMjIyMjIyMjIyMjIyMjIyMjIyMjIyMjIyMjIyMjIyMjIyMjIyMjIyMjIyMjIyMjIyMNCiMgVGhlIGNlcnRpZmljYXRlIGZpbGUgb2YgdGhlIGRlc3RpbmF0aW9uIFZQTiBTZXJ2ZXIuDQojIA0KIyBUaGUgQ0EgY2VydGlmaWNhdGUgZmlsZSBpcyBlbWJlZGRlZCBpbiB0aGUgaW5saW5lIGZvcm1hdC4NCiMgWW91IGNhbiByZXBsYWNlIHRoaXMgQ0EgY29udGVudHMgaWYgbmVjZXNzYXJ5Lg0KIyBQbGVhc2Ugbm90ZSB0aGF0IGlmIHRoZSBzZXJ2ZXIgY2VydGlmaWNhdGUgaXMgbm90IGEgc2VsZi1zaWduZWQsIHlvdSBoYXZlIHRvDQojIHNwZWNpZnkgdGhlIHNpZ25lcidzIHJvb3QgY2VydGlmaWNhdGUgKENBKSBoZXJlLg0KDQo8Y2E+DQotLS0tLUJFR0lOIENFUlRJRklDQVRFLS0tLS0NCk1JSUZhekNDQTFPZ0F3SUJBZ0lSQUlJUXo3RFNRT05aUkdQZ3UyT0Npd0F3RFFZSktvWklodmNOQVFFTEJRQXcNClR6RUxNQWtHQTFVRUJoTUNWVk14S1RBbkJnTlZCQW9USUVsdWRHVnlibVYwSUZObFkzVnlhWFI1SUZKbGMyVmgNCmNtTm9JRWR5YjNWd01SVXdFd1lEVlFRREV3eEpVMUpISUZKdmIzUWdXREV3SGhjTk1UVXdOakEwTVRFd05ETTQNCldoY05NelV3TmpBME1URXdORE00V2pCUE1Rc3dDUVlEVlFRR0V3SlZVekVwTUNjR0ExVUVDaE1nU1c1MFpYSnUNClpYUWdVMlZqZFhKcGRIa2dVbVZ6WldGeVkyZ2dSM0p2ZFhBeEZUQVRCZ05WQkFNVERFbFRVa2NnVW05dmRDQlkNCk1UQ0NBaUl3RFFZSktvWklodmNOQVFFQkJRQURnZ0lQQURDQ0Fnb0NnZ0lCQUszb0pIUDBGRGZ6bTU0clZ5Z2MNCmg3N2N0OTg0a0l4dVBPWlhvSGozZGNLaS92VnFidllBVHlqYjNtaUdiRVNUdHJGai9SUVNhNzhmMHVveG15RisNCjBUTTh1a2oxM1huZnM3ai9FdkVobWt2QmlvWnhhVXBtWm15UGZqeHd2NjBwSWdiejVNRG1nSzdpUzQrM21YNlUNCkE1L1RSNWQ4bVVnalUrZzRyazhLYjRNdTBVbFhqSUIwdHRvdjBEaU5ld053SVJ0MThqQTgrbyt1M2RwanErc1cNClQ4S09FVXQrend2by83VjNMdlN5ZTByZ1RCSWxESENOQXltZzRWTWs3QlBaN2htL0VMTktqRCtKbzJGUjNxeUgNCkI1VDBZM0hzTHVKdlc1aUI0WWxjTkhsc2R1ODdrR0o1NXR1a21pOG14ZEFRNFE3ZTJSQ09GdnUzOTZqM3grVUMNCkI1aVBOZ2lWNStJM2xnMDJkWjc3RG5LeEhadThBL2xKQmRpQjNRVzBLdFpCNmF3QmRwVUtEOWpmMWIwU0h6VXYNCktCZHMwcGpCcUFsa2QyNUhON3JPckZsZWFKMS9jdGFKeFFaQktUNVpQdDBtOVNUSkVhZGFvMHhBSDBhaG1iV24NCk9sRnVoanVlZlhLbkVnVjRXZTArVVhnVkN3T1BqZEF2QmJJK2Uwb2NTM01GRXZ6RzZ1QlFFM3hEazNTenluVG4NCmpoOEJDTkF3MUZ0eE5yUUh1c0V3TUZ4SXQ0STdtS1o5WUlxaW95bUN6THE5Z3dRYm9vTURRYUhXQmZFYndyYncNCnFIeUdPMGFvU0NxSTNIYWFkcjhmYXFVOUdZL3JPUE5rM3NnckRRb28vL2ZiNGhWQzFDTFFKMTNoZWY0WTUzQ0kNCnJVN20yWXM2eHQwblVXNy92R1QxTTBOUEFnTUJBQUdqUWpCQU1BNEdBMVVkRHdFQi93UUVBd0lCQmpBUEJnTlYNCkhSTUJBZjhFQlRBREFRSC9NQjBHQTFVZERnUVdCQlI1dEZubWU3Ymw1QUZ6Z0FpSXlCcFk5dW1iYmpBTkJna3ENCmhraUc5dzBCQVFzRkFBT0NBZ0VBVlI5WXFieXlxRkRRRExIWUdta2dKeWtJckdGMVhJcHUrSUxsYVMvVjlsWkwNCnViaHpFRm5USVpkKzUweHgrN0xTWUswNXFBdnFGeUZXaGZGUURsbnJ6dUJaNmJySkZlK0duWStFZ1BiazZaR1ENCjNCZWJZaHRGOEdhVjBueHZ3dW83N3gvUHk5YXVKL0dwc01pdS9YMSttdm9pQk92LzJYL3FrU3Npc1JjT2ovS0sNCk5GdFkyUHdCeVZTNXVDYk1pb2d6aVV3dGhEeUMzKzZXVndXNkxMdjN4TGZIVGp1Q3ZqSElJbk56a3RIQ2dLUTUNCk9SQXpJNEpNUEorR3NsV1lIYjRwaG93aW01N2lhenRYT29Kd1Rkd0p4NG5MQ2dkTmJPaGRqc252enF2SHU3VXINClRrWFdTdEFtek9WeXlnaHFwWlhqRmFIM3BPM0pMRitsKy8rc0tBSXV2dGQ3dStOeGU1QVcwd2RlUmxOOE53ZEMNCmpOUEVscHpWbWJVcTRKVWFnRWl1VERrSHpzeEhwRktWSzdxNCs2M1NNMU45NVIxTmJkV2hzY2RDYitaQUp6VmMNCm95aTNCNDNualRPUTV5T2YrMUNjZVd4RzFiUVZzNVp1ZnBzTWxqcTRVaTAvMWx2aCt3akNoUDRrcUtPSjJxeHENCjRSZ3FzYWhEWVZ2VEg5dzdqWGJ5TGVpTmRkOFhNMnc5VS90N3kwRmYvOXlpMEdFNDRaYTRyRjJMTjlkMTFUUEENCm1SR3VuVUhCY25XRXZnSkJRbDluSkVpVTBac252Z2MvdWJoUGdYUlI0WHEzN1owajRyN2cxU2dFRXp3eEE1N2QNCmVteVB4Z2NZeG4vZVI0NC9LSjRFQnMrbFZEUjN2ZXlKbStrWFE5OWIyMS8ramg1WG9zMUFuWDVpSXRyZUdDYz0NCi0tLS0tRU5EIENFUlRJRklDQVRFLS0tLS0NCg0KPC9jYT4NCg0KDQojIyMjIyMjIyMjIyMjIyMjIyMjIyMjIyMjIyMjIyMjIyMjIyMjIyMjIyMjIyMjIyMjIyMjIyMjIyMjIyMjIyMjIyMjIyMjIyMjIyMjIyMjDQojIFRoZSBjbGllbnQgY2VydGlmaWNhdGUgZmlsZSAoZHVtbXkpLg0KIyANCiMgSW4gc29tZSBpbXBsZW1lbnRhdGlvbnMgb2YgT3BlblZQTiBDbGllbnQgc29mdHdhcmUNCiMgKGZvciBleGFtcGxlOiBPcGVuVlBOIENsaWVudCBmb3IgaU9TKSwNCiMgYSBwYWlyIG9mIGNsaWVudCBjZXJ0aWZpY2F0ZSBhbmQgcHJpdmF0ZSBrZXkgbXVzdCBiZSBpbmNsdWRlZCBvbiB0aGUNCiMgY29uZmlndXJhdGlvbiBmaWxlIGR1ZSB0byB0aGUgbGltaXRhdGlvbiBvZiB0aGUgY2xpZW50Lg0KIyBTbyB0aGlzIHNhbXBsZSBjb25maWd1cmF0aW9uIGZpbGUgaGFzIGEgZHVtbXkgcGFpciBvZiBjbGllbnQgY2VydGlmaWNhdGUNCiMgYW5kIHByaXZhdGUga2V5IGFzIGZvbGxvd3MuDQoNCjxjZXJ0Pg0KLS0tLS1CRUdJTiBDRVJUSUZJQ0FURS0tLS0tDQpNSUlDeGpDQ0FhNENBUUF3RFFZSktvWklodmNOQVFFRkJRQXdLVEVhTUJnR0ExVUVBeE1SVmxCT1IyRjBaVU5zDQphV1Z1ZEVObGNuUXhDekFKQmdOVkJBWVRBa3BRTUI0WERURXpNREl4TVRBek5EazBPVm9YRFRNM01ERXhPVEF6DQpNVFF3TjFvd0tURWFNQmdHQTFVRUF4TVJWbEJPUjJGMFpVTnNhV1Z1ZEVObGNuUXhDekFKQmdOVkJBWVRBa3BRDQpNSUlCSWpBTkJna3Foa2lHOXcwQkFRRUZBQU9DQVE4QU1JSUJDZ0tDQVFFQTVoMmxnUVFZVWp3b0tZSmJ6VlpBDQo1VmNJR2Q1b3RQYy9xWlJNdDBLSXRDRkEwczlSd1JlTlZhOWZEUkZMUkJoY0lUT2x2M0ZCY1czRThoMVVzN1JEDQo0VzhHbUplOHphcEpuTHNEMzlPU01SQ3paSm5jelc0T0NIMVBaUlpXS3FEdGpsTmNhOUFGOGE2NWpUbWxEeENRDQpDam50TElXazVPTExWa0Z0OS90U2NjMUdEdGNpNTVvZmhhTkFZTVBpSDdWOCsxZzY2cEdIWEFvV0s2QVFWSDY3DQpYQ0tKbkdCNW5sUStIc01ZUFYvTzQ5TGQ5MVpOLzJ0SGtjYUxMeU50eXd4VlBSU3NSaDQ4MGpqdTBmY0NzdjZoDQpwLzB5WG5UQi8vbVd1dEJHcGRVbElid2lJVGJBbXJzYlluamlnUnZuUHFYMVJOSlViaTlGcDZDMmMvSElGSkdEDQp5d0lEQVFBQk1BMEdDU3FHU0liM0RRRUJCUVVBQTRJQkFRQ2hPNWhnY3cvNG9XZm9FRkx1OWtCYTFCLy9reEg4DQpoUWtDaFZObjhCUkM3WTBVUlFpdFBsM0RLRWVkOVVSQkRkZzJLT0F6NzdiYjZFTlBpbGlEK2EzOFVKSElSTXFlDQpVQkhobGxPSEl6dkRoSEZiYW92QUxCUWNlZUJ6ZGtReHNLUUVTS21RbVI4MzI5NTBVQ292b3lSQjYxVXlBVjdoDQorbVpoWVBHUktYS1NKSTZzMEVnZy9DcmkrQ3drNGJqSmZyYjVoVnNlMTF5aDREOU1IaHdTZkNPSCswejRoUFVUDQpGa3U3ZEdhdlVSTzVTVnhNbi9zTDZFbjVEK29TZVhrYWRIcERzK0FpcnltMllIaDE1aDAralBTT29SNnlpVnAvDQo2elplWmtyTjQza3VTNzNLcEtERmpmRlBoOHQ0cjFnT0lqdHRrTmNRcUJjY3VzbnBsUTdISnBzaw0KLS0tLS1FTkQgQ0VSVElGSUNBVEUtLS0tLQ0KDQo8L2NlcnQ+DQoNCjxrZXk+DQotLS0tLUJFR0lOIFJTQSBQUklWQVRFIEtFWS0tLS0tDQpNSUlFcEFJQkFBS0NBUUVBNWgybGdRUVlVandvS1lKYnpWWkE1VmNJR2Q1b3RQYy9xWlJNdDBLSXRDRkEwczlSDQp3UmVOVmE5ZkRSRkxSQmhjSVRPbHYzRkJjVzNFOGgxVXM3UkQ0VzhHbUplOHphcEpuTHNEMzlPU01SQ3paSm5jDQp6VzRPQ0gxUFpSWldLcUR0amxOY2E5QUY4YTY1alRtbER4Q1FDam50TElXazVPTExWa0Z0OS90U2NjMUdEdGNpDQo1NW9maGFOQVlNUGlIN1Y4KzFnNjZwR0hYQW9XSzZBUVZINjdYQ0tKbkdCNW5sUStIc01ZUFYvTzQ5TGQ5MVpODQovMnRIa2NhTEx5TnR5d3hWUFJTc1JoNDgwamp1MGZjQ3N2NmhwLzB5WG5UQi8vbVd1dEJHcGRVbElid2lJVGJBDQptcnNiWW5qaWdSdm5QcVgxUk5KVWJpOUZwNkMyYy9ISUZKR0R5d0lEQVFBQkFvSUJBRVJWN1g1QXZ4QTh1UmlLDQprOFNJcHNEMGRYMXBKT01Jd2FrVVZ5dmM0RWZOMERoS1JOYjRyWW9TaUVHVEx5ekxweUJjL0EyOERsa201ZU9ZDQpmanpYZllrR3RZaS9GdHhrZzNPOXZjck1RNCs2aSt1R0hhSUwyckwrczRNcmZPOHYxeHY2K1dreTMzRUVHQ291DQpRaXdWR1JGUVhuUm9RNjJOQkNGYlVOTGhtWHdkajFha1p6TFU0cDVSNHpBM1FoZHh3RUlhdFZMdDArN293TFEzDQpsUDhzZlhocHBQT1hqVHFNRDRRa1l3elBBYTgvekY3YWNuNGtyeXJVUDdRNlBBZmQwekVWcU55OVpDWjlmZmhvDQp6WGVkRmo0ODZJRm9jNWduVHAyTjZqc25WajRMQ0dJaGxWSGxZR296S0tGcUpjUVZHc0hDcXExb3oyempXNkxTDQpvUllJSGdFQ2dZRUE4elpya0N3TllTWEp1T0RKM20vaE9MVnhjeGdKdXdYb2lFcldkMEU0MnZQYW5qalZNaG50DQpLWTVsOHFHTUo2RmhLOUxZeDJxQ3JmL0UwWHRVQVoyd1ZxM09SVHlHbnNNV3JlOXRMWXM1NVgrWk4xMFRjNzV6DQo0aGFjYlUwaHFLTjFIaURtc01SWTMvMk5hWkhveTdNS253SkpCYUc0OGw5Q0NUbFZ3TUhvY0lFQ2dZRUE4amJ5DQpkR2p4VEgrNlhIV05pemI1U1JiWnhBbnlFZUplUndUTWgwZ0d6d0dQcEgvc1pZR3p5dTBTeVNYV0NuWmgzUmdxDQo1dUxsTnh0clhybGpabHlpMm5RZFFnc3EyWXJXVXMwK3pnVSsyMnVRc1pwU0FmdG1oVnJ0dmV0Nk1qVmpiQnlZDQpEQURjaUVWVWRKWUlYaytxbkZVSnllcm9MSWtUajdXWUtaNlJqa3NDZ1lCb0NGSXdSRGVnNDJvSzg5UkZtbk9yDQpMeW1OQXE0KzJvTWhzV2xWYjRlaldJV2VBazluYytHWFVmclhzelJoUzAxbVVuVTVyNXlnVXZSY2FyVi9UM1U3DQpUbk1aK0k3WTREZ1dSSURkNTF6bmh4SUJ0WVY1ai9DL3Q4NUhqcU9rSCs4YjZSVGtiY2hhWDNtYXU3ZnBVZmRzDQpGcTBuaElxNDJmaEVPOHNyZllZd2dRS0JnUUN5aGkxTi84dGFSd3BrKzMvSURFelF3amJmZHpVa1dXU0RrOVhzDQpIL3BrdVJIV2ZUTVAzZmxXcUVZZ1cvTFc0MHBlVzJIRHE1aW1kVjgrQWdaeGUvWE1iYWppOUxnd2YxUlkwMDVuDQpLeGFaUXo3eXFIdXBXbExHRjY4RFBIeGtaVlZTYWdEblYvc3p0V1g2U0ZzQ3FGVm54SVhpZlhHQzRjVzVObTlnDQp2YThxNFFLQmdRQ0VoTFZlVWZkd0t2a1o5NGcvR0Z6NzMxWjJocmRWaGdNWmFVL3U2dDBWOTUrWWV6UE5DUVpCDQp3bUU5TW1sYnExZW1EZVJPaXZqQ2ZvR2hSM2taWFcxcFRLbExoNlpNVVFVT3BwdGRYdmE4WHhmb3FRd2EzZW5BDQpNN211QmJGMFhON1ZPODBpSlB2K1BtSVpkRUlBa3B3S2ZpMjAxWUIrQmFmQ0l1R3hJRjUwVmc9PQ0KLS0tLS1FTkQgUlNBIFBSSVZBVEUgS0VZLS0tLS0NCg0KPC9rZXk+DQoNCg==
public-vpn-45,219.100.37.9,2336303,16,2240580959,Japan,JP,177,1076214963,13071803,835024041608796,2weeks,Daiyuu Nobori_ Japan. Academic Use Only.,,IyMjIyMjIyMjIyMjIyMjIyMjIyMjIyMjIyMjIyMjIyMjIyMjIyMjIyMjIyMjIyMjIyMjIyMjIyMjIyMjIyMjIyMjIyMjIyMjIyMjIyMjIw0KIyBPcGVuVlBOIDIuMCBTYW1wbGUgQ29uZmlndXJhdGlvbiBGaWxlDQojIGZvciBQYWNrZXRpWCBWUE4gLyBTb2Z0RXRoZXIgVlBOIFNlcnZlcg0KIyANCiMgISEhIEFVVE8tR0VORVJBVEVEIEJZIFNPRlRFVEhFUiBWUE4gU0VSVkVSIE1BTkFHRU1FTlQgVE9PTCAhISENCiMgDQojICEhISBZT1UgSEFWRSBUTyBSRVZJRVcgSVQgQkVGT1JFIFVTRSBBTkQgTU9ESUZZIElUIEFTIE5FQ0VTU0FSWSAhISENCiMgDQojIFRoaXMgY29uZmlndXJhdGlvbiBmaWxlIGlzIGF1dG8tZ2VuZXJhdGVkLiBZb3UgbWlnaHQgdXNlIHRoaXMgY29uZmlnIGZpbGUNCiMgaW4gb3JkZXIgdG8gY29ubmVjdCB0byB0aGUgUGFja2V0aVggVlBOIC8gU29mdEV0aGVyIFZQTiBTZXJ2ZXIuDQojIEhvd2V2ZXIsIGJlZm9yZSB5b3UgdHJ5IGl0LCB5b3Ugc2hvdWxkIHJldmlldyB0aGUgZGVzY3JpcHRpb25zIG9mIHRoZSBmaWxlDQojIHRvIGRldGVybWluZSB0aGUgbmVjZXNzaXR5IHRvIG1vZGlmeSB0byBzdWl0YWJsZSBmb3IgeW91ciByZWFsIGVudmlyb25tZW50Lg0KIyBJZiBuZWNlc3NhcnksIHlvdSBoYXZlIHRvIG1vZGlmeSBhIGxpdHRsZSBhZGVxdWF0ZWx5IG9uIHRoZSBmaWxlLg0KIyBGb3IgZXhhbXBsZSwgdGhlIElQIGFkZHJlc3Mgb3IgdGhlIGhvc3RuYW1lIGFzIGEgZGVzdGluYXRpb24gVlBOIFNlcnZlcg0KIyBzaG91bGQgYmUgY29uZmlybWVkLg0KIyANCiMgTm90ZSB0aGF0IHRvIHVzZSBPcGVuVlBOIDIuMCwgeW91IGhhdmUgdG8gcHV0IHRoZSBjZXJ0aWZpY2F0aW9uIGZpbGUgb2YNCiMgdGhlIGRlc3RpbmF0aW9uIFZQTiBTZXJ2ZXIgb24gdGhlIE9wZW5WUE4gQ2xpZW50IGNvbXB1dGVyIHdoZW4geW91IHVzZSB0aGlzDQojIGNvbmZpZyBmaWxlLiBQbGVhc2UgcmVmZXIgdGhlIGJlbG93IGRlc2NyaXB0aW9ucyBjYXJlZnVsbHkuDQoNCg0KIyMjIyMjIyMjIyMjIyMjIyMjIyMjIyMjIyMjIyMjIyMjIyMjIyMjIyMjIyMjIyMjIyMjIyMjIyMjIyMjIyMjIyMjIyMjIyMjIyMjIyMjIw0KIyBTcGVjaWZ5IHRoZSB0eXBlIG9mIHRoZSBsYXllciBvZiB0aGUgVlBOIGNvbm5lY3Rpb24uDQojIA0KIyBUbyBjb25uZWN0IHRvIHRoZSBWUE4gU2VydmVyIGFzIGEgIlJlbW90ZS1BY2Nlc3MgVlBOIENsaWVudCBQQyIsDQojICBzcGVjaWZ5ICdkZXYgdHVuJy4gKExheWVyLTMgSVAgUm91dGluZyBNb2RlKQ0KIw0KIyBUbyBjb25uZWN0IHRvIHRoZSBWUE4gU2VydmVyIGFzIGEgYnJpZGdpbmcgZXF1aXBtZW50IG9mICJTaXRlLXRvLVNpdGUgVlBOIiwNCiMgIHNwZWNpZnkgJ2RldiB0YXAnLiAoTGF5ZXItMiBFdGhlcm5ldCBCcmlkZ2luZSBNb2RlKQ0KDQpkZXYgdHVuDQoNCg0KIyMjIyMjIyMjIyMjIyMjIyMjIyMjIyMjIyMjIyMjIyMjIyMjIyMjIyMjIyMjIyMjIyMjIyMjIyMjIyMjIyMjIyMjIyMjIyMjIyMjIyMjIw0KIyBTcGVjaWZ5IHRoZSB1bmRlcmx5aW5nIHByb3RvY29sIGJleW9uZCB0aGUgSW50ZXJuZXQuDQojIE5vdGUgdGhhdCB0aGlzIHNldHRpbmcgbXVzdCBiZSBjb3JyZXNwb25kIHdpdGggdGhlIGxpc3RlbmluZyBzZXR0aW5nIG9uDQojIHRoZSBWUE4gU2VydmVyLg0KIyANCiMgU3BlY2lmeSBlaXRoZXIgJ3Byb3RvIHRjcCcgb3IgJ3Byb3RvIHVkcCcuDQoNCnByb3RvIHRjcA0KDQoNCiMjIyMjIyMjIyMjIyMjIyMjIyMjIyMjIyMjIyMjIyMjIyMjIyMjIyMjIyMjIyMjIyMjIyMjIyMjIyMjIyMjIyMjIyMjIyMjIyMjIyMjIyMNCiMgVGhlIGRlc3RpbmF0aW9uIGhvc3RuYW1lIC8gSVAgYWRkcmVzcywgYW5kIHBvcnQgbnVtYmVyIG9mDQojIHRoZSB0YXJnZXQgVlBOIFNlcnZlci4NCiMgDQojIFlvdSBoYXZlIHRvIHNwZWNpZnkgYXMgJ3JlbW90ZSA8SE9TVE5BTUU+IDxQT1JUPicuIFlvdSBjYW4gYWxzbw0KIyBzcGVjaWZ5IHRoZSBJUCBhZGRyZXNzIGluc3RlYWQgb2YgdGhlIGhvc3RuYW1lLg0KIyANCiMgTm90ZSB0aGF0IHRoZSBhdXRvLWdlbmVyYXRlZCBiZWxvdyBob3N0bmFtZSBhcmUgYSAiYXV0by1kZXRlY3RlZA0KIyBJUCBhZGRyZXNzIiBvZiB0aGUgVlBOIFNlcnZlci4gWW91IGhhdmUgdG8gY29uZmlybSB0aGUgY29ycmVjdG5lc3MNCiMgYmVmb3JlaGFuZC4NCiMgDQojIFdoZW4geW91IHdhbnQgdG8gY29ubmVjdCB0byB0aGUgVlBOIFNlcnZlciBieSB1c2luZyBUQ1AgcHJvdG9jb2wsDQojIHRoZSBwb3J0IG51bWJlciBvZiB0aGUgZGVzdGluYXRpb24gVENQIHBvcnQgc2hvdWxkIGJlIHNhbWUgYXMgb25lIG9mDQojIHRoZSBhdmFpbGFibGUgVENQIGxpc3RlbmVycyBvbiB0aGUgVlBOIFNlcnZlci4NCiMgDQojIFdoZW4geW91IHVzZSBVRFAgcHJvdG9jb2wsIHRoZSBwb3J0IG51bWJlciBtdXN0IHNhbWUgYXMgdGhlIGNvbmZpZ3VyYXRpb24NCiMgc2V0dGluZyBvZiAiT3BlblZQTiBTZXJ2ZXIgQ29tcGF0aWJsZSBGdW5jdGlvbiIgb24gdGhlIFZQTiBTZXJ2ZXIuDQoNCnJlbW90ZSAyMTkuMTAwLjM3LjkgNDQzDQoNCg0KIyMjIyMjIyMjIyMjIyMjIyMjIyMjIyMjIyMjIyMjIyMjIyMjIyMjIyMjIyMjIyMjIyMjIyMjIyMjIyMjIyMjIyMjIyMjIyMjIyMjIyMjIw0KIyBUaGUgSFRUUC9IVFRQUyBwcm94eSBzZXR0aW5nLg0KIyANCiMgT25seSBpZiB5b3UgaGF2ZSB0byB1c2UgdGhlIEludGVybmV0IHZpYSBhIHByb3h5LCB1bmNvbW1lbnQgdGhlIGJlbG93DQojIHR3byBsaW5lcyBhbmQgc3BlY2lmeSB0aGUgcHJveHkgYWRkcmVzcyBhbmQgdGhlIHBvcnQgbnVtYmVyLg0KIyBJbiB0aGUgY2FzZSBvZiB1c2luZyBwcm94eS1hdXRoZW50aWNhdGlvbiwgcmVmZXIgdGhlIE9wZW5WUE4gbWFudWFsLg0KDQo7aHR0cC1wcm94eS1yZXRyeQ0KO2h0dHAtcHJveHkgW3Byb3h5IHNlcnZlcl0gW3Byb3h5IHBvcnRdDQoNCg0KIyMjIyMjIyMjIyMjIyMjIyMjIyMjIyMjIyMjIyMjIyMjIyMjIyMjIyMjIyMjIyMjIyMjIyMjIyMjIyMjIyMjIyMjIyMjIyMjIyMjIyMjIw0KIyBUaGUgZW5jcnlwdGlvbiBhbmQgYXV0aGVudGljYXRpb24gYWxnb3JpdGhtLg0KIyANCiMgRGVmYXVsdCBzZXR0aW5nIGlzIGdvb2QuIE1vZGlmeSBpdCBhcyB5b3UgcHJlZmVyLg0KIyBXaGVuIHlvdSBzcGVjaWZ5IGFuIHVuc3VwcG9ydGVkIGFsZ29yaXRobSwgdGhlIGVycm9yIHdpbGwgb2NjdXIuDQojIA0KIyBUaGUgc3VwcG9ydGVkIGFsZ29yaXRobXMgYXJlIGFzIGZvbGxvd3M6DQojICBjaXBoZXI6IFtOVUxMLUNJUEhFUl0gTlVMTCBBRVMtMTI4LUNCQyBBRVMtMTkyLUNCQyBBRVMtMjU2LUNCQyBCRi1DQkMNCiMgICAgICAgICAgQ0FTVC1DQkMgQ0FTVDUtQ0JDIERFUy1DQkMgREVTLUVERS1DQkMgREVTLUVERTMtQ0JDIERFU1gtQ0JDDQojICAgICAgICAgIFJDMi00MC1DQkMgUkMyLTY0LUNCQyBSQzItQ0JDDQojICBhdXRoOiAgIFNIQSBTSEExIE1ENSBNRDQgUk1EMTYwDQoNCmNpcGhlciBBRVMtMTI4LUNCQw0KYXV0aCBTSEExDQoNCg0KIyMjIyMjIyMjIyMjIyMjIyMjIyMjIyMjIyMjIyMjIyMjIyMjIyMjIyMjIyMjIyMjIyMjIyMjIyMjIyMjIyMjIyMjIyMjIyMjIyMjIyMjIw0KIyBPdGhlciBwYXJhbWV0ZXJzIG5lY2Vzc2FyeSB0byBjb25uZWN0IHRvIHRoZSBWUE4gU2VydmVyLg0KIyANCiMgSXQgaXMgbm90IHJlY29tbWVuZGVkIHRvIG1vZGlmeSBpdCB1bmxlc3MgeW91IGhhdmUgYSBwYXJ0aWN1bGFyIG5lZWQuDQoNCnJlc29sdi1yZXRyeSBpbmZpbml0ZQ0Kbm9iaW5kDQpwZXJzaXN0LWtleQ0KcGVyc2lzdC10dW4NCmNsaWVudA0KdmVyYiAzDQojYXV0aC11c2VyLXBhc3MNCg0KDQojIyMjIyMjIyMjIyMjIyMjIyMjIyMjIyMjIyMjIyMjIyMjIyMjIyMjIyMjIyMjIyMjIyMjIyMjIyMjIyMjIyMjIyMjIyMjIyMjIyMjIyMjDQojIFRoZSBjZXJ0aWZpY2F0ZSBmaWxlIG9mIHRoZSBkZXN0aW5hdGlvbiBWUE4gU2VydmVyLg0KIyANCiMgVGhlIENBIGNlcnRpZmljYXRlIGZpbGUgaXMgZW1iZWRkZWQgaW4gdGhlIGlubGluZSBmb3JtYXQuDQojIFlvdSBjYW4gcmVwbGFjZSB0aGlzIENBIGNvbnRlbnRzIGlmIG5lY2Vzc2FyeS4NCiMgUGxlYXNlIG5vdGUgdGhhdCBpZiB0aGUgc2VydmVyIGNlcnRpZmljYXRlIGlzIG5vdCBhIHNlbGYtc2lnbmVkLCB5b3UgaGF2ZSB0bw0KIyBzcGVjaWZ5IHRoZSBzaWduZXIncyByb290IGNlcnRpZmljYXRlIChDQSkgaGVyZS4NCg0KPGNhPg0KLS0tLS1CRUdJTiBDRVJUSUZJQ0FURS0tLS0tDQpNSUlGYXpDQ0ExT2dBd0lCQWdJUkFJSVF6N0RTUU9OWlJHUGd1Mk9DaXdBd0RRWUpLb1pJaHZjTkFRRUxCUUF3DQpUekVMTUFrR0ExVUVCaE1DVlZNeEtUQW5CZ05WQkFvVElFbHVkR1Z5Ym1WMElGTmxZM1Z5YVhSNUlGSmxjMlZoDQpjbU5vSUVkeWIzVndNUlV3RXdZRFZRUURFd3hKVTFKSElGSnZiM1FnV0RFd0hoY05NVFV3TmpBME1URXdORE00DQpXaGNOTXpVd05qQTBNVEV3TkRNNFdqQlBNUXN3Q1FZRFZRUUdFd0pWVXpFcE1DY0dBMVVFQ2hNZ1NXNTBaWEp1DQpaWFFnVTJWamRYSnBkSGtnVW1WelpXRnlZMmdnUjNKdmRYQXhGVEFUQmdOVkJBTVRERWxUVWtjZ1VtOXZkQ0JZDQpNVENDQWlJd0RRWUpLb1pJaHZjTkFRRUJCUUFEZ2dJUEFEQ0NBZ29DZ2dJQkFLM29KSFAwRkRmem01NHJWeWdjDQpoNzdjdDk4NGtJeHVQT1pYb0hqM2RjS2kvdlZxYnZZQVR5amIzbWlHYkVTVHRyRmovUlFTYTc4ZjB1b3hteUYrDQowVE04dWtqMTNYbmZzN2ovRXZFaG1rdkJpb1p4YVVwbVpteVBmanh3djYwcElnYno1TURtZ0s3aVM0KzNtWDZVDQpBNS9UUjVkOG1VZ2pVK2c0cms4S2I0TXUwVWxYaklCMHR0b3YwRGlOZXdOd0lSdDE4akE4K28rdTNkcGpxK3NXDQpUOEtPRVV0K3p3dm8vN1YzTHZTeWUwcmdUQklsREhDTkF5bWc0Vk1rN0JQWjdobS9FTE5LakQrSm8yRlIzcXlIDQpCNVQwWTNIc0x1SnZXNWlCNFlsY05IbHNkdTg3a0dKNTV0dWttaThteGRBUTRRN2UyUkNPRnZ1Mzk2ajN4K1VDDQpCNWlQTmdpVjUrSTNsZzAyZFo3N0RuS3hIWnU4QS9sSkJkaUIzUVcwS3RaQjZhd0JkcFVLRDlqZjFiMFNIelV2DQpLQmRzMHBqQnFBbGtkMjVITjdyT3JGbGVhSjEvY3RhSnhRWkJLVDVaUHQwbTlTVEpFYWRhbzB4QUgwYWhtYlduDQpPbEZ1aGp1ZWZYS25FZ1Y0V2UwK1VYZ1ZDd09QamRBdkJiSStlMG9jUzNNRkV2ekc2dUJRRTN4RGszU3p5blRuDQpqaDhCQ05BdzFGdHhOclFIdXNFd01GeEl0NEk3bUtaOVlJcWlveW1DekxxOWd3UWJvb01EUWFIV0JmRWJ3cmJ3DQpxSHlHTzBhb1NDcUkzSGFhZHI4ZmFxVTlHWS9yT1BOazNzZ3JEUW9vLy9mYjRoVkMxQ0xRSjEzaGVmNFk1M0NJDQpyVTdtMllzNnh0MG5VVzcvdkdUMU0wTlBBZ01CQUFHalFqQkFNQTRHQTFVZER3RUIvd1FFQXdJQkJqQVBCZ05WDQpIUk1CQWY4RUJUQURBUUgvTUIwR0ExVWREZ1FXQkJSNXRGbm1lN2JsNUFGemdBaUl5QnBZOXVtYmJqQU5CZ2txDQpoa2lHOXcwQkFRc0ZBQU9DQWdFQVZSOVlxYnl5cUZEUURMSFlHbWtnSnlrSXJHRjFYSXB1K0lMbGFTL1Y5bFpMDQp1Ymh6RUZuVElaZCs1MHh4KzdMU1lLMDVxQXZxRnlGV2hmRlFEbG5yenVCWjZickpGZStHblkrRWdQYms2WkdRDQozQmViWWh0RjhHYVYwbnh2d3VvNzd4L1B5OWF1Si9HcHNNaXUvWDErbXZvaUJPdi8yWC9xa1NzaXNSY09qL0tLDQpORnRZMlB3QnlWUzV1Q2JNaW9nemlVd3RoRHlDMys2V1Z3VzZMTHYzeExmSFRqdUN2akhJSW5Oemt0SENnS1E1DQpPUkF6STRKTVBKK0dzbFdZSGI0cGhvd2ltNTdpYXp0WE9vSndUZHdKeDRuTENnZE5iT2hkanNudnpxdkh1N1VyDQpUa1hXU3RBbXpPVnl5Z2hxcFpYakZhSDNwTzNKTEYrbCsvK3NLQUl1dnRkN3UrTnhlNUFXMHdkZVJsTjhOd2RDDQpqTlBFbHB6Vm1iVXE0SlVhZ0VpdVREa0h6c3hIcEZLVks3cTQrNjNTTTFOOTVSMU5iZFdoc2NkQ2IrWkFKelZjDQpveWkzQjQzbmpUT1E1eU9mKzFDY2VXeEcxYlFWczVadWZwc01sanE0VWkwLzFsdmgrd2pDaFA0a3FLT0oycXhxDQo0Umdxc2FoRFlWdlRIOXc3alhieUxlaU5kZDhYTTJ3OVUvdDd5MEZmLzl5aTBHRTQ0WmE0ckYyTE45ZDExVFBBDQptUkd1blVIQmNuV0V2Z0pCUWw5bkpFaVUwWnNudmdjL3ViaFBnWFJSNFhxMzdaMGo0cjdnMVNnRUV6d3hBNTdkDQplbXlQeGdjWXhuL2VSNDQvS0o0RUJzK2xWRFIzdmV5Sm0ra1hROTliMjEvK2poNVhvczFBblg1aUl0cmVHQ2M9DQotLS0tLUVORCBDRVJUSUZJQ0FURS0tLS0tDQoNCjwvY2E+DQoNCg0KIyMjIyMjIyMjIyMjIyMjIyMjIyMjIyMjIyMjIyMjIyMjIyMjIyMjIyMjIyMjIyMjIyMjIyMjIyMjIyMjIyMjIyMjIyMjIyMjIyMjIyMjIw0KIyBUaGUgY2xpZW50IGNlcnRpZmljYXRlIGZpbGUgKGR1bW15KS4NCiMgDQojIEluIHNvbWUgaW1wbGVtZW50YXRpb25zIG9mIE9wZW5WUE4gQ2xpZW50IHNvZnR3YXJlDQojIChmb3IgZXhhbXBsZTogT3BlblZQTiBDbGllbnQgZm9yIGlPUyksDQojIGEgcGFpciBvZiBjbGllbnQgY2VydGlmaWNhdGUgYW5kIHByaXZhdGUga2V5IG11c3QgYmUgaW5jbHVkZWQgb24gdGhlDQojIGNvbmZpZ3VyYXRpb24gZmlsZSBkdWUgdG8gdGhlIGxpbWl0YXRpb24gb2YgdGhlIGNsaWVudC4NCiMgU28gdGhpcyBzYW1wbGUgY29uZmlndXJhdGlvbiBmaWxlIGhhcyBhIGR1bW15IHBhaXIgb2YgY2xpZW50IGNlcnRpZmljYXRlDQojIGFuZCBwcml2YXRlIGtleSBhcyBmb2xsb3dzLg0KDQo8Y2VydD4NCi0tLS0tQkVHSU4gQ0VSVElGSUNBVEUtLS0tLQ0KTUlJQ3hqQ0NBYTRDQVFBd0RRWUpLb1pJaHZjTkFRRUZCUUF3S1RFYU1CZ0dBMVVFQXhNUlZsQk9SMkYwWlVOcw0KYVdWdWRFTmxjblF4Q3pBSkJnTlZCQVlUQWtwUU1CNFhEVEV6TURJeE1UQXpORGswT1ZvWERUTTNNREV4T1RBeg0KTVRRd04xb3dLVEVhTUJnR0ExVUVBeE1SVmxCT1IyRjBaVU5zYVdWdWRFTmxjblF4Q3pBSkJnTlZCQVlUQWtwUQ0KTUlJQklqQU5CZ2txaGtpRzl3MEJBUUVGQUFPQ0FROEFNSUlCQ2dLQ0FRRUE1aDJsZ1FRWVVqd29LWUpielZaQQ0KNVZjSUdkNW90UGMvcVpSTXQwS0l0Q0ZBMHM5UndSZU5WYTlmRFJGTFJCaGNJVE9sdjNGQmNXM0U4aDFVczdSRA0KNFc4R21KZTh6YXBKbkxzRDM5T1NNUkN6WkpuY3pXNE9DSDFQWlJaV0txRHRqbE5jYTlBRjhhNjVqVG1sRHhDUQ0KQ2pudExJV2s1T0xMVmtGdDkvdFNjYzFHRHRjaTU1b2ZoYU5BWU1QaUg3VjgrMWc2NnBHSFhBb1dLNkFRVkg2Nw0KWENLSm5HQjVubFErSHNNWVBWL080OUxkOTFaTi8ydEhrY2FMTHlOdHl3eFZQUlNzUmg0ODBqanUwZmNDc3Y2aA0KcC8weVhuVEIvL21XdXRCR3BkVWxJYndpSVRiQW1yc2JZbmppZ1J2blBxWDFSTkpVYmk5RnA2QzJjL0hJRkpHRA0KeXdJREFRQUJNQTBHQ1NxR1NJYjNEUUVCQlFVQUE0SUJBUUNoTzVoZ2N3LzRvV2ZvRUZMdTlrQmExQi8va3hIOA0KaFFrQ2hWTm44QlJDN1kwVVJRaXRQbDNES0VlZDlVUkJEZGcyS09Bejc3YmI2RU5QaWxpRCthMzhVSkhJUk1xZQ0KVUJIaGxsT0hJenZEaEhGYmFvdkFMQlFjZWVCemRrUXhzS1FFU0ttUW1SODMyOTUwVUNvdm95UkI2MVV5QVY3aA0KK21aaFlQR1JLWEtTSkk2czBFZ2cvQ3JpK0N3azRiakpmcmI1aFZzZTExeWg0RDlNSGh3U2ZDT0grMHo0aFBVVA0KRmt1N2RHYXZVUk81U1Z4TW4vc0w2RW41RCtvU2VYa2FkSHBEcytBaXJ5bTJZSGgxNWgwK2pQU09vUjZ5aVZwLw0KNnpaZVprck40M2t1UzczS3BLREZqZkZQaDh0NHIxZ09JanR0a05jUXFCY2N1c25wbFE3SEpwc2sNCi0tLS0tRU5EIENFUlRJRklDQVRFLS0tLS0NCg0KPC9jZXJ0Pg0KDQo8a2V5Pg0KLS0tLS1CRUdJTiBSU0EgUFJJVkFURSBLRVktLS0tLQ0KTUlJRXBBSUJBQUtDQVFFQTVoMmxnUVFZVWp3b0tZSmJ6VlpBNVZjSUdkNW90UGMvcVpSTXQwS0l0Q0ZBMHM5Ug0Kd1JlTlZhOWZEUkZMUkJoY0lUT2x2M0ZCY1czRThoMVVzN1JENFc4R21KZTh6YXBKbkxzRDM5T1NNUkN6WkpuYw0Kelc0T0NIMVBaUlpXS3FEdGpsTmNhOUFGOGE2NWpUbWxEeENRQ2pudExJV2s1T0xMVmtGdDkvdFNjYzFHRHRjaQ0KNTVvZmhhTkFZTVBpSDdWOCsxZzY2cEdIWEFvV0s2QVFWSDY3WENLSm5HQjVubFErSHNNWVBWL080OUxkOTFaTg0KLzJ0SGtjYUxMeU50eXd4VlBSU3NSaDQ4MGpqdTBmY0NzdjZocC8weVhuVEIvL21XdXRCR3BkVWxJYndpSVRiQQ0KbXJzYlluamlnUnZuUHFYMVJOSlViaTlGcDZDMmMvSElGSkdEeXdJREFRQUJBb0lCQUVSVjdYNUF2eEE4dVJpSw0KazhTSXBzRDBkWDFwSk9NSXdha1VWeXZjNEVmTjBEaEtSTmI0cllvU2lFR1RMeXpMcHlCYy9BMjhEbGttNWVPWQ0KZmp6WGZZa0d0WWkvRnR4a2czTzl2Y3JNUTQrNmkrdUdIYUlMMnJMK3M0TXJmTzh2MXh2NitXa3kzM0VFR0NvdQ0KUWl3VkdSRlFYblJvUTYyTkJDRmJVTkxobVh3ZGoxYWtaekxVNHA1UjR6QTNRaGR4d0VJYXRWTHQwKzdvd0xRMw0KbFA4c2ZYaHBwUE9YalRxTUQ0UWtZd3pQQWE4L3pGN2FjbjRrcnlyVVA3UTZQQWZkMHpFVnFOeTlaQ1o5ZmZobw0KelhlZEZqNDg2SUZvYzVnblRwMk42anNuVmo0TENHSWhsVkhsWUdvektLRnFKY1FWR3NIQ3FxMW96MnpqVzZMUw0Kb1JZSUhnRUNnWUVBOHpacmtDd05ZU1hKdU9ESjNtL2hPTFZ4Y3hnSnV3WG9pRXJXZDBFNDJ2UGFuampWTWhudA0KS1k1bDhxR01KNkZoSzlMWXgycUNyZi9FMFh0VUFaMndWcTNPUlR5R25zTVdyZTl0TFlzNTVYK1pOMTBUYzc1eg0KNGhhY2JVMGhxS04xSGlEbXNNUlkzLzJOYVpIb3k3TUtud0pKQmFHNDhsOUNDVGxWd01Ib2NJRUNnWUVBOGpieQ0KZEdqeFRIKzZYSFdOaXpiNVNSYlp4QW55RWVKZVJ3VE1oMGdHendHUHBIL3NaWUd6eXUwU3lTWFdDblpoM1JncQ0KNXVMbE54dHJYcmxqWmx5aTJuUWRRZ3NxMllyV1VzMCt6Z1UrMjJ1UXNacFNBZnRtaFZydHZldDZNalZqYkJ5WQ0KREFEY2lFVlVkSllJWGsrcW5GVUp5ZXJvTElrVGo3V1lLWjZSamtzQ2dZQm9DRkl3UkRlZzQyb0s4OVJGbW5Pcg0KTHltTkFxNCsyb01oc1dsVmI0ZWpXSVdlQWs5bmMrR1hVZnJYc3pSaFMwMW1VblU1cjV5Z1V2UmNhclYvVDNVNw0KVG5NWitJN1k0RGdXUklEZDUxem5oeElCdFlWNWovQy90ODVIanFPa0grOGI2UlRrYmNoYVgzbWF1N2ZwVWZkcw0KRnEwbmhJcTQyZmhFTzhzcmZZWXdnUUtCZ1FDeWhpMU4vOHRhUndwayszL0lERXpRd2piZmR6VWtXV1NEazlYcw0KSC9wa3VSSFdmVE1QM2ZsV3FFWWdXL0xXNDBwZVcySERxNWltZFY4K0FnWnhlL1hNYmFqaTlMZ3dmMVJZMDA1bg0KS3hhWlF6N3lxSHVwV2xMR0Y2OERQSHhrWlZWU2FnRG5WL3N6dFdYNlNGc0NxRlZueElYaWZYR0M0Y1c1Tm05Zw0KdmE4cTRRS0JnUUNFaExWZVVmZHdLdmtaOTRnL0dGejczMVoyaHJkVmhnTVphVS91NnQwVjk1K1llelBOQ1FaQg0Kd21FOU1tbGJxMWVtRGVST2l2akNmb0doUjNrWlhXMXBUS2xMaDZaTVVRVU9wcHRkWHZhOFh4Zm9xUXdhM2VuQQ0KTTdtdUJiRjBYTjdWTzgwaUpQditQbUlaZEVJQWtwd0tmaTIwMVlCK0JhZkNJdUd4SUY1MFZnPT0NCi0tLS0tRU5EIFJTQSBQUklWQVRFIEtFWS0tLS0tDQoNCjwva2V5Pg0KDQo=
public-vpn-189,219.100.37.180,2317951,16,1940510964,Japan,JP,158,1076308823,17759346,1043757829966749,2weeks,Daiyuu Nobori_ Japan. Academic Use Only.,,IyMjIyMjIyMjIyMjIyMjIyMjIyMjIyMjIyMjIyMjIyMjIyMjIyMjIyMjIyMjIyMjIyMjIyMjIyMjIyMjIyMjIyMjIyMjIyMjIyMjIyMjIw0KIyBPcGVuVlBOIDIuMCBTYW1wbGUgQ29uZmlndXJhdGlvbiBGaWxlDQojIGZvciBQYWNrZXRpWCBWUE4gLyBTb2Z0RXRoZXIgVlBOIFNlcnZlcg0KIyANCiMgISEhIEFVVE8tR0VORVJBVEVEIEJZIFNPRlRFVEhFUiBWUE4gU0VSVkVSIE1BTkFHRU1FTlQgVE9PTCAhISENCiMgDQojICEhISBZT1UgSEFWRSBUTyBSRVZJRVcgSVQgQkVGT1JFIFVTRSBBTkQgTU9ESUZZIElUIEFTIE5FQ0VTU0FSWSAhISENCiMgDQojIFRoaXMgY29uZmlndXJhdGlvbiBmaWxlIGlzIGF1dG8tZ2VuZXJhdGVkLiBZb3UgbWlnaHQgdXNlIHRoaXMgY29uZmlnIGZpbGUNCiMgaW4gb3JkZXIgdG8gY29ubmVjdCB0byB0aGUgUGFja2V0aVggVlBOIC8gU29mdEV0aGVyIFZQTiBTZXJ2ZXIuDQojIEhvd2V2ZXIsIGJlZm9yZSB5b3UgdHJ5IGl0LCB5b3Ugc2hvdWxkIHJldmlldyB0aGUgZGVzY3JpcHRpb25zIG9mIHRoZSBmaWxlDQojIHRvIGRldGVybWluZSB0aGUgbmVjZXNzaXR5IHRvIG1vZGlmeSB0byBzdWl0YWJsZSBmb3IgeW91ciByZWFsIGVudmlyb25tZW50Lg0KIyBJZiBuZWNlc3NhcnksIHlvdSBoYXZlIHRvIG1vZGlmeSBhIGxpdHRsZSBhZGVxdWF0ZWx5IG9uIHRoZSBmaWxlLg0KIyBGb3IgZXhhbXBsZSwgdGhlIElQIGFkZHJlc3Mgb3IgdGhlIGhvc3RuYW1lIGFzIGEgZGVzdGluYXRpb24gVlBOIFNlcnZlcg0KIyBzaG91bGQgYmUgY29uZmlybWVkLg0KIyANCiMgTm90ZSB0aGF0IHRvIHVzZSBPcGVuVlBOIDIuMCwgeW91IGhhdmUgdG8gcHV0IHRoZSBjZXJ0aWZpY2F0aW9uIGZpbGUgb2YNCiMgdGhlIGRlc3RpbmF0aW9uIFZQTiBTZXJ2ZXIgb24gdGhlIE9wZW5WUE4gQ2xpZW50IGNvbXB1dGVyIHdoZW4geW91IHVzZSB0aGlzDQojIGNvbmZpZyBmaWxlLiBQbGVhc2UgcmVmZXIgdGhlIGJlbG93IGRlc2NyaXB0aW9ucyBjYXJlZnVsbHkuDQoNCg0KIyMjIyMjIyMjIyMjIyMjIyMjIyMjIyMjIyMjIyMjIyMjIyMjIyMjIyMjIyMjIyMjIyMjIyMjIyMjIyMjIyMjIyMjIyMjIyMjIyMjIyMjIw0KIyBTcGVjaWZ5IHRoZSB0eXBlIG9mIHRoZSBsYXllciBvZiB0aGUgVlBOIGNvbm5lY3Rpb24uDQojIA0KIyBUbyBjb25uZWN0IHRvIHRoZSBWUE4gU2VydmVyIGFzIGEgIlJlbW90ZS1BY2Nlc3MgVlBOIENsaWVudCBQQyIsDQojICBzcGVjaWZ5ICdkZXYgdHVuJy4gKExheWVyLTMgSVAgUm91dGluZyBNb2RlKQ0KIw0KIyBUbyBjb25uZWN0IHRvIHRoZSBWUE4gU2VydmVyIGFzIGEgYnJpZGdpbmcgZXF1aXBtZW50IG9mICJTaXRlLXRvLVNpdGUgVlBOIiwNCiMgIHNwZWNpZnkgJ2RldiB0YXAnLiAoTGF5ZXItMiBFdGhlcm5ldCBCcmlkZ2luZSBNb2RlKQ0KDQpkZXYgdHVuDQoNCg0KIyMjIyMjIyMjIyMjIyMjIyMjIyMjIyMjIyMjIyMjIyMjIyMjIyMjIyMjIyMjIyMjIyMjIyMjIyMjIyMjIyMjIyMjIyMjIyMjIyMjIyMjIw0KIyBTcGVjaWZ5IHRoZSB1bmRlcmx5aW5nIHByb3RvY29sIGJleW9uZCB0aGUgSW50ZXJuZXQuDQojIE5vdGUgdGhhdCB0aGlzIHNldHRpbmcgbXVzdCBiZSBjb3JyZXNwb25kIHdpdGggdGhlIGxpc3RlbmluZyBzZXR0aW5nIG9uDQojIHRoZSBWUE4gU2VydmVyLg0KIyANCiMgU3BlY2lmeSBlaXRoZXIgJ3Byb3RvIHRjcCcgb3IgJ3Byb3RvIHVkcCcuDQoNCnByb3RvIHRjcA0KDQoNCiMjIyMjIyMjIyMjIyMjIyMjIyMjIyMjIyMjIyMjIyMjIyMjIyMjIyMjIyMjIyMjIyMjIyMjIyMjIyMjIyMjIyMjIyMjIyMjIyMjIyMjIyMNCiMgVGhlIGRlc3RpbmF0aW9uIGhvc3RuYW1lIC8gSVAgYWRkcmVzcywgYW5kIHBvcnQgbnVtYmVyIG9mDQojIHRoZSB0YXJnZXQgVlBOIFNlcnZlci4NCiMgDQojIFlvdSBoYXZlIHRvIHNwZWNpZnkgYXMgJ3JlbW90ZSA8SE9TVE5BTUU+IDxQT1JUPicuIFlvdSBjYW4gYWxzbw0KIyBzcGVjaWZ5IHRoZSBJUCBhZGRyZXNzIGluc3RlYWQgb2YgdGhlIGhvc3RuYW1lLg0KIyANCiMgTm90ZSB0aGF0IHRoZSBhdXRvLWdlbmVyYXRlZCBiZWxvdyBob3N0bmFtZSBhcmUgYSAiYXV0by1kZXRlY3RlZA0KIyBJUCBhZGRyZXNzIiBvZiB0aGUgVlBOIFNlcnZlci4gWW91IGhhdmUgdG8gY29uZmlybSB0aGUgY29ycmVjdG5lc3MNCiMgYmVmb3JlaGFuZC4NCiMgDQojIFdoZW4geW91IHdhbnQgdG8gY29ubmVjdCB0byB0aGUgVlBOIFNlcnZlciBieSB1c2luZyBUQ1AgcHJvdG9jb2wsDQojIHRoZSBwb3J0IG51bWJlciBvZiB0aGUgZGVzdGluYXRpb24gVENQIHBvcnQgc2hvdWxkIGJlIHNhbWUgYXMgb25lIG9mDQojIHRoZSBhdmFpbGFibGUgVENQIGxpc3RlbmVycyBvbiB0aGUgVlBOIFNlcnZlci4NCiMgDQojIFdoZW4geW91IHVzZSBVRFAgcHJvdG9jb2wsIHRoZSBwb3J0IG51bWJlciBtdXN0IHNhbWUgYXMgdGhlIGNvbmZpZ3VyYXRpb24NCiMgc2V0dGluZyBvZiAiT3BlblZQTiBTZXJ2ZXIgQ29tcGF0aWJsZSBGdW5jdGlvbiIgb24gdGhlIFZQTiBTZXJ2ZXIuDQoNCnJlbW90ZSAyMTkuMTAwLjM3LjE4MCA0NDMNCg0KDQojIyMjIyMjIyMjIyMjIyMjIyMjIyMjIyMjIyMjIyMjIyMjIyMjIyMjIyMjIyMjIyMjIyMjIyMjIyMjIyMjIyMjIyMjIyMjIyMjIyMjIyMjDQojIFRoZSBIVFRQL0hUVFBTIHByb3h5IHNldHRpbmcuDQojIA0KIyBPbmx5IGlmIHlvdSBoYXZlIHRvIHVzZSB0aGUgSW50ZXJuZXQgdmlhIGEgcHJveHksIHVuY29tbWVudCB0aGUgYmVsb3cNCiMgdHdvIGxpbmVzIGFuZCBzcGVjaWZ5IHRoZSBwcm94eSBhZGRyZXNzIGFuZCB0aGUgcG9ydCBudW1iZXIuDQojIEluIHRoZSBjYXNlIG9mIHVzaW5nIHByb3h5LWF1dGhlbnRpY2F0aW9uLCByZWZlciB0aGUgT3BlblZQTiBtYW51YWwuDQoNCjtodHRwLXByb3h5LXJldHJ5DQo7aHR0cC1wcm94eSBbcHJveHkgc2VydmVyXSBbcHJveHkgcG9ydF0NCg0KDQojIyMjIyMjIyMjIyMjIyMjIyMjIyMjIyMjIyMjIyMjIyMjIyMjIyMjIyMjIyMjIyMjIyMjIyMjIyMjIyMjIyMjIyMjIyMjIyMjIyMjIyMjDQojIFRoZSBlbmNyeXB0aW9uIGFuZCBhdXRoZW50aWNhdGlvbiBhbGdvcml0aG0uDQojIA0KIyBEZWZhdWx0IHNldHRpbmcgaXMgZ29vZC4gTW9kaWZ5IGl0IGFzIHlvdSBwcmVmZXIuDQojIFdoZW4geW91IHNwZWNpZnkgYW4gdW5zdXBwb3J0ZWQgYWxnb3JpdGhtLCB0aGUgZXJyb3Igd2lsbCBvY2N1ci4NCiMgDQojIFRoZSBzdXBwb3J0ZWQgYWxnb3JpdGhtcyBhcmUgYXMgZm9sbG93czoNCiMgIGNpcGhlcjogW05VTEwtQ0lQSEVSXSBOVUxMIEFFUy0xMjgtQ0JDIEFFUy0xOTItQ0JDIEFFUy0yNTYtQ0JDIEJGLUNCQw0KIyAgICAgICAgICBDQVNULUNCQyBDQVNUNS1DQkMgREVTLUNCQyBERVMtRURFLUNCQyBERVMtRURFMy1DQkMgREVTWC1DQkMNCiMgICAgICAgICAgUkMyLTQwLUNCQyBSQzItNjQtQ0JDIFJDMi1DQkMNCiMgIGF1dGg6ICAgU0hBIFNIQTEgTUQ1IE1ENCBSTUQxNjANCg0KY2lwaGVyIEFFUy0xMjgtQ0JDDQphdXRoIFNIQTENCg0KDQojIyMjIyMjIyMjIyMjIyMjIyMjIyMjIyMjIyMjIyMjIyMjIyMjIyMjIyMjIyMjIyMjIyMjIyMjIyMjIyMjIyMjIyMjIyMjIyMjIyMjIyMjDQojIE90aGVyIHBhcmFtZXRlcnMgbmVjZXNzYXJ5IHRvIGNvbm5lY3QgdG8gdGhlIFZQTiBTZXJ2ZXIuDQojIA0KIyBJdCBpcyBub3QgcmVjb21tZW5kZWQgdG8gbW9kaWZ5IGl0IHVubGVzcyB5b3UgaGF2ZSBhIHBhcnRpY3VsYXIgbmVlZC4NCg0KcmVzb2x2LXJldHJ5IGluZmluaXRlDQpub2JpbmQNCnBlcnNpc3Qta2V5DQpwZXJzaXN0LXR1bg0KY2xpZW50DQp2ZXJiIDMNCiNhdXRoLXVzZXItcGFzcw0KDQoNCiMjIyMjIyMjIyMjIyMjIyMjIyMjIyMjIyMjIyMjIyMjIyMjIyMjIyMjIyMjIyMjIyMjIyMjIyMjIyMjIyMjIyMjIyMjIyMjIyMjIyMjIyMNCiMgVGhlIGNlcnRpZmljYXRlIGZpbGUgb2YgdGhlIGRlc3RpbmF0aW9uIFZQTiBTZXJ2ZXIuDQojIA0KIyBUaGUgQ0EgY2VydGlmaWNhdGUgZmlsZSBpcyBlbWJlZGRlZCBpbiB0aGUgaW5saW5lIGZvcm1hdC4NCiMgWW91IGNhbiByZXBsYWNlIHRoaXMgQ0EgY29udGVudHMgaWYgbmVjZXNzYXJ5Lg0KIyBQbGVhc2Ugbm90ZSB0aGF0IGlmIHRoZSBzZXJ2ZXIgY2VydGlmaWNhdGUgaXMgbm90IGEgc2VsZi1zaWduZWQsIHlvdSBoYXZlIHRvDQojIHNwZWNpZnkgdGhlIHNpZ25lcidzIHJvb3QgY2VydGlmaWNhdGUgKENBKSBoZXJlLg0KDQo8Y2E+DQotLS0tLUJFR0lOIENFUlRJRklDQVRFLS0tLS0NCk1JSUZhekNDQTFPZ0F3SUJBZ0lSQUlJUXo3RFNRT05aUkdQZ3UyT0Npd0F3RFFZSktvWklodmNOQVFFTEJRQXcNClR6RUxNQWtHQTFVRUJoTUNWVk14S1RBbkJnTlZCQW9USUVsdWRHVnlibVYwSUZObFkzVnlhWFI1SUZKbGMyVmgNCmNtTm9JRWR5YjNWd01SVXdFd1lEVlFRREV3eEpVMUpISUZKdmIzUWdXREV3SGhjTk1UVXdOakEwTVRFd05ETTQNCldoY05NelV3TmpBME1URXdORE00V2pCUE1Rc3dDUVlEVlFRR0V3SlZVekVwTUNjR0ExVUVDaE1nU1c1MFpYSnUNClpYUWdVMlZqZFhKcGRIa2dVbVZ6WldGeVkyZ2dSM0p2ZFhBeEZUQVRCZ05WQkFNVERFbFRVa2NnVW05dmRDQlkNCk1UQ0NBaUl3RFFZSktvWklodmNOQVFFQkJRQURnZ0lQQURDQ0Fnb0NnZ0lCQUszb0pIUDBGRGZ6bTU0clZ5Z2MNCmg3N2N0OTg0a0l4dVBPWlhvSGozZGNLaS92VnFidllBVHlqYjNtaUdiRVNUdHJGai9SUVNhNzhmMHVveG15RisNCjBUTTh1a2oxM1huZnM3ai9FdkVobWt2QmlvWnhhVXBtWm15UGZqeHd2NjBwSWdiejVNRG1nSzdpUzQrM21YNlUNCkE1L1RSNWQ4bVVnalUrZzRyazhLYjRNdTBVbFhqSUIwdHRvdjBEaU5ld053SVJ0MThqQTgrbyt1M2RwanErc1cNClQ4S09FVXQrend2by83VjNMdlN5ZTByZ1RCSWxESENOQXltZzRWTWs3QlBaN2htL0VMTktqRCtKbzJGUjNxeUgNCkI1VDBZM0hzTHVKdlc1aUI0WWxjTkhsc2R1ODdrR0o1NXR1a21pOG14ZEFRNFE3ZTJSQ09GdnUzOTZqM3grVUMNCkI1aVBOZ2lWNStJM2xnMDJkWjc3RG5LeEhadThBL2xKQmRpQjNRVzBLdFpCNmF3QmRwVUtEOWpmMWIwU0h6VXYNCktCZHMwcGpCcUFsa2QyNUhON3JPckZsZWFKMS9jdGFKeFFaQktUNVpQdDBtOVNUSkVhZGFvMHhBSDBhaG1iV24NCk9sRnVoanVlZlhLbkVnVjRXZTArVVhnVkN3T1BqZEF2QmJJK2Uwb2NTM01GRXZ6RzZ1QlFFM3hEazNTenluVG4NCmpoOEJDTkF3MUZ0eE5yUUh1c0V3TUZ4SXQ0STdtS1o5WUlxaW95bUN6THE5Z3dRYm9vTURRYUhXQmZFYndyYncNCnFIeUdPMGFvU0NxSTNIYWFkcjhmYXFVOUdZL3JPUE5rM3NnckRRb28vL2ZiNGhWQzFDTFFKMTNoZWY0WTUzQ0kNCnJVN20yWXM2eHQwblVXNy92R1QxTTBOUEFnTUJBQUdqUWpCQU1BNEdBMVVkRHdFQi93UUVBd0lCQmpBUEJnTlYNCkhSTUJBZjhFQlRBREFRSC9NQjBHQTFVZERnUVdCQlI1dEZubWU3Ymw1QUZ6Z0FpSXlCcFk5dW1iYmpBTkJna3ENCmhraUc5dzBCQVFzRkFBT0NBZ0VBVlI5WXFieXlxRkRRRExIWUdta2dKeWtJckdGMVhJcHUrSUxsYVMvVjlsWkwNCnViaHpFRm5USVpkKzUweHgrN0xTWUswNXFBdnFGeUZXaGZGUURsbnJ6dUJaNmJySkZlK0duWStFZ1BiazZaR1ENCjNCZWJZaHRGOEdhVjBueHZ3dW83N3gvUHk5YXVKL0dwc01pdS9YMSttdm9pQk92LzJYL3FrU3Npc1JjT2ovS0sNCk5GdFkyUHdCeVZTNXVDYk1pb2d6aVV3dGhEeUMzKzZXVndXNkxMdjN4TGZIVGp1Q3ZqSElJbk56a3RIQ2dLUTUNCk9SQXpJNEpNUEorR3NsV1lIYjRwaG93aW01N2lhenRYT29Kd1Rkd0p4NG5MQ2dkTmJPaGRqc252enF2SHU3VXINClRrWFdTdEFtek9WeXlnaHFwWlhqRmFIM3BPM0pMRitsKy8rc0tBSXV2dGQ3dStOeGU1QVcwd2RlUmxOOE53ZEMNCmpOUEVscHpWbWJVcTRKVWFnRWl1VERrSHpzeEhwRktWSzdxNCs2M1NNMU45NVIxTmJkV2hzY2RDYitaQUp6VmMNCm95aTNCNDNualRPUTV5T2YrMUNjZVd4RzFiUVZzNVp1ZnBzTWxqcTRVaTAvMWx2aCt3akNoUDRrcUtPSjJxeHENCjRSZ3FzYWhEWVZ2VEg5dzdqWGJ5TGVpTmRkOFhNMnc5VS90N3kwRmYvOXlpMEdFNDRaYTRyRjJMTjlkMTFUUEENCm1SR3VuVUhCY25XRXZnSkJRbDluSkVpVTBac252Z2MvdWJoUGdYUlI0WHEzN1owajRyN2cxU2dFRXp3eEE1N2QNCmVteVB4Z2NZeG4vZVI0NC9LSjRFQnMrbFZEUjN2ZXlKbStrWFE5OWIyMS8ramg1WG9zMUFuWDVpSXRyZUdDYz0NCi0tLS0tRU5EIENFUlRJRklDQVRFLS0tLS0NCg0KPC9jYT4NCg0KDQojIyMjIyMjIyMjIyMjIyMjIyMjIyMjIyMjIyMjIyMjIyMjIyMjIyMjIyMjIyMjIyMjIyMjIyMjIyMjIyMjIyMjIyMjIyMjIyMjIyMjIyMjDQojIFRoZSBjbGllbnQgY2VydGlmaWNhdGUgZmlsZSAoZHVtbXkpLg0KIyANCiMgSW4gc29tZSBpbXBsZW1lbnRhdGlvbnMgb2YgT3BlblZQTiBDbGllbnQgc29mdHdhcmUNCiMgKGZvciBleGFtcGxlOiBPcGVuVlBOIENsaWVudCBmb3IgaU9TKSwNCiMgYSBwYWlyIG9mIGNsaWVudCBjZXJ0aWZpY2F0ZSBhbmQgcHJpdmF0ZSBrZXkgbXVzdCBiZSBpbmNsdWRlZCBvbiB0aGUNCiMgY29uZmlndXJhdGlvbiBmaWxlIGR1ZSB0byB0aGUgbGltaXRhdGlvbiBvZiB0aGUgY2xpZW50Lg0KIyBTbyB0aGlzIHNhbXBsZSBjb25maWd1cmF0aW9uIGZpbGUgaGFzIGEgZHVtbXkgcGFpciBvZiBjbGllbnQgY2VydGlmaWNhdGUNCiMgYW5kIHByaXZhdGUga2V5IGFzIGZvbGxvd3MuDQoNCjxjZXJ0Pg0KLS0tLS1CRUdJTiBDRVJUSUZJQ0FURS0tLS0tDQpNSUlDeGpDQ0FhNENBUUF3RFFZSktvWklodmNOQVFFRkJRQXdLVEVhTUJnR0ExVUVBeE1SVmxCT1IyRjBaVU5zDQphV1Z1ZEVObGNuUXhDekFKQmdOVkJBWVRBa3BRTUI0WERURXpNREl4TVRBek5EazBPVm9YRFRNM01ERXhPVEF6DQpNVFF3TjFvd0tURWFNQmdHQTFVRUF4TVJWbEJPUjJGMFpVTnNhV1Z1ZEVObGNuUXhDekFKQmdOVkJBWVRBa3BRDQpNSUlCSWpBTkJna3Foa2lHOXcwQkFRRUZBQU9DQVE4QU1JSUJDZ0tDQVFFQTVoMmxnUVFZVWp3b0tZSmJ6VlpBDQo1VmNJR2Q1b3RQYy9xWlJNdDBLSXRDRkEwczlSd1JlTlZhOWZEUkZMUkJoY0lUT2x2M0ZCY1czRThoMVVzN1JEDQo0VzhHbUplOHphcEpuTHNEMzlPU01SQ3paSm5jelc0T0NIMVBaUlpXS3FEdGpsTmNhOUFGOGE2NWpUbWxEeENRDQpDam50TElXazVPTExWa0Z0OS90U2NjMUdEdGNpNTVvZmhhTkFZTVBpSDdWOCsxZzY2cEdIWEFvV0s2QVFWSDY3DQpYQ0tKbkdCNW5sUStIc01ZUFYvTzQ5TGQ5MVpOLzJ0SGtjYUxMeU50eXd4VlBSU3NSaDQ4MGpqdTBmY0NzdjZoDQpwLzB5WG5UQi8vbVd1dEJHcGRVbElid2lJVGJBbXJzYlluamlnUnZuUHFYMVJOSlViaTlGcDZDMmMvSElGSkdEDQp5d0lEQVFBQk1BMEdDU3FHU0liM0RRRUJCUVVBQTRJQkFRQ2hPNWhnY3cvNG9XZm9FRkx1OWtCYTFCLy9reEg4DQpoUWtDaFZObjhCUkM3WTBVUlFpdFBsM0RLRWVkOVVSQkRkZzJLT0F6NzdiYjZFTlBpbGlEK2EzOFVKSElSTXFlDQpVQkhobGxPSEl6dkRoSEZiYW92QUxCUWNlZUJ6ZGtReHNLUUVTS21RbVI4MzI5NTBVQ292b3lSQjYxVXlBVjdoDQorbVpoWVBHUktYS1NKSTZzMEVnZy9DcmkrQ3drNGJqSmZyYjVoVnNlMTF5aDREOU1IaHdTZkNPSCswejRoUFVUDQpGa3U3ZEdhdlVSTzVTVnhNbi9zTDZFbjVEK29TZVhrYWRIcERzK0FpcnltMllIaDE1aDAralBTT29SNnlpVnAvDQo2elplWmtyTjQza3VTNzNLcEtERmpmRlBoOHQ0cjFnT0lqdHRrTmNRcUJjY3VzbnBsUTdISnBzaw0KLS0tLS1FTkQgQ0VSVElGSUNBVEUtLS0tLQ0KDQo8L2NlcnQ+DQoNCjxrZXk+DQotLS0tLUJFR0lOIFJTQSBQUklWQVRFIEtFWS0tLS0tDQpNSUlFcEFJQkFBS0NBUUVBNWgybGdRUVlVandvS1lKYnpWWkE1VmNJR2Q1b3RQYy9xWlJNdDBLSXRDRkEwczlSDQp3UmVOVmE5ZkRSRkxSQmhjSVRPbHYzRkJjVzNFOGgxVXM3UkQ0VzhHbUplOHphcEpuTHNEMzlPU01SQ3paSm5jDQp6VzRPQ0gxUFpSWldLcUR0amxOY2E5QUY4YTY1alRtbER4Q1FDam50TElXazVPTExWa0Z0OS90U2NjMUdEdGNpDQo1NW9maGFOQVlNUGlIN1Y4KzFnNjZwR0hYQW9XSzZBUVZINjdYQ0tKbkdCNW5sUStIc01ZUFYvTzQ5TGQ5MVpODQovMnRIa2NhTEx5TnR5d3hWUFJTc1JoNDgwamp1MGZjQ3N2NmhwLzB5WG5UQi8vbVd1dEJHcGRVbElid2lJVGJBDQptcnNiWW5qaWdSdm5QcVgxUk5KVWJpOUZwNkMyYy9ISUZKR0R5d0lEQVFBQkFvSUJBRVJWN1g1QXZ4QTh1UmlLDQprOFNJcHNEMGRYMXBKT01Jd2FrVVZ5dmM0RWZOMERoS1JOYjRyWW9TaUVHVEx5ekxweUJjL0EyOERsa201ZU9ZDQpmanpYZllrR3RZaS9GdHhrZzNPOXZjck1RNCs2aSt1R0hhSUwyckwrczRNcmZPOHYxeHY2K1dreTMzRUVHQ291DQpRaXdWR1JGUVhuUm9RNjJOQkNGYlVOTGhtWHdkajFha1p6TFU0cDVSNHpBM1FoZHh3RUlhdFZMdDArN293TFEzDQpsUDhzZlhocHBQT1hqVHFNRDRRa1l3elBBYTgvekY3YWNuNGtyeXJVUDdRNlBBZmQwekVWcU55OVpDWjlmZmhvDQp6WGVkRmo0ODZJRm9jNWduVHAyTjZqc25WajRMQ0dJaGxWSGxZR296S0tGcUpjUVZHc0hDcXExb3oyempXNkxTDQpvUllJSGdFQ2dZRUE4elpya0N3TllTWEp1T0RKM20vaE9MVnhjeGdKdXdYb2lFcldkMEU0MnZQYW5qalZNaG50DQpLWTVsOHFHTUo2RmhLOUxZeDJxQ3JmL0UwWHRVQVoyd1ZxM09SVHlHbnNNV3JlOXRMWXM1NVgrWk4xMFRjNzV6DQo0aGFjYlUwaHFLTjFIaURtc01SWTMvMk5hWkhveTdNS253SkpCYUc0OGw5Q0NUbFZ3TUhvY0lFQ2dZRUE4amJ5DQpkR2p4VEgrNlhIV05pemI1U1JiWnhBbnlFZUplUndUTWgwZ0d6d0dQcEgvc1pZR3p5dTBTeVNYV0NuWmgzUmdxDQo1dUxsTnh0clhybGpabHlpMm5RZFFnc3EyWXJXVXMwK3pnVSsyMnVRc1pwU0FmdG1oVnJ0dmV0Nk1qVmpiQnlZDQpEQURjaUVWVWRKWUlYaytxbkZVSnllcm9MSWtUajdXWUtaNlJqa3NDZ1lCb0NGSXdSRGVnNDJvSzg5UkZtbk9yDQpMeW1OQXE0KzJvTWhzV2xWYjRlaldJV2VBazluYytHWFVmclhzelJoUzAxbVVuVTVyNXlnVXZSY2FyVi9UM1U3DQpUbk1aK0k3WTREZ1dSSURkNTF6bmh4SUJ0WVY1ai9DL3Q4NUhqcU9rSCs4YjZSVGtiY2hhWDNtYXU3ZnBVZmRzDQpGcTBuaElxNDJmaEVPOHNyZllZd2dRS0JnUUN5aGkxTi84dGFSd3BrKzMvSURFelF3amJmZHpVa1dXU0RrOVhzDQpIL3BrdVJIV2ZUTVAzZmxXcUVZZ1cvTFc0MHBlVzJIRHE1aW1kVjgrQWdaeGUvWE1iYWppOUxnd2YxUlkwMDVuDQpLeGFaUXo3eXFIdXBXbExHRjY4RFBIeGtaVlZTYWdEblYvc3p0V1g2U0ZzQ3FGVm54SVhpZlhHQzRjVzVObTlnDQp2YThxNFFLQmdRQ0VoTFZlVWZkd0t2a1o5NGcvR0Z6NzMxWjJocmRWaGdNWmFVL3U2dDBWOTUrWWV6UE5DUVpCDQp3bUU5TW1sYnExZW1EZVJPaXZqQ2ZvR2hSM2taWFcxcFRLbExoNlpNVVFVT3BwdGRYdmE4WHhmb3FRd2EzZW5BDQpNN211QmJGMFhON1ZPODBpSlB2K1BtSVpkRUlBa3B3S2ZpMjAxWUIrQmFmQ0l1R3hJRjUwVmc9PQ0KLS0tLS1FTkQgUlNBIFBSSVZBVEUgS0VZLS0tLS0NCg0KPC9rZXk+DQoNCg==
public-vpn-257,219.100.37.208,2302306,18,1781064070,Japan,JP,217,1076198570,16697112,853936213809280,2weeks,Daiyuu Nobori_ Japan. Academic Use Only.,,IyMjIyMjIyMjIyMjIyMjIyMjIyMjIyMjIyMjIyMjIyMjIyMjIyMjIyMjIyMjIyMjIyMjIyMjIyMjIyMjIyMjIyMjIyMjIyMjIyMjIyMjIw0KIyBPcGVuVlBOIDIuMCBTYW1wbGUgQ29uZmlndXJhdGlvbiBGaWxlDQojIGZvciBQYWNrZXRpWCBWUE4gLyBTb2Z0RXRoZXIgVlBOIFNlcnZlcg0KIyANCiMgISEhIEFVVE8tR0VORVJBVEVEIEJZIFNPRlRFVEhFUiBWUE4gU0VSVkVSIE1BTkFHRU1FTlQgVE9PTCAhISENCiMgDQojICEhISBZT1UgSEFWRSBUTyBSRVZJRVcgSVQgQkVGT1JFIFVTRSBBTkQgTU9ESUZZIElUIEFTIE5FQ0VTU0FSWSAhISENCiMgDQojIFRoaXMgY29uZmlndXJhdGlvbiBmaWxlIGlzIGF1dG8tZ2VuZXJhdGVkLiBZb3UgbWlnaHQgdXNlIHRoaXMgY29uZmlnIGZpbGUNCiMgaW4gb3JkZXIgdG8gY29ubmVjdCB0byB0aGUgUGFja2V0aVggVlBOIC8gU29mdEV0aGVyIFZQTiBTZXJ2ZXIuDQojIEhvd2V2ZXIsIGJlZm9yZSB5b3UgdHJ5IGl0LCB5b3Ugc2hvdWxkIHJldmlldyB0aGUgZGVzY3JpcHRpb25zIG9mIHRoZSBmaWxlDQojIHRvIGRldGVybWluZSB0aGUgbmVjZXNzaXR5IHRvIG1vZGlmeSB0byBzdWl0YWJsZSBmb3IgeW91ciByZWFsIGVudmlyb25tZW50Lg0KIyBJZiBuZWNlc3NhcnksIHlvdSBoYXZlIHRvIG1vZGlmeSBhIGxpdHRsZSBhZGVxdWF0ZWx5IG9uIHRoZSBmaWxlLg0KIyBGb3IgZXhhbXBsZSwgdGhlIElQIGFkZHJlc3Mgb3IgdGhlIGhvc3RuYW1lIGFzIGEgZGVzdGluYXRpb24gVlBOIFNlcnZlcg0KIyBzaG91bGQgYmUgY29uZmlybWVkLg0KIyANCiMgTm90ZSB0aGF0IHRvIHVzZSBPcGVuVlBOIDIuMCwgeW91IGhhdmUgdG8gcHV0IHRoZSBjZXJ0aWZpY2F0aW9uIGZpbGUgb2YNCiMgdGhlIGRlc3RpbmF0aW9uIFZQTiBTZXJ2ZXIgb24gdGhlIE9wZW5WUE4gQ2xpZW50IGNvbXB1dGVyIHdoZW4geW91IHVzZSB0aGlzDQojIGNvbmZpZyBmaWxlLiBQbGVhc2UgcmVmZXIgdGhlIGJlbG93IGRlc2NyaXB0aW9ucyBjYXJlZnVsbHkuDQoNCg0KIyMjIyMjIyMjIyMjIyMjIyMjIyMjIyMjIyMjIyMjIyMjIyMjIyMjIyMjIyMjIyMjIyMjIyMjIyMjIyMjIyMjIyMjIyMjIyMjIyMjIyMjIw0KIyBTcGVjaWZ5IHRoZSB0eXBlIG9mIHRoZSBsYXllciBvZiB0aGUgVlBOIGNvbm5lY3Rpb24uDQojIA0KIyBUbyBjb25uZWN0IHRvIHRoZSBWUE4gU2VydmVyIGFzIGEgIlJlbW90ZS1BY2Nlc3MgVlBOIENsaWVudCBQQyIsDQojICBzcGVjaWZ5ICdkZXYgdHVuJy4gKExheWVyLTMgSVAgUm91dGluZyBNb2RlKQ0KIw0KIyBUbyBjb25uZWN0IHRvIHRoZSBWUE4gU2VydmVyIGFzIGEgYnJpZGdpbmcgZXF1aXBtZW50IG9mICJTaXRlLXRvLVNpdGUgVlBOIiwNCiMgIHNwZWNpZnkgJ2RldiB0YXAnLiAoTGF5ZXItMiBFdGhlcm5ldCBCcmlkZ2luZSBNb2RlKQ0KDQpkZXYgdHVuDQoNCg0KIyMjIyMjIyMjIyMjIyMjIyMjIyMjIyMjIyMjIyMjIyMjIyMjIyMjIyMjIyMjIyMjIyMjIyMjIyMjIyMjIyMjIyMjIyMjIyMjIyMjIyMjIw0KIyBTcGVjaWZ5IHRoZSB1bmRlcmx5aW5nIHByb3RvY29sIGJleW9uZCB0aGUgSW50ZXJuZXQuDQojIE5vdGUgdGhhdCB0aGlzIHNldHRpbmcgbXVzdCBiZSBjb3JyZXNwb25kIHdpdGggdGhlIGxpc3RlbmluZyBzZXR0aW5nIG9uDQojIHRoZSBWUE4gU2VydmVyLg0KIyANCiMgU3BlY2lmeSBlaXRoZXIgJ3Byb3RvIHRjcCcgb3IgJ3Byb3RvIHVkcCcuDQoNCnByb3RvIHRjcA0KDQoNCiMjIyMjIyMjIyMjIyMjIyMjIyMjIyMjIyMjIyMjIyMjIyMjIyMjIyMjIyMjIyMjIyMjIyMjIyMjIyMjIyMjIyMjIyMjIyMjIyMjIyMjIyMNCiMgVGhlIGRlc3RpbmF0aW9uIGhvc3RuYW1lIC8gSVAgYWRkcmVzcywgYW5kIHBvcnQgbnVtYmVyIG9mDQojIHRoZSB0YXJnZXQgVlBOIFNlcnZlci4NCiMgDQojIFlvdSBoYXZlIHRvIHNwZWNpZnkgYXMgJ3JlbW90ZSA8SE9TVE5BTUU+IDxQT1JUPicuIFlvdSBjYW4gYWxzbw0KIyBzcGVjaWZ5IHRoZSBJUCBhZGRyZXNzIGluc3RlYWQgb2YgdGhlIGhvc3RuYW1lLg0KIyANCiMgTm90ZSB0aGF0IHRoZSBhdXRvLWdlbmVyYXRlZCBiZWxvdyBob3N0bmFtZSBhcmUgYSAiYXV0by1kZXRlY3RlZA0KIyBJUCBhZGRyZXNzIiBvZiB0aGUgVlBOIFNlcnZlci4gWW91IGhhdmUgdG8gY29uZmlybSB0aGUgY29ycmVjdG5lc3MNCiMgYmVmb3JlaGFuZC4NCiMgDQojIFdoZW4geW91IHdhbnQgdG8gY29ubmVjdCB0byB0aGUgVlBOIFNlcnZlciBieSB1c2luZyBUQ1AgcHJvdG9jb2wsDQojIHRoZSBwb3J0IG51bWJlciBvZiB0aGUgZGVzdGluYXRpb24gVENQIHBvcnQgc2hvdWxkIGJlIHNhbWUgYXMgb25lIG9mDQojIHRoZSBhdmFpbGFibGUgVENQIGxpc3RlbmVycyBvbiB0aGUgVlBOIFNlcnZlci4NCiMgDQojIFdoZW4geW91IHVzZSBVRFAgcHJvdG9jb2wsIHRoZSBwb3J0IG51bWJlciBtdXN0IHNhbWUgYXMgdGhlIGNvbmZpZ3VyYXRpb24NCiMgc2V0dGluZyBvZiAiT3BlblZQTiBTZXJ2ZXIgQ29tcGF0aWJsZSBGdW5jdGlvbiIgb24gdGhlIFZQTiBTZXJ2ZXIuDQoNCnJlbW90ZSAyMTkuMTAwLjM3LjIwOCA0NDMNCg0KDQojIyMjIyMjIyMjIyMjIyMjIyMjIyMjIyMjIyMjIyMjIyMjIyMjIyMjIyMjIyMjIyMjIyMjIyMjIyMjIyMjIyMjIyMjIyMjIyMjIyMjIyMjDQojIFRoZSBIVFRQL0hUVFBTIHByb3h5IHNldHRpbmcuDQojIA0KIyBPbmx5IGlmIHlvdSBoYXZlIHRvIHVzZSB0aGUgSW50ZXJuZXQgdmlhIGEgcHJveHksIHVuY29tbWVudCB0aGUgYmVsb3cNCiMgdHdvIGxpbmVzIGFuZCBzcGVjaWZ5IHRoZSBwcm94eSBhZGRyZXNzIGFuZCB0aGUgcG9ydCBudW1iZXIuDQojIEluIHRoZSBjYXNlIG9mIHVzaW5nIHByb3h5LWF1dGhlbnRpY2F0aW9uLCByZWZlciB0aGUgT3BlblZQTiBtYW51YWwuDQoNCjtodHRwLXByb3h5LXJldHJ5DQo7aHR0cC1wcm94eSBbcHJveHkgc2VydmVyXSBbcHJveHkgcG9ydF0NCg0KDQojIyMjIyMjIyMjIyMjIyMjIyMjIyMjIyMjIyMjIyMjIyMjIyMjIyMjIyMjIyMjIyMjIyMjIyMjIyMjIyMjIyMjIyMjIyMjIyMjIyMjIyMjDQojIFRoZSBlbmNyeXB0aW9uIGFuZCBhdXRoZW50aWNhdGlvbiBhbGdvcml0aG0uDQojIA0KIyBEZWZhdWx0IHNldHRpbmcgaXMgZ29vZC4gTW9kaWZ5IGl0IGFzIHlvdSBwcmVmZXIuDQojIFdoZW4geW91IHNwZWNpZnkgYW4gdW5zdXBwb3J0ZWQgYWxnb3JpdGhtLCB0aGUgZXJyb3Igd2lsbCBvY2N1ci4NCiMgDQojIFRoZSBzdXBwb3J0ZWQgYWxnb3JpdGhtcyBhcmUgYXMgZm9sbG93czoNCiMgIGNpcGhlcjogW05VTEwtQ0lQSEVSXSBOVUxMIEFFUy0xMjgtQ0JDIEFFUy0xOTItQ0JDIEFFUy0yNTYtQ0JDIEJGLUNCQw0KIyAgICAgICAgICBDQVNULUNCQyBDQVNUNS1DQkMgREVTLUNCQyBERVMtRURFLUNCQyBERVMtRURFMy1DQkMgREVTWC1DQkMNCiMgICAgICAgICAgUkMyLTQwLUNCQyBSQzItNjQtQ0JDIFJDMi1DQkMNCiMgIGF1dGg6ICAgU0hBIFNIQTEgTUQ1IE1ENCBSTUQxNjANCg0KY2lwaGVyIEFFUy0xMjgtQ0JDDQphdXRoIFNIQTENCg0KDQojIyMjIyMjIyMjIyMjIyMjIyMjIyMjIyMjIyMjIyMjIyMjIyMjIyMjIyMjIyMjIyMjIyMjIyMjIyMjIyMjIyMjIyMjIyMjIyMjIyMjIyMjDQojIE90aGVyIHBhcmFtZXRlcnMgbmVjZXNzYXJ5IHRvIGNvbm5lY3QgdG8gdGhlIFZQTiBTZXJ2ZXIuDQojIA0KIyBJdCBpcyBub3QgcmVjb21tZW5kZWQgdG8gbW9kaWZ5IGl0IHVubGVzcyB5b3UgaGF2ZSBhIHBhcnRpY3VsYXIgbmVlZC4NCg0KcmVzb2x2LXJldHJ5IGluZmluaXRlDQpub2JpbmQNCnBlcnNpc3Qta2V5DQpwZXJzaXN0LXR1bg0KY2xpZW50DQp2ZXJiIDMNCiNhdXRoLXVzZXItcGFzcw0KDQoNCiMjIyMjIyMjIyMjIyMjIyMjIyMjIyMjIyMjIyMjIyMjIyMjIyMjIyMjIyMjIyMjIyMjIyMjIyMjIyMjIyMjIyMjIyMjIyMjIyMjIyMjIyMNCiMgVGhlIGNlcnRpZmljYXRlIGZpbGUgb2YgdGhlIGRlc3RpbmF0aW9uIFZQTiBTZXJ2ZXIuDQojIA0KIyBUaGUgQ0EgY2VydGlmaWNhdGUgZmlsZSBpcyBlbWJlZGRlZCBpbiB0aGUgaW5saW5lIGZvcm1hdC4NCiMgWW91IGNhbiByZXBsYWNlIHRoaXMgQ0EgY29udGVudHMgaWYgbmVjZXNzYXJ5Lg0KIyBQbGVhc2Ugbm90ZSB0aGF0IGlmIHRoZSBzZXJ2ZXIgY2VydGlmaWNhdGUgaXMgbm90IGEgc2VsZi1zaWduZWQsIHlvdSBoYXZlIHRvDQojIHNwZWNpZnkgdGhlIHNpZ25lcidzIHJvb3QgY2VydGlmaWNhdGUgKENBKSBoZXJlLg0KDQo8Y2E+DQotLS0tLUJFR0lOIENFUlRJRklDQVRFLS0tLS0NCk1JSUZhekNDQTFPZ0F3SUJBZ0lSQUlJUXo3RFNRT05aUkdQZ3UyT0Npd0F3RFFZSktvWklodmNOQVFFTEJRQXcNClR6RUxNQWtHQTFVRUJoTUNWVk14S1RBbkJnTlZCQW9USUVsdWRHVnlibVYwSUZObFkzVnlhWFI1SUZKbGMyVmgNCmNtTm9JRWR5YjNWd01SVXdFd1lEVlFRREV3eEpVMUpISUZKdmIzUWdXREV3SGhjTk1UVXdOakEwTVRFd05ETTQNCldoY05NelV3TmpBME1URXdORE00V2pCUE1Rc3dDUVlEVlFRR0V3SlZVekVwTUNjR0ExVUVDaE1nU1c1MFpYSnUNClpYUWdVMlZqZFhKcGRIa2dVbVZ6WldGeVkyZ2dSM0p2ZFhBeEZUQVRCZ05WQkFNVERFbFRVa2NnVW05dmRDQlkNCk1UQ0NBaUl3RFFZSktvWklodmNOQVFFQkJRQURnZ0lQQURDQ0Fnb0NnZ0lCQUszb0pIUDBGRGZ6bTU0clZ5Z2MNCmg3N2N0OTg0a0l4dVBPWlhvSGozZGNLaS92VnFidllBVHlqYjNtaUdiRVNUdHJGai9SUVNhNzhmMHVveG15RisNCjBUTTh1a2oxM1huZnM3ai9FdkVobWt2QmlvWnhhVXBtWm15UGZqeHd2NjBwSWdiejVNRG1nSzdpUzQrM21YNlUNCkE1L1RSNWQ4bVVnalUrZzRyazhLYjRNdTBVbFhqSUIwdHRvdjBEaU5ld053SVJ0MThqQTgrbyt1M2RwanErc1cNClQ4S09FVXQrend2by83VjNMdlN5ZTByZ1RCSWxESENOQXltZzRWTWs3QlBaN2htL0VMTktqRCtKbzJGUjNxeUgNCkI1VDBZM0hzTHVKdlc1aUI0WWxjTkhsc2R1ODdrR0o1NXR1a21pOG14ZEFRNFE3ZTJSQ09GdnUzOTZqM3grVUMNCkI1aVBOZ2lWNStJM2xnMDJkWjc3RG5LeEhadThBL2xKQmRpQjNRVzBLdFpCNmF3QmRwVUtEOWpmMWIwU0h6VXYNCktCZHMwcGpCcUFsa2QyNUhON3JPckZsZWFKMS9jdGFKeFFaQktUNVpQdDBtOVNUSkVhZGFvMHhBSDBhaG1iV24NCk9sRnVoanVlZlhLbkVnVjRXZTArVVhnVkN3T1BqZEF2QmJJK2Uwb2NTM01GRXZ6RzZ1QlFFM3hEazNTenluVG4NCmpoOEJDTkF3MUZ0eE5yUUh1c0V3TUZ4SXQ0STdtS1o5WUlxaW95bUN6THE5Z3dRYm9vTURRYUhXQmZFYndyYncNCnFIeUdPMGFvU0NxSTNIYWFkcjhmYXFVOUdZL3JPUE5rM3NnckRRb28vL2ZiNGhWQzFDTFFKMTNoZWY0WTUzQ0kNCnJVN20yWXM2eHQwblVXNy92R1QxTTBOUEFnTUJBQUdqUWpCQU1BNEdBMVVkRHdFQi93UUVBd0lCQmpBUEJnTlYNCkhSTUJBZjhFQlRBREFRSC9NQjBHQTFVZERnUVdCQlI1dEZubWU3Ymw1QUZ6Z0FpSXlCcFk5dW1iYmpBTkJna3ENCmhraUc5dzBCQVFzRkFBT0NBZ0VBVlI5WXFieXlxRkRRRExIWUdta2dKeWtJckdGMVhJcHUrSUxsYVMvVjlsWkwNCnViaHpFRm5USVpkKzUweHgrN0xTWUswNXFBdnFGeUZXaGZGUURsbnJ6dUJaNmJySkZlK0duWStFZ1BiazZaR1ENCjNCZWJZaHRGOEdhVjBueHZ3dW83N3gvUHk5YXVKL0dwc01pdS9YMSttdm9pQk92LzJYL3FrU3Npc1JjT2ovS0sNCk5GdFkyUHdCeVZTNXVDYk1pb2d6aVV3dGhEeUMzKzZXVndXNkxMdjN4TGZIVGp1Q3ZqSElJbk56a3RIQ2dLUTUNCk9SQXpJNEpNUEorR3NsV1lIYjRwaG93aW01N2lhenRYT29Kd1Rkd0p4NG5MQ2dkTmJPaGRqc252enF2SHU3VXINClRrWFdTdEFtek9WeXlnaHFwWlhqRmFIM3BPM0pMRitsKy8rc0tBSXV2dGQ3dStOeGU1QVcwd2RlUmxOOE53ZEMNCmpOUEVscHpWbWJVcTRKVWFnRWl1VERrSHpzeEhwRktWSzdxNCs2M1NNMU45NVIxTmJkV2hzY2RDYitaQUp6VmMNCm95aTNCNDNualRPUTV5T2YrMUNjZVd4RzFiUVZzNVp1ZnBzTWxqcTRVaTAvMWx2aCt3akNoUDRrcUtPSjJxeHENCjRSZ3FzYWhEWVZ2VEg5dzdqWGJ5TGVpTmRkOFhNMnc5VS90N3kwRmYvOXlpMEdFNDRaYTRyRjJMTjlkMTFUUEENCm1SR3VuVUhCY25XRXZnSkJRbDluSkVpVTBac252Z2MvdWJoUGdYUlI0WHEzN1owajRyN2cxU2dFRXp3eEE1N2QNCmVteVB4Z2NZeG4vZVI0NC9LSjRFQnMrbFZEUjN2ZXlKbStrWFE5OWIyMS8ramg1WG9zMUFuWDVpSXRyZUdDYz0NCi0tLS0tRU5EIENFUlRJRklDQVRFLS0tLS0NCg0KPC9jYT4NCg0KDQojIyMjIyMjIyMjIyMjIyMjIyMjIyMjIyMjIyMjIyMjIyMjIyMjIyMjIyMjIyMjIyMjIyMjIyMjIyMjIyMjIyMjIyMjIyMjIyMjIyMjIyMjDQojIFRoZSBjbGllbnQgY2VydGlmaWNhdGUgZmlsZSAoZHVtbXkpLg0KIyANCiMgSW4gc29tZSBpbXBsZW1lbnRhdGlvbnMgb2YgT3BlblZQTiBDbGllbnQgc29mdHdhcmUNCiMgKGZvciBleGFtcGxlOiBPcGVuVlBOIENsaWVudCBmb3IgaU9TKSwNCiMgYSBwYWlyIG9mIGNsaWVudCBjZXJ0aWZpY2F0ZSBhbmQgcHJpdmF0ZSBrZXkgbXVzdCBiZSBpbmNsdWRlZCBvbiB0aGUNCiMgY29uZmlndXJhdGlvbiBmaWxlIGR1ZSB0byB0aGUgbGltaXRhdGlvbiBvZiB0aGUgY2xpZW50Lg0KIyBTbyB0aGlzIHNhbXBsZSBjb25maWd1cmF0aW9uIGZpbGUgaGFzIGEgZHVtbXkgcGFpciBvZiBjbGllbnQgY2VydGlmaWNhdGUNCiMgYW5kIHByaXZhdGUga2V5IGFzIGZvbGxvd3MuDQoNCjxjZXJ0Pg0KLS0tLS1CRUdJTiBDRVJUSUZJQ0FURS0tLS0tDQpNSUlDeGpDQ0FhNENBUUF3RFFZSktvWklodmNOQVFFRkJRQXdLVEVhTUJnR0ExVUVBeE1SVmxCT1IyRjBaVU5zDQphV1Z1ZEVObGNuUXhDekFKQmdOVkJBWVRBa3BRTUI0WERURXpNREl4TVRBek5EazBPVm9YRFRNM01ERXhPVEF6DQpNVFF3TjFvd0tURWFNQmdHQTFVRUF4TVJWbEJPUjJGMFpVTnNhV1Z1ZEVObGNuUXhDekFKQmdOVkJBWVRBa3BRDQpNSUlCSWpBTkJna3Foa2lHOXcwQkFRRUZBQU9DQVE4QU1JSUJDZ0tDQVFFQTVoMmxnUVFZVWp3b0tZSmJ6VlpBDQo1VmNJR2Q1b3RQYy9xWlJNdDBLSXRDRkEwczlSd1JlTlZhOWZEUkZMUkJoY0lUT2x2M0ZCY1czRThoMVVzN1JEDQo0VzhHbUplOHphcEpuTHNEMzlPU01SQ3paSm5jelc0T0NIMVBaUlpXS3FEdGpsTmNhOUFGOGE2NWpUbWxEeENRDQpDam50TElXazVPTExWa0Z0OS90U2NjMUdEdGNpNTVvZmhhTkFZTVBpSDdWOCsxZzY2cEdIWEFvV0s2QVFWSDY3DQpYQ0tKbkdCNW5sUStIc01ZUFYvTzQ5TGQ5MVpOLzJ0SGtjYUxMeU50eXd4VlBSU3NSaDQ4MGpqdTBmY0NzdjZoDQpwLzB5WG5UQi8vbVd1dEJHcGRVbElid2lJVGJBbXJzYlluamlnUnZuUHFYMVJOSlViaTlGcDZDMmMvSElGSkdEDQp5d0lEQVFBQk1BMEdDU3FHU0liM0RRRUJCUVVBQTRJQkFRQ2hPNWhnY3cvNG9XZm9FRkx1OWtCYTFCLy9reEg4DQpoUWtDaFZObjhCUkM3WTBVUlFpdFBsM0RLRWVkOVVSQkRkZzJLT0F6NzdiYjZFTlBpbGlEK2EzOFVKSElSTXFlDQpVQkhobGxPSEl6dkRoSEZiYW92QUxCUWNlZUJ6ZGtReHNLUUVTS21RbVI4MzI5NTBVQ292b3lSQjYxVXlBVjdoDQorbVpoWVBHUktYS1NKSTZzMEVnZy9DcmkrQ3drNGJqSmZyYjVoVnNlMTF5aDREOU1IaHdTZkNPSCswejRoUFVUDQpGa3U3ZEdhdlVSTzVTVnhNbi9zTDZFbjVEK29TZVhrYWRIcERzK0FpcnltMllIaDE1aDAralBTT29SNnlpVnAvDQo2elplWmtyTjQza3VTNzNLcEtERmpmRlBoOHQ0cjFnT0lqdHRrTmNRcUJjY3VzbnBsUTdISnBzaw0KLS0tLS1FTkQgQ0VSVElGSUNBVEUtLS0tLQ0KDQo8L2NlcnQ+DQoNCjxrZXk+DQotLS0tLUJFR0lOIFJTQSBQUklWQVRFIEtFWS0tLS0tDQpNSUlFcEFJQkFBS0NBUUVBNWgybGdRUVlVandvS1lKYnpWWkE1VmNJR2Q1b3RQYy9xWlJNdDBLSXRDRkEwczlSDQp3UmVOVmE5ZkRSRkxSQmhjSVRPbHYzRkJjVzNFOGgxVXM3UkQ0VzhHbUplOHphcEpuTHNEMzlPU01SQ3paSm5jDQp6VzRPQ0gxUFpSWldLcUR0amxOY2E5QUY4YTY1alRtbER4Q1FDam50TElXazVPTExWa0Z0OS90U2NjMUdEdGNpDQo1NW9maGFOQVlNUGlIN1Y4KzFnNjZwR0hYQW9XSzZBUVZINjdYQ0tKbkdCNW5sUStIc01ZUFYvTzQ5TGQ5MVpODQovMnRIa2NhTEx5TnR5d3hWUFJTc1JoNDgwamp1MGZjQ3N2NmhwLzB5WG5UQi8vbVd1dEJHcGRVbElid2lJVGJBDQptcnNiWW5qaWdSdm5QcVgxUk5KVWJpOUZwNkMyYy9ISUZKR0R5d0lEQVFBQkFvSUJBRVJWN1g1QXZ4QTh1UmlLDQprOFNJcHNEMGRYMXBKT01Jd2FrVVZ5dmM0RWZOMERoS1JOYjRyWW9TaUVHVEx5ekxweUJjL0EyOERsa201ZU9ZDQpmanpYZllrR3RZaS9GdHhrZzNPOXZjck1RNCs2aSt1R0hhSUwyckwrczRNcmZPOHYxeHY2K1dreTMzRUVHQ291DQpRaXdWR1JGUVhuUm9RNjJOQkNGYlVOTGhtWHdkajFha1p6TFU0cDVSNHpBM1FoZHh3RUlhdFZMdDArN293TFEzDQpsUDhzZlhocHBQT1hqVHFNRDRRa1l3elBBYTgvekY3YWNuNGtyeXJVUDdRNlBBZmQwekVWcU55OVpDWjlmZmhvDQp6WGVkRmo0ODZJRm9jNWduVHAyTjZqc25WajRMQ0dJaGxWSGxZR296S0tGcUpjUVZHc0hDcXExb3oyempXNkxTDQpvUllJSGdFQ2dZRUE4elpya0N3TllTWEp1T0RKM20vaE9MVnhjeGdKdXdYb2lFcldkMEU0MnZQYW5qalZNaG50DQpLWTVsOHFHTUo2RmhLOUxZeDJxQ3JmL0UwWHRVQVoyd1ZxM09SVHlHbnNNV3JlOXRMWXM1NVgrWk4xMFRjNzV6DQo0aGFjYlUwaHFLTjFIaURtc01SWTMvMk5hWkhveTdNS253SkpCYUc0OGw5Q0NUbFZ3TUhvY0lFQ2dZRUE4amJ5DQpkR2p4VEgrNlhIV05pemI1U1JiWnhBbnlFZUplUndUTWgwZ0d6d0dQcEgvc1pZR3p5dTBTeVNYV0NuWmgzUmdxDQo1dUxsTnh0clhybGpabHlpMm5RZFFnc3EyWXJXVXMwK3pnVSsyMnVRc1pwU0FmdG1oVnJ0dmV0Nk1qVmpiQnlZDQpEQURjaUVWVWRKWUlYaytxbkZVSnllcm9MSWtUajdXWUtaNlJqa3NDZ1lCb0NGSXdSRGVnNDJvSzg5UkZtbk9yDQpMeW1OQXE0KzJvTWhzV2xWYjRlaldJV2VBazluYytHWFVmclhzelJoUzAxbVVuVTVyNXlnVXZSY2FyVi9UM1U3DQpUbk1aK0k3WTREZ1dSSURkNTF6bmh4SUJ0WVY1ai9DL3Q4NUhqcU9rSCs4YjZSVGtiY2hhWDNtYXU3ZnBVZmRzDQpGcTBuaElxNDJmaEVPOHNyZllZd2dRS0JnUUN5aGkxTi84dGFSd3BrKzMvSURFelF3amJmZHpVa1dXU0RrOVhzDQpIL3BrdVJIV2ZUTVAzZmxXcUVZZ1cvTFc0MHBlVzJIRHE1aW1kVjgrQWdaeGUvWE1iYWppOUxnd2YxUlkwMDVuDQpLeGFaUXo3eXFIdXBXbExHRjY4RFBIeGtaVlZTYWdEblYvc3p0V1g2U0ZzQ3FGVm54SVhpZlhHQzRjVzVObTlnDQp2YThxNFFLQmdRQ0VoTFZlVWZkd0t2a1o5NGcvR0Z6NzMxWjJocmRWaGdNWmFVL3U2dDBWOTUrWWV6UE5DUVpCDQp3bUU5TW1sYnExZW1EZVJPaXZqQ2ZvR2hSM2taWFcxcFRLbExoNlpNVVFVT3BwdGRYdmE4WHhmb3FRd2EzZW5BDQpNN211QmJGMFhON1ZPODBpSlB2K1BtSVpkRUlBa3B3S2ZpMjAxWUIrQmFmQ0l1R3hJRjUwVmc9PQ0KLS0tLS1FTkQgUlNBIFBSSVZBVEUgS0VZLS0tLS0NCg0KPC9rZXk+DQoNCg==
public-vpn-37,219.100.37.1,2033236,21,1545881306,Japan,JP,135,1076240085,13339948,783512411441065,2weeks,Daiyuu Nobori_ Japan. Academic Use Only.,,IyMjIyMjIyMjIyMjIyMjIyMjIyMjIyMjIyMjIyMjIyMjIyMjIyMjIyMjIyMjIyMjIyMjIyMjIyMjIyMjIyMjIyMjIyMjIyMjIyMjIyMjIw0KIyBPcGVuVlBOIDIuMCBTYW1wbGUgQ29uZmlndXJhdGlvbiBGaWxlDQojIGZvciBQYWNrZXRpWCBWUE4gLyBTb2Z0RXRoZXIgVlBOIFNlcnZlcg0KIyANCiMgISEhIEFVVE8tR0VORVJBVEVEIEJZIFNPRlRFVEhFUiBWUE4gU0VSVkVSIE1BTkFHRU1FTlQgVE9PTCAhISENCiMgDQojICEhISBZT1UgSEFWRSBUTyBSRVZJRVcgSVQgQkVGT1JFIFVTRSBBTkQgTU9ESUZZIElUIEFTIE5FQ0VTU0FSWSAhISENCiMgDQojIFRoaXMgY29uZmlndXJhdGlvbiBmaWxlIGlzIGF1dG8tZ2VuZXJhdGVkLiBZb3UgbWlnaHQgdXNlIHRoaXMgY29uZmlnIGZpbGUNCiMgaW4gb3JkZXIgdG8gY29ubmVjdCB0byB0aGUgUGFja2V0aVggVlBOIC8gU29mdEV0aGVyIFZQTiBTZXJ2ZXIuDQojIEhvd2V2ZXIsIGJlZm9yZSB5b3UgdHJ5IGl0LCB5b3Ugc2hvdWxkIHJldmlldyB0aGUgZGVzY3JpcHRpb25zIG9mIHRoZSBmaWxlDQojIHRvIGRldGVybWluZSB0aGUgbmVjZXNzaXR5IHRvIG1vZGlmeSB0byBzdWl0YWJsZSBmb3IgeW91ciByZWFsIGVudmlyb25tZW50Lg0KIyBJZiBuZWNlc3NhcnksIHlvdSBoYXZlIHRvIG1vZGlmeSBhIGxpdHRsZSBhZGVxdWF0ZWx5IG9uIHRoZSBmaWxlLg0KIyBGb3IgZXhhbXBsZSwgdGhlIElQIGFkZHJlc3Mgb3IgdGhlIGhvc3RuYW1lIGFzIGEgZGVzdGluYXRpb24gVlBOIFNlcnZlcg0KIyBzaG91bGQgYmUgY29uZmlybWVkLg0KIyANCiMgTm90ZSB0aGF0IHRvIHVzZSBPcGVuVlBOIDIuMCwgeW91IGhhdmUgdG8gcHV0IHRoZSBjZXJ0aWZpY2F0aW9uIGZpbGUgb2YNCiMgdGhlIGRlc3RpbmF0aW9uIFZQTiBTZXJ2ZXIgb24gdGhlIE9wZW5WUE4gQ2xpZW50IGNvbXB1dGVyIHdoZW4geW91IHVzZSB0aGlzDQojIGNvbmZpZyBmaWxlLiBQbGVhc2UgcmVmZXIgdGhlIGJlbG93IGRlc2NyaXB0aW9ucyBjYXJlZnVsbHkuDQoNCg0KIyMjIyMjIyMjIyMjIyMjIyMjIyMjIyMjIyMjIyMjIyMjIyMjIyMjIyMjIyMjIyMjIyMjIyMjIyMjIyMjIyMjIyMjIyMjIyMjIyMjIyMjIw0KIyBTcGVjaWZ5IHRoZSB0eXBlIG9mIHRoZSBsYXllciBvZiB0aGUgVlBOIGNvbm5lY3Rpb24uDQojIA0KIyBUbyBjb25uZWN0IHRvIHRoZSBWUE4gU2VydmVyIGFzIGEgIlJlbW90ZS1BY2Nlc3MgVlBOIENsaWVudCBQQyIsDQojICBzcGVjaWZ5ICdkZXYgdHVuJy4gKExheWVyLTMgSVAgUm91dGluZyBNb2RlKQ0KIw0KIyBUbyBjb25uZWN0IHRvIHRoZSBWUE4gU2VydmVyIGFzIGEgYnJpZGdpbmcgZXF1aXBtZW50IG9mICJTaXRlLXRvLVNpdGUgVlBOIiwNCiMgIHNwZWNpZnkgJ2RldiB0YXAnLiAoTGF5ZXItMiBFdGhlcm5ldCBCcmlkZ2luZSBNb2RlKQ0KDQpkZXYgdHVuDQoNCg0KIyMjIyMjIyMjIyMjIyMjIyMjIyMjIyMjIyMjIyMjIyMjIyMjIyMjIyMjIyMjIyMjIyMjIyMjIyMjIyMjIyMjIyMjIyMjIyMjIyMjIyMjIw0KIyBTcGVjaWZ5IHRoZSB1bmRlcmx5aW5nIHByb3RvY29sIGJleW9uZCB0aGUgSW50ZXJuZXQuDQojIE5vdGUgdGhhdCB0aGlzIHNldHRpbmcgbXVzdCBiZSBjb3JyZXNwb25kIHdpdGggdGhlIGxpc3RlbmluZyBzZXR0aW5nIG9uDQojIHRoZSBWUE4gU2VydmVyLg0KIyANCiMgU3BlY2lmeSBlaXRoZXIgJ3Byb3RvIHRjcCcgb3IgJ3Byb3RvIHVkcCcuDQoNCnByb3RvIHRjcA0KDQoNCiMjIyMjIyMjIyMjIyMjIyMjIyMjIyMjIyMjIyMjIyMjIyMjIyMjIyMjIyMjIyMjIyMjIyMjIyMjIyMjIyMjIyMjIyMjIyMjIyMjIyMjIyMNCiMgVGhlIGRlc3RpbmF0aW9uIGhvc3RuYW1lIC8gSVAgYWRkcmVzcywgYW5kIHBvcnQgbnVtYmVyIG9mDQojIHRoZSB0YXJnZXQgVlBOIFNlcnZlci4NCiMgDQojIFlvdSBoYXZlIHRvIHNwZWNpZnkgYXMgJ3JlbW90ZSA8SE9TVE5BTUU+IDxQT1JUPicuIFlvdSBjYW4gYWxzbw0KIyBzcGVjaWZ5IHRoZSBJUCBhZGRyZXNzIGluc3RlYWQgb2YgdGhlIGhvc3RuYW1lLg0KIyANCiMgTm90ZSB0aGF0IHRoZSBhdXRvLWdlbmVyYXRlZCBiZWxvdyBob3N0bmFtZSBhcmUgYSAiYXV0by1kZXRlY3RlZA0KIyBJUCBhZGRyZXNzIiBvZiB0aGUgVlBOIFNlcnZlci4gWW91IGhhdmUgdG8gY29uZmlybSB0aGUgY29ycmVjdG5lc3MNCiMgYmVmb3JlaGFuZC4NCiMgDQojIFdoZW4geW91IHdhbnQgdG8gY29ubmVjdCB0byB0aGUgVlBOIFNlcnZlciBieSB1c2luZyBUQ1AgcHJvdG9jb2wsDQojIHRoZSBwb3J0IG51bWJlciBvZiB0aGUgZGVzdGluYXRpb24gVENQIHBvcnQgc2hvdWxkIGJlIHNhbWUgYXMgb25lIG9mDQojIHRoZSBhdmFpbGFibGUgVENQIGxpc3RlbmVycyBvbiB0aGUgVlBOIFNlcnZlci4NCiMgDQojIFdoZW4geW91IHVzZSBVRFAgcHJvdG9jb2wsIHRoZSBwb3J0IG51bWJlciBtdXN0IHNhbWUgYXMgdGhlIGNvbmZpZ3VyYXRpb24NCiMgc2V0dGluZyBvZiAiT3BlblZQTiBTZXJ2ZXIgQ29tcGF0aWJsZSBGdW5jdGlvbiIgb24gdGhlIFZQTiBTZXJ2ZXIuDQoNCnJlbW90ZSAyMTkuMTAwLjM3LjEgNDQzDQoNCg0KIyMjIyMjIyMjIyMjIyMjIyMjIyMjIyMjIyMjIyMjIyMjIyMjIyMjIyMjIyMjIyMjIyMjIyMjIyMjIyMjIyMjIyMjIyMjIyMjIyMjIyMjIw0KIyBUaGUgSFRUUC9IVFRQUyBwcm94eSBzZXR0aW5nLg0KIyANCiMgT25seSBpZiB5b3UgaGF2ZSB0byB1c2UgdGhlIEludGVybmV0IHZpYSBhIHByb3h5LCB1bmNvbW1lbnQgdGhlIGJlbG93DQojIHR3byBsaW5lcyBhbmQgc3BlY2lmeSB0aGUgcHJveHkgYWRkcmVzcyBhbmQgdGhlIHBvcnQgbnVtYmVyLg0KIyBJbiB0aGUgY2FzZSBvZiB1c2luZyBwcm94eS1hdXRoZW50aWNhdGlvbiwgcmVmZXIgdGhlIE9wZW5WUE4gbWFudWFsLg0KDQo7aHR0cC1wcm94eS1yZXRyeQ0KO2h0dHAtcHJveHkgW3Byb3h5IHNlcnZlcl0gW3Byb3h5IHBvcnRdDQoNCg0KIyMjIyMjIyMjIyMjIyMjIyMjIyMjIyMjIyMjIyMjIyMjIyMjIyMjIyMjIyMjIyMjIyMjIyMjIyMjIyMjIyMjIyMjIyMjIyMjIyMjIyMjIw0KIyBUaGUgZW5jcnlwdGlvbiBhbmQgYXV0aGVudGljYXRpb24gYWxnb3JpdGhtLg0KIyANCiMgRGVmYXVsdCBzZXR0aW5nIGlzIGdvb2QuIE1vZGlmeSBpdCBhcyB5b3UgcHJlZmVyLg0KIyBXaGVuIHlvdSBzcGVjaWZ5IGFuIHVuc3VwcG9ydGVkIGFsZ29yaXRobSwgdGhlIGVycm9yIHdpbGwgb2NjdXIuDQojIA0KIyBUaGUgc3VwcG9ydGVkIGFsZ29yaXRobXMgYXJlIGFzIGZvbGxvd3M6DQojICBjaXBoZXI6IFtOVUxMLUNJUEhFUl0gTlVMTCBBRVMtMTI4LUNCQyBBRVMtMTkyLUNCQyBBRVMtMjU2LUNCQyBCRi1DQkMNCiMgICAgICAgICAgQ0FTVC1DQkMgQ0FTVDUtQ0JDIERFUy1DQkMgREVTLUVERS1DQkMgREVTLUVERTMtQ0JDIERFU1gtQ0JDDQojICAgICAgICAgIFJDMi00MC1DQkMgUkMyLTY0LUNCQyBSQzItQ0JDDQojICBhdXRoOiAgIFNIQSBTSEExIE1ENSBNRDQgUk1EMTYwDQoNCmNpcGhlciBBRVMtMTI4LUNCQw0KYXV0aCBTSEExDQoNCg0KIyMjIyMjIyMjIyMjIyMjIyMjIyMjIyMjIyMjIyMjIyMjIyMjIyMjIyMjIyMjIyMjIyMjIyMjIyMjIyMjIyMjIyMjIyMjIyMjIyMjIyMjIw0KIyBPdGhlciBwYXJhbWV0ZXJzIG5lY2Vzc2FyeSB0byBjb25uZWN0IHRvIHRoZSBWUE4gU2VydmVyLg0KIyANCiMgSXQgaXMgbm90IHJlY29tbWVuZGVkIHRvIG1vZGlmeSBpdCB1bmxlc3MgeW91IGhhdmUgYSBwYXJ0aWN1bGFyIG5lZWQuDQoNCnJlc29sdi1yZXRyeSBpbmZpbml0ZQ0Kbm9iaW5kDQpwZXJzaXN0LWtleQ0KcGVyc2lzdC10dW4NCmNsaWVudA0KdmVyYiAzDQojYXV0aC11c2VyLXBhc3MNCg0KDQojIyMjIyMjIyMjIyMjIyMjIyMjIyMjIyMjIyMjIyMjIyMjIyMjIyMjIyMjIyMjIyMjIyMjIyMjIyMjIyMjIyMjIyMjIyMjIyMjIyMjIyMjDQojIFRoZSBjZXJ0aWZpY2F0ZSBmaWxlIG9mIHRoZSBkZXN0aW5hdGlvbiBWUE4gU2VydmVyLg0KIyANCiMgVGhlIENBIGNlcnRpZmljYXRlIGZpbGUgaXMgZW1iZWRkZWQgaW4gdGhlIGlubGluZSBmb3JtYXQuDQojIFlvdSBjYW4gcmVwbGFjZSB0aGlzIENBIGNvbnRlbnRzIGlmIG5lY2Vzc2FyeS4NCiMgUGxlYXNlIG5vdGUgdGhhdCBpZiB0aGUgc2VydmVyIGNlcnRpZmljYXRlIGlzIG5vdCBhIHNlbGYtc2lnbmVkLCB5b3UgaGF2ZSB0bw0KIyBzcGVjaWZ5IHRoZSBzaWduZXIncyByb290IGNlcnRpZmljYXRlIChDQSkgaGVyZS4NCg0KPGNhPg0KLS0tLS1CRUdJTiBDRVJUSUZJQ0FURS0tLS0tDQpNSUlGYXpDQ0ExT2dBd0lCQWdJUkFJSVF6N0RTUU9OWlJHUGd1Mk9DaXdBd0RRWUpLb1pJaHZjTkFRRUxCUUF3DQpUekVMTUFrR0ExVUVCaE1DVlZNeEtUQW5CZ05WQkFvVElFbHVkR1Z5Ym1WMElGTmxZM1Z5YVhSNUlGSmxjMlZoDQpjbU5vSUVkeWIzVndNUlV3RXdZRFZRUURFd3hKVTFKSElGSnZiM1FnV0RFd0hoY05NVFV3TmpBME1URXdORE00DQpXaGNOTXpVd05qQTBNVEV3TkRNNFdqQlBNUXN3Q1FZRFZRUUdFd0pWVXpFcE1DY0dBMVVFQ2hNZ1NXNTBaWEp1DQpaWFFnVTJWamRYSnBkSGtnVW1WelpXRnlZMmdnUjNKdmRYQXhGVEFUQmdOVkJBTVRERWxUVWtjZ1VtOXZkQ0JZDQpNVENDQWlJd0RRWUpLb1pJaHZjTkFRRUJCUUFEZ2dJUEFEQ0NBZ29DZ2dJQkFLM29KSFAwRkRmem01NHJWeWdjDQpoNzdjdDk4NGtJeHVQT1pYb0hqM2RjS2kvdlZxYnZZQVR5amIzbWlHYkVTVHRyRmovUlFTYTc4ZjB1b3hteUYrDQowVE04dWtqMTNYbmZzN2ovRXZFaG1rdkJpb1p4YVVwbVpteVBmanh3djYwcElnYno1TURtZ0s3aVM0KzNtWDZVDQpBNS9UUjVkOG1VZ2pVK2c0cms4S2I0TXUwVWxYaklCMHR0b3YwRGlOZXdOd0lSdDE4akE4K28rdTNkcGpxK3NXDQpUOEtPRVV0K3p3dm8vN1YzTHZTeWUwcmdUQklsREhDTkF5bWc0Vk1rN0JQWjdobS9FTE5LakQrSm8yRlIzcXlIDQpCNVQwWTNIc0x1SnZXNWlCNFlsY05IbHNkdTg3a0dKNTV0dWttaThteGRBUTRRN2UyUkNPRnZ1Mzk2ajN4K1VDDQpCNWlQTmdpVjUrSTNsZzAyZFo3N0RuS3hIWnU4QS9sSkJkaUIzUVcwS3RaQjZhd0JkcFVLRDlqZjFiMFNIelV2DQpLQmRzMHBqQnFBbGtkMjVITjdyT3JGbGVhSjEvY3RhSnhRWkJLVDVaUHQwbTlTVEpFYWRhbzB4QUgwYWhtYlduDQpPbEZ1aGp1ZWZYS25FZ1Y0V2UwK1VYZ1ZDd09QamRBdkJiSStlMG9jUzNNRkV2ekc2dUJRRTN4RGszU3p5blRuDQpqaDhCQ05BdzFGdHhOclFIdXNFd01GeEl0NEk3bUtaOVlJcWlveW1DekxxOWd3UWJvb01EUWFIV0JmRWJ3cmJ3DQpxSHlHTzBhb1NDcUkzSGFhZHI4ZmFxVTlHWS9yT1BOazNzZ3JEUW9vLy9mYjRoVkMxQ0xRSjEzaGVmNFk1M0NJDQpyVTdtMllzNnh0MG5VVzcvdkdUMU0wTlBBZ01CQUFHalFqQkFNQTRHQTFVZER3RUIvd1FFQXdJQkJqQVBCZ05WDQpIUk1CQWY4RUJUQURBUUgvTUIwR0ExVWREZ1FXQkJSNXRGbm1lN2JsNUFGemdBaUl5QnBZOXVtYmJqQU5CZ2txDQpoa2lHOXcwQkFRc0ZBQU9DQWdFQVZSOVlxYnl5cUZEUURMSFlHbWtnSnlrSXJHRjFYSXB1K0lMbGFTL1Y5bFpMDQp1Ymh6RUZuVElaZCs1MHh4KzdMU1lLMDVxQXZxRnlGV2hmRlFEbG5yenVCWjZickpGZStHblkrRWdQYms2WkdRDQozQmViWWh0RjhHYVYwbnh2d3VvNzd4L1B5OWF1Si9HcHNNaXUvWDErbXZvaUJPdi8yWC9xa1NzaXNSY09qL0tLDQpORnRZMlB3QnlWUzV1Q2JNaW9nemlVd3RoRHlDMys2V1Z3VzZMTHYzeExmSFRqdUN2akhJSW5Oemt0SENnS1E1DQpPUkF6STRKTVBKK0dzbFdZSGI0cGhvd2ltNTdpYXp0WE9vSndUZHdKeDRuTENnZE5iT2hkanNudnpxdkh1N1VyDQpUa1hXU3RBbXpPVnl5Z2hxcFpYakZhSDNwTzNKTEYrbCsvK3NLQUl1dnRkN3UrTnhlNUFXMHdkZVJsTjhOd2RDDQpqTlBFbHB6Vm1iVXE0SlVhZ0VpdVREa0h6c3hIcEZLVks3cTQrNjNTTTFOOTVSMU5iZFdoc2NkQ2IrWkFKelZjDQpveWkzQjQzbmpUT1E1eU9mKzFDY2VXeEcxYlFWczVadWZwc01sanE0VWkwLzFsdmgrd2pDaFA0a3FLT0oycXhxDQo0Umdxc2FoRFlWdlRIOXc3alhieUxlaU5kZDhYTTJ3OVUvdDd5MEZmLzl5aTBHRTQ0WmE0ckYyTE45ZDExVFBBDQptUkd1blVIQmNuV0V2Z0pCUWw5bkpFaVUwWnNudmdjL3ViaFBnWFJSNFhxMzdaMGo0cjdnMVNnRUV6d3hBNTdkDQplbXlQeGdjWXhuL2VSNDQvS0o0RUJzK2xWRFIzdmV5Sm0ra1hROTliMjEvK2poNVhvczFBblg1aUl0cmVHQ2M9DQotLS0tLUVORCBDRVJUSUZJQ0FURS0tLS0tDQoNCjwvY2E+DQoNCg0KIyMjIyMjIyMjIyMjIyMjIyMjIyMjIyMjIyMjIyMjIyMjIyMjIyMjIyMjIyMjIyMjIyMjIyMjIyMjIyMjIyMjIyMjIyMjIyMjIyMjIyMjIw0KIyBUaGUgY2xpZW50IGNlcnRpZmljYXRlIGZpbGUgKGR1bW15KS4NCiMgDQojIEluIHNvbWUgaW1wbGVtZW50YXRpb25zIG9mIE9wZW5WUE4gQ2xpZW50IHNvZnR3YXJlDQojIChmb3IgZXhhbXBsZTogT3BlblZQTiBDbGllbnQgZm9yIGlPUyksDQojIGEgcGFpciBvZiBjbGllbnQgY2VydGlmaWNhdGUgYW5kIHByaXZhdGUga2V5IG11c3QgYmUgaW5jbHVkZWQgb24gdGhlDQojIGNvbmZpZ3VyYXRpb24gZmlsZSBkdWUgdG8gdGhlIGxpbWl0YXRpb24gb2YgdGhlIGNsaWVudC4NCiMgU28gdGhpcyBzYW1wbGUgY29uZmlndXJhdGlvbiBmaWxlIGhhcyBhIGR1bW15IHBhaXIgb2YgY2xpZW50IGNlcnRpZmljYXRlDQojIGFuZCBwcml2YXRlIGtleSBhcyBmb2xsb3dzLg0KDQo8Y2VydD4NCi0tLS0tQkVHSU4gQ0VSVElGSUNBVEUtLS0tLQ0KTUlJQ3hqQ0NBYTRDQVFBd0RRWUpLb1pJaHZjTkFRRUZCUUF3S1RFYU1CZ0dBMVVFQXhNUlZsQk9SMkYwWlVOcw0KYVdWdWRFTmxjblF4Q3pBSkJnTlZCQVlUQWtwUU1CNFhEVEV6TURJeE1UQXpORGswT1ZvWERUTTNNREV4T1RBeg0KTVRRd04xb3dLVEVhTUJnR0ExVUVBeE1SVmxCT1IyRjBaVU5zYVdWdWRFTmxjblF4Q3pBSkJnTlZCQVlUQWtwUQ0KTUlJQklqQU5CZ2txaGtpRzl3MEJBUUVGQUFPQ0FROEFNSUlCQ2dLQ0FRRUE1aDJsZ1FRWVVqd29LWUpielZaQQ0KNVZjSUdkNW90UGMvcVpSTXQwS0l0Q0ZBMHM5UndSZU5WYTlmRFJGTFJCaGNJVE9sdjNGQmNXM0U4aDFVczdSRA0KNFc4R21KZTh6YXBKbkxzRDM5T1NNUkN6WkpuY3pXNE9DSDFQWlJaV0txRHRqbE5jYTlBRjhhNjVqVG1sRHhDUQ0KQ2pudExJV2s1T0xMVmtGdDkvdFNjYzFHRHRjaTU1b2ZoYU5BWU1QaUg3VjgrMWc2NnBHSFhBb1dLNkFRVkg2Nw0KWENLSm5HQjVubFErSHNNWVBWL080OUxkOTFaTi8ydEhrY2FMTHlOdHl3eFZQUlNzUmg0ODBqanUwZmNDc3Y2aA0KcC8weVhuVEIvL21XdXRCR3BkVWxJYndpSVRiQW1yc2JZbmppZ1J2blBxWDFSTkpVYmk5RnA2QzJjL0hJRkpHRA0KeXdJREFRQUJNQTBHQ1NxR1NJYjNEUUVCQlFVQUE0SUJBUUNoTzVoZ2N3LzRvV2ZvRUZMdTlrQmExQi8va3hIOA0KaFFrQ2hWTm44QlJDN1kwVVJRaXRQbDNES0VlZDlVUkJEZGcyS09Bejc3YmI2RU5QaWxpRCthMzhVSkhJUk1xZQ0KVUJIaGxsT0hJenZEaEhGYmFvdkFMQlFjZWVCemRrUXhzS1FFU0ttUW1SODMyOTUwVUNvdm95UkI2MVV5QVY3aA0KK21aaFlQR1JLWEtTSkk2czBFZ2cvQ3JpK0N3azRiakpmcmI1aFZzZTExeWg0RDlNSGh3U2ZDT0grMHo0aFBVVA0KRmt1N2RHYXZVUk81U1Z4TW4vc0w2RW41RCtvU2VYa2FkSHBEcytBaXJ5bTJZSGgxNWgwK2pQU09vUjZ5aVZwLw0KNnpaZVprck40M2t1UzczS3BLREZqZkZQaDh0NHIxZ09JanR0a05jUXFCY2N1c25wbFE3SEpwc2sNCi0tLS0tRU5EIENFUlRJRklDQVRFLS0tLS0NCg0KPC9jZXJ0Pg0KDQo8a2V5Pg0KLS0tLS1CRUdJTiBSU0EgUFJJVkFURSBLRVktLS0tLQ0KTUlJRXBBSUJBQUtDQVFFQTVoMmxnUVFZVWp3b0tZSmJ6VlpBNVZjSUdkNW90UGMvcVpSTXQwS0l0Q0ZBMHM5Ug0Kd1JlTlZhOWZEUkZMUkJoY0lUT2x2M0ZCY1czRThoMVVzN1JENFc4R21KZTh6YXBKbkxzRDM5T1NNUkN6WkpuYw0Kelc0T0NIMVBaUlpXS3FEdGpsTmNhOUFGOGE2NWpUbWxEeENRQ2pudExJV2s1T0xMVmtGdDkvdFNjYzFHRHRjaQ0KNTVvZmhhTkFZTVBpSDdWOCsxZzY2cEdIWEFvV0s2QVFWSDY3WENLSm5HQjVubFErSHNNWVBWL080OUxkOTFaTg0KLzJ0SGtjYUxMeU50eXd4VlBSU3NSaDQ4MGpqdTBmY0NzdjZocC8weVhuVEIvL21XdXRCR3BkVWxJYndpSVRiQQ0KbXJzYlluamlnUnZuUHFYMVJOSlViaTlGcDZDMmMvSElGSkdEeXdJREFRQUJBb0lCQUVSVjdYNUF2eEE4dVJpSw0KazhTSXBzRDBkWDFwSk9NSXdha1VWeXZjNEVmTjBEaEtSTmI0cllvU2lFR1RMeXpMcHlCYy9BMjhEbGttNWVPWQ0KZmp6WGZZa0d0WWkvRnR4a2czTzl2Y3JNUTQrNmkrdUdIYUlMMnJMK3M0TXJmTzh2MXh2NitXa3kzM0VFR0NvdQ0KUWl3VkdSRlFYblJvUTYyTkJDRmJVTkxobVh3ZGoxYWtaekxVNHA1UjR6QTNRaGR4d0VJYXRWTHQwKzdvd0xRMw0KbFA4c2ZYaHBwUE9YalRxTUQ0UWtZd3pQQWE4L3pGN2FjbjRrcnlyVVA3UTZQQWZkMHpFVnFOeTlaQ1o5ZmZobw0KelhlZEZqNDg2SUZvYzVnblRwMk42anNuVmo0TENHSWhsVkhsWUdvektLRnFKY1FWR3NIQ3FxMW96MnpqVzZMUw0Kb1JZSUhnRUNnWUVBOHpacmtDd05ZU1hKdU9ESjNtL2hPTFZ4Y3hnSnV3WG9pRXJXZDBFNDJ2UGFuampWTWhudA0KS1k1bDhxR01KNkZoSzlMWXgycUNyZi9FMFh0VUFaMndWcTNPUlR5R25zTVdyZTl0TFlzNTVYK1pOMTBUYzc1eg0KNGhhY2JVMGhxS04xSGlEbXNNUlkzLzJOYVpIb3k3TUtud0pKQmFHNDhsOUNDVGxWd01Ib2NJRUNnWUVBOGpieQ0KZEdqeFRIKzZYSFdOaXpiNVNSYlp4QW55RWVKZVJ3VE1oMGdHendHUHBIL3NaWUd6eXUwU3lTWFdDblpoM1JncQ0KNXVMbE54dHJYcmxqWmx5aTJuUWRRZ3NxMllyV1VzMCt6Z1UrMjJ1UXNacFNBZnRtaFZydHZldDZNalZqYkJ5WQ0KREFEY2lFVlVkSllJWGsrcW5GVUp5ZXJvTElrVGo3V1lLWjZSamtzQ2dZQm9DRkl3UkRlZzQyb0s4OVJGbW5Pcg0KTHltTkFxNCsyb01oc1dsVmI0ZWpXSVdlQWs5bmMrR1hVZnJYc3pSaFMwMW1VblU1cjV5Z1V2UmNhclYvVDNVNw0KVG5NWitJN1k0RGdXUklEZDUxem5oeElCdFlWNWovQy90ODVIanFPa0grOGI2UlRrYmNoYVgzbWF1N2ZwVWZkcw0KRnEwbmhJcTQyZmhFTzhzcmZZWXdnUUtCZ1FDeWhpMU4vOHRhUndwayszL0lERXpRd2piZmR6VWtXV1NEazlYcw0KSC9wa3VSSFdmVE1QM2ZsV3FFWWdXL0xXNDBwZVcySERxNWltZFY4K0FnWnhlL1hNYmFqaTlMZ3dmMVJZMDA1bg0KS3hhWlF6N3lxSHVwV2xMR0Y2OERQSHhrWlZWU2FnRG5WL3N6dFdYNlNGc0NxRlZueElYaWZYR0M0Y1c1Tm05Zw0KdmE4cTRRS0JnUUNFaExWZVVmZHdLdmtaOTRnL0dGejczMVoyaHJkVmhnTVphVS91NnQwVjk1K1llelBOQ1FaQg0Kd21FOU1tbGJxMWVtRGVST2l2akNmb0doUjNrWlhXMXBUS2xMaDZaTVVRVU9wcHRkWHZhOFh4Zm9xUXdhM2VuQQ0KTTdtdUJiRjBYTjdWTzgwaUpQditQbUlaZEVJQWtwd0tmaTIwMVlCK0JhZkNJdUd4SUY1MFZnPT0NCi0tLS0tRU5EIFJTQSBQUklWQVRFIEtFWS0tLS0tDQoNCjwva2V5Pg0KDQo=
public-vpn-52,219.100.37.16,1873362,9,1425674537,Japan,JP,144,1076202023,12388998,612918862409675,2weeks,Daiyuu Nobori_ Japan. Academic Use Only.,,IyMjIyMjIyMjIyMjIyMjIyMjIyMjIyMjIyMjIyMjIyMjIyMjIyMjIyMjIyMjIyMjIyMjIyMjIyMjIyMjIyMjIyMjIyMjIyMjIyMjIyMjIw0KIyBPcGVuVlBOIDIuMCBTYW1wbGUgQ29uZmlndXJhdGlvbiBGaWxlDQojIGZvciBQYWNrZXRpWCBWUE4gLyBTb2Z0RXRoZXIgVlBOIFNlcnZlcg0KIyANCiMgISEhIEFVVE8tR0VORVJBVEVEIEJZIFNPRlRFVEhFUiBWUE4gU0VSVkVSIE1BTkFHRU1FTlQgVE9PTCAhISENCiMgDQojICEhISBZT1UgSEFWRSBUTyBSRVZJRVcgSVQgQkVGT1JFIFVTRSBBTkQgTU9ESUZZIElUIEFTIE5FQ0VTU0FSWSAhISENCiMgDQojIFRoaXMgY29uZmlndXJhdGlvbiBmaWxlIGlzIGF1dG8tZ2VuZXJhdGVkLiBZb3UgbWlnaHQgdXNlIHRoaXMgY29uZmlnIGZpbGUNCiMgaW4gb3JkZXIgdG8gY29ubmVjdCB0byB0aGUgUGFja2V0aVggVlBOIC8gU29mdEV0aGVyIFZQTiBTZXJ2ZXIuDQojIEhvd2V2ZXIsIGJlZm9yZSB5b3UgdHJ5IGl0LCB5b3Ugc2hvdWxkIHJldmlldyB0aGUgZGVzY3JpcHRpb25zIG9mIHRoZSBmaWxlDQojIHRvIGRldGVybWluZSB0aGUgbmVjZXNzaXR5IHRvIG1vZGlmeSB0byBzdWl0YWJsZSBmb3IgeW91ciByZWFsIGVudmlyb25tZW50Lg0KIyBJZiBuZWNlc3NhcnksIHlvdSBoYXZlIHRvIG1vZGlmeSBhIGxpdHRsZSBhZGVxdWF0ZWx5IG9uIHRoZSBmaWxlLg0KIyBGb3IgZXhhbXBsZSwgdGhlIElQIGFkZHJlc3Mgb3IgdGhlIGhvc3RuYW1lIGFzIGEgZGVzdGluYXRpb24gVlBOIFNlcnZlcg0KIyBzaG91bGQgYmUgY29uZmlybWVkLg0KIyANCiMgTm90ZSB0aGF0IHRvIHVzZSBPcGVuVlBOIDIuMCwgeW91IGhhdmUgdG8gcHV0IHRoZSBjZXJ0aWZpY2F0aW9uIGZpbGUgb2YNCiMgdGhlIGRlc3RpbmF0aW9uIFZQTiBTZXJ2ZXIgb24gdGhlIE9wZW5WUE4gQ2xpZW50IGNvbXB1dGVyIHdoZW4geW91IHVzZSB0aGlzDQojIGNvbmZpZyBmaWxlLiBQbGVhc2UgcmVmZXIgdGhlIGJlbG93IGRlc2NyaXB0aW9ucyBjYXJlZnVsbHkuDQoNCg0KIyMjIyMjIyMjIyMjIyMjIyMjIyMjIyMjIyMjIyMjIyMjIyMjIyMjIyMjIyMjIyMjIyMjIyMjIyMjIyMjIyMjIyMjIyMjIyMjIyMjIyMjIw0KIyBTcGVjaWZ5IHRoZSB0eXBlIG9mIHRoZSBsYXllciBvZiB0aGUgVlBOIGNvbm5lY3Rpb24uDQojIA0KIyBUbyBjb25uZWN0IHRvIHRoZSBWUE4gU2VydmVyIGFzIGEgIlJlbW90ZS1BY2Nlc3MgVlBOIENsaWVudCBQQyIsDQojICBzcGVjaWZ5ICdkZXYgdHVuJy4gKExheWVyLTMgSVAgUm91dGluZyBNb2RlKQ0KIw0KIyBUbyBjb25uZWN0IHRvIHRoZSBWUE4gU2VydmVyIGFzIGEgYnJpZGdpbmcgZXF1aXBtZW50IG9mICJTaXRlLXRvLVNpdGUgVlBOIiwNCiMgIHNwZWNpZnkgJ2RldiB0YXAnLiAoTGF5ZXItMiBFdGhlcm5ldCBCcmlkZ2luZSBNb2RlKQ0KDQpkZXYgdHVuDQoNCg0KIyMjIyMjIyMjIyMjIyMjIyMjIyMjIyMjIyMjIyMjIyMjIyMjIyMjIyMjIyMjIyMjIyMjIyMjIyMjIyMjIyMjIyMjIyMjIyMjIyMjIyMjIw0KIyBTcGVjaWZ5IHRoZSB1bmRlcmx5aW5nIHByb3RvY29sIGJleW9uZCB0aGUgSW50ZXJuZXQuDQojIE5vdGUgdGhhdCB0aGlzIHNldHRpbmcgbXVzdCBiZSBjb3JyZXNwb25kIHdpdGggdGhlIGxpc3RlbmluZyBzZXR0aW5nIG9uDQojIHRoZSBWUE4gU2VydmVyLg0KIyANCiMgU3BlY2lmeSBlaXRoZXIgJ3Byb3RvIHRjcCcgb3IgJ3Byb3RvIHVkcCcuDQoNCnByb3RvIHRjcA0KDQoNCiMjIyMjIyMjIyMjIyMjIyMjIyMjIyMjIyMjIyMjIyMjIyMjIyMjIyMjIyMjIyMjIyMjIyMjIyMjIyMjIyMjIyMjIyMjIyMjIyMjIyMjIyMNCiMgVGhlIGRlc3RpbmF0aW9uIGhvc3RuYW1lIC8gSVAgYWRkcmVzcywgYW5kIHBvcnQgbnVtYmVyIG9mDQojIHRoZSB0YXJnZXQgVlBOIFNlcnZlci4NCiMgDQojIFlvdSBoYXZlIHRvIHNwZWNpZnkgYXMgJ3JlbW90ZSA8SE9TVE5BTUU+IDxQT1JUPicuIFlvdSBjYW4gYWxzbw0KIyBzcGVjaWZ5IHRoZSBJUCBhZGRyZXNzIGluc3RlYWQgb2YgdGhlIGhvc3RuYW1lLg0KIyANCiMgTm90ZSB0aGF0IHRoZSBhdXRvLWdlbmVyYXRlZCBiZWxvdyBob3N0bmFtZSBhcmUgYSAiYXV0by1kZXRlY3RlZA0KIyBJUCBhZGRyZXNzIiBvZiB0aGUgVlBOIFNlcnZlci4gWW91IGhhdmUgdG8gY29uZmlybSB0aGUgY29ycmVjdG5lc3MNCiMgYmVmb3JlaGFuZC4NCiMgDQojIFdoZW4geW91IHdhbnQgdG8gY29ubmVjdCB0byB0aGUgVlBOIFNlcnZlciBieSB1c2luZyBUQ1AgcHJvdG9jb2wsDQojIHRoZSBwb3J0IG51bWJlciBvZiB0aGUgZGVzdGluYXRpb24gVENQIHBvcnQgc2hvdWxkIGJlIHNhbWUgYXMgb25lIG9mDQojIHRoZSBhdmFpbGFibGUgVENQIGxpc3RlbmVycyBvbiB0aGUgVlBOIFNlcnZlci4NCiMgDQojIFdoZW4geW91IHVzZSBVRFAgcHJvdG9jb2wsIHRoZSBwb3J0IG51bWJlciBtdXN0IHNhbWUgYXMgdGhlIGNvbmZpZ3VyYXRpb24NCiMgc2V0dGluZyBvZiAiT3BlblZQTiBTZXJ2ZXIgQ29tcGF0aWJsZSBGdW5jdGlvbiIgb24gdGhlIFZQTiBTZXJ2ZXIuDQoNCnJlbW90ZSAyMTkuMTAwLjM3LjE2IDQ0Mw0KDQoNCiMjIyMjIyMjIyMjIyMjIyMjIyMjIyMjIyMjIyMjIyMjIyMjIyMjIyMjIyMjIyMjIyMjIyMjIyMjIyMjIyMjIyMjIyMjIyMjIyMjIyMjIyMNCiMgVGhlIEhUVFAvSFRUUFMgcHJveHkgc2V0dGluZy4NCiMgDQojIE9ubHkgaWYgeW91IGhhdmUgdG8gdXNlIHRoZSBJbnRlcm5ldCB2aWEgYSBwcm94eSwgdW5jb21tZW50IHRoZSBiZWxvdw0KIyB0d28gbGluZXMgYW5kIHNwZWNpZnkgdGhlIHByb3h5IGFkZHJlc3MgYW5kIHRoZSBwb3J0IG51bWJlci4NCiMgSW4gdGhlIGNhc2Ugb2YgdXNpbmcgcHJveHktYXV0aGVudGljYXRpb24sIHJlZmVyIHRoZSBPcGVuVlBOIG1hbnVhbC4NCg0KO2h0dHAtcHJveHktcmV0cnkNCjtodHRwLXByb3h5IFtwcm94eSBzZXJ2ZXJdIFtwcm94eSBwb3J0XQ0KDQoNCiMjIyMjIyMjIyMjIyMjIyMjIyMjIyMjIyMjIyMjIyMjIyMjIyMjIyMjIyMjIyMjIyMjIyMjIyMjIyMjIyMjIyMjIyMjIyMjIyMjIyMjIyMNCiMgVGhlIGVuY3J5cHRpb24gYW5kIGF1dGhlbnRpY2F0aW9uIGFsZ29yaXRobS4NCiMgDQojIERlZmF1bHQgc2V0dGluZyBpcyBnb29kLiBNb2RpZnkgaXQgYXMgeW91IHByZWZlci4NCiMgV2hlbiB5b3Ugc3BlY2lmeSBhbiB1bnN1cHBvcnRlZCBhbGdvcml0aG0sIHRoZSBlcnJvciB3aWxsIG9jY3VyLg0KIyANCiMgVGhlIHN1cHBvcnRlZCBhbGdvcml0aG1zIGFyZSBhcyBmb2xsb3dzOg0KIyAgY2lwaGVyOiBbTlVMTC1DSVBIRVJdIE5VTEwgQUVTLTEyOC1DQkMgQUVTLTE5Mi1DQkMgQUVTLTI1Ni1DQkMgQkYtQ0JDDQojICAgICAgICAgIENBU1QtQ0JDIENBU1Q1LUNCQyBERVMtQ0JDIERFUy1FREUtQ0JDIERFUy1FREUzLUNCQyBERVNYLUNCQw0KIyAgICAgICAgICBSQzItNDAtQ0JDIFJDMi02NC1DQkMgUkMyLUNCQw0KIyAgYXV0aDogICBTSEEgU0hBMSBNRDUgTUQ0IFJNRDE2MA0KDQpjaXBoZXIgQUVTLTEyOC1DQkMNCmF1dGggU0hBMQ0KDQoNCiMjIyMjIyMjIyMjIyMjIyMjIyMjIyMjIyMjIyMjIyMjIyMjIyMjIyMjIyMjIyMjIyMjIyMjIyMjIyMjIyMjIyMjIyMjIyMjIyMjIyMjIyMNCiMgT3RoZXIgcGFyYW1ldGVycyBuZWNlc3NhcnkgdG8gY29ubmVjdCB0byB0aGUgVlBOIFNlcnZlci4NCiMgDQojIEl0IGlzIG5vdCByZWNvbW1lbmRlZCB0byBtb2RpZnkgaXQgdW5sZXNzIHlvdSBoYXZlIGEgcGFydGljdWxhciBuZWVkLg0KDQpyZXNvbHYtcmV0cnkgaW5maW5pdGUNCm5vYmluZA0KcGVyc2lzdC1rZXkNCnBlcnNpc3QtdHVuDQpjbGllbnQNCnZlcmIgMw0KI2F1dGgtdXNlci1wYXNzDQoNCg0KIyMjIyMjIyMjIyMjIyMjIyMjIyMjIyMjIyMjIyMjIyMjIyMjIyMjIyMjIyMjIyMjIyMjIyMjIyMjIyMjIyMjIyMjIyMjIyMjIyMjIyMjIw0KIyBUaGUgY2VydGlmaWNhdGUgZmlsZSBvZiB0aGUgZGVzdGluYXRpb24gVlBOIFNlcnZlci4NCiMgDQojIFRoZSBDQSBjZXJ0aWZpY2F0ZSBmaWxlIGlzIGVtYmVkZGVkIGluIHRoZSBpbmxpbmUgZm9ybWF0Lg0KIyBZb3UgY2FuIHJlcGxhY2UgdGhpcyBDQSBjb250ZW50cyBpZiBuZWNlc3NhcnkuDQojIFBsZWFzZSBub3RlIHRoYXQgaWYgdGhlIHNlcnZlciBjZXJ0aWZpY2F0ZSBpcyBub3QgYSBzZWxmLXNpZ25lZCwgeW91IGhhdmUgdG8NCiMgc3BlY2lmeSB0aGUgc2lnbmVyJ3Mgcm9vdCBjZXJ0aWZpY2F0ZSAoQ0EpIGhlcmUuDQoNCjxjYT4NCi0tLS0tQkVHSU4gQ0VSVElGSUNBVEUtLS0tLQ0KTUlJRmF6Q0NBMU9nQXdJQkFnSVJBSUlRejdEU1FPTlpSR1BndTJPQ2l3QXdEUVlKS29aSWh2Y05BUUVMQlFBdw0KVHpFTE1Ba0dBMVVFQmhNQ1ZWTXhLVEFuQmdOVkJBb1RJRWx1ZEdWeWJtVjBJRk5sWTNWeWFYUjVJRkpsYzJWaA0KY21Ob0lFZHliM1Z3TVJVd0V3WURWUVFERXd4SlUxSkhJRkp2YjNRZ1dERXdIaGNOTVRVd05qQTBNVEV3TkRNNA0KV2hjTk16VXdOakEwTVRFd05ETTRXakJQTVFzd0NRWURWUVFHRXdKVlV6RXBNQ2NHQTFVRUNoTWdTVzUwWlhKdQ0KWlhRZ1UyVmpkWEpwZEhrZ1VtVnpaV0Z5WTJnZ1IzSnZkWEF4RlRBVEJnTlZCQU1UREVsVFVrY2dVbTl2ZENCWQ0KTVRDQ0FpSXdEUVlKS29aSWh2Y05BUUVCQlFBRGdnSVBBRENDQWdvQ2dnSUJBSzNvSkhQMEZEZnptNTRyVnlnYw0KaDc3Y3Q5ODRrSXh1UE9aWG9IajNkY0tpL3ZWcWJ2WUFUeWpiM21pR2JFU1R0ckZqL1JRU2E3OGYwdW94bXlGKw0KMFRNOHVrajEzWG5mczdqL0V2RWhta3ZCaW9aeGFVcG1abXlQZmp4d3Y2MHBJZ2J6NU1EbWdLN2lTNCszbVg2VQ0KQTUvVFI1ZDhtVWdqVStnNHJrOEtiNE11MFVsWGpJQjB0dG92MERpTmV3TndJUnQxOGpBOCtvK3UzZHBqcStzVw0KVDhLT0VVdCt6d3ZvLzdWM0x2U3llMHJnVEJJbERIQ05BeW1nNFZNazdCUFo3aG0vRUxOS2pEK0pvMkZSM3F5SA0KQjVUMFkzSHNMdUp2VzVpQjRZbGNOSGxzZHU4N2tHSjU1dHVrbWk4bXhkQVE0UTdlMlJDT0Z2dTM5NmozeCtVQw0KQjVpUE5naVY1K0kzbGcwMmRaNzdEbkt4SFp1OEEvbEpCZGlCM1FXMEt0WkI2YXdCZHBVS0Q5amYxYjBTSHpVdg0KS0JkczBwakJxQWxrZDI1SE43ck9yRmxlYUoxL2N0YUp4UVpCS1Q1WlB0MG05U1RKRWFkYW8weEFIMGFobWJXbg0KT2xGdWhqdWVmWEtuRWdWNFdlMCtVWGdWQ3dPUGpkQXZCYkkrZTBvY1MzTUZFdnpHNnVCUUUzeERrM1N6eW5Ubg0Kamg4QkNOQXcxRnR4TnJRSHVzRXdNRnhJdDRJN21LWjlZSXFpb3ltQ3pMcTlnd1Fib29NRFFhSFdCZkVid3Jidw0KcUh5R08wYW9TQ3FJM0hhYWRyOGZhcVU5R1kvck9QTmszc2dyRFFvby8vZmI0aFZDMUNMUUoxM2hlZjRZNTNDSQ0KclU3bTJZczZ4dDBuVVc3L3ZHVDFNME5QQWdNQkFBR2pRakJBTUE0R0ExVWREd0VCL3dRRUF3SUJCakFQQmdOVg0KSFJNQkFmOEVCVEFEQVFIL01CMEdBMVVkRGdRV0JCUjV0Rm5tZTdibDVBRnpnQWlJeUJwWTl1bWJiakFOQmdrcQ0KaGtpRzl3MEJBUXNGQUFPQ0FnRUFWUjlZcWJ5eXFGRFFETEhZR21rZ0p5a0lyR0YxWElwdStJTGxhUy9WOWxaTA0KdWJoekVGblRJWmQrNTB4eCs3TFNZSzA1cUF2cUZ5RldoZkZRRGxucnp1Qlo2YnJKRmUrR25ZK0VnUGJrNlpHUQ0KM0JlYllodEY4R2FWMG54dnd1bzc3eC9QeTlhdUovR3BzTWl1L1gxK212b2lCT3YvMlgvcWtTc2lzUmNPai9LSw0KTkZ0WTJQd0J5VlM1dUNiTWlvZ3ppVXd0aER5QzMrNldWd1c2TEx2M3hMZkhUanVDdmpISUluTnprdEhDZ0tRNQ0KT1JBekk0Sk1QSitHc2xXWUhiNHBob3dpbTU3aWF6dFhPb0p3VGR3Sng0bkxDZ2ROYk9oZGpzbnZ6cXZIdTdVcg0KVGtYV1N0QW16T1Z5eWdocXBaWGpGYUgzcE8zSkxGK2wrLytzS0FJdXZ0ZDd1K054ZTVBVzB3ZGVSbE44TndkQw0Kak5QRWxwelZtYlVxNEpVYWdFaXVURGtIenN4SHBGS1ZLN3E0KzYzU00xTjk1UjFOYmRXaHNjZENiK1pBSnpWYw0Kb3lpM0I0M25qVE9RNXlPZisxQ2NlV3hHMWJRVnM1WnVmcHNNbGpxNFVpMC8xbHZoK3dqQ2hQNGtxS09KMnF4cQ0KNFJncXNhaERZVnZUSDl3N2pYYnlMZWlOZGQ4WE0ydzlVL3Q3eTBGZi85eWkwR0U0NFphNHJGMkxOOWQxMVRQQQ0KbVJHdW5VSEJjbldFdmdKQlFsOW5KRWlVMFpzbnZnYy91YmhQZ1hSUjRYcTM3WjBqNHI3ZzFTZ0VFend4QTU3ZA0KZW15UHhnY1l4bi9lUjQ0L0tKNEVCcytsVkRSM3ZleUptK2tYUTk5YjIxLytqaDVYb3MxQW5YNWlJdHJlR0NjPQ0KLS0tLS1FTkQgQ0VSVElGSUNBVEUtLS0tLQ0KDQo8L2NhPg0KDQoNCiMjIyMjIyMjIyMjIyMjIyMjIyMjIyMjIyMjIyMjIyMjIyMjIyMjIyMjIyMjIyMjIyMjIyMjIyMjIyMjIyMjIyMjIyMjIyMjIyMjIyMjIyMNCiMgVGhlIGNsaWVudCBjZXJ0aWZpY2F0ZSBmaWxlIChkdW1teSkuDQojIA0KIyBJbiBzb21lIGltcGxlbWVudGF0aW9ucyBvZiBPcGVuVlBOIENsaWVudCBzb2Z0d2FyZQ0KIyAoZm9yIGV4YW1wbGU6IE9wZW5WUE4gQ2xpZW50IGZvciBpT1MpLA0KIyBhIHBhaXIgb2YgY2xpZW50IGNlcnRpZmljYXRlIGFuZCBwcml2YXRlIGtleSBtdXN0IGJlIGluY2x1ZGVkIG9uIHRoZQ0KIyBjb25maWd1cmF0aW9uIGZpbGUgZHVlIHRvIHRoZSBsaW1pdGF0aW9uIG9mIHRoZSBjbGllbnQuDQojIFNvIHRoaXMgc2FtcGxlIGNvbmZpZ3VyYXRpb24gZmlsZSBoYXMgYSBkdW1teSBwYWlyIG9mIGNsaWVudCBjZXJ0aWZpY2F0ZQ0KIyBhbmQgcHJpdmF0ZSBrZXkgYXMgZm9sbG93cy4NCg0KPGNlcnQ+DQotLS0tLUJFR0lOIENFUlRJRklDQVRFLS0tLS0NCk1JSUN4akNDQWE0Q0FRQXdEUVlKS29aSWh2Y05BUUVGQlFBd0tURWFNQmdHQTFVRUF4TVJWbEJPUjJGMFpVTnMNCmFXVnVkRU5sY25ReEN6QUpCZ05WQkFZVEFrcFFNQjRYRFRFek1ESXhNVEF6TkRrME9Wb1hEVE0zTURFeE9UQXoNCk1UUXdOMW93S1RFYU1CZ0dBMVVFQXhNUlZsQk9SMkYwWlVOc2FXVnVkRU5sY25ReEN6QUpCZ05WQkFZVEFrcFENCk1JSUJJakFOQmdrcWhraUc5dzBCQVFFRkFBT0NBUThBTUlJQkNnS0NBUUVBNWgybGdRUVlVandvS1lKYnpWWkENCjVWY0lHZDVvdFBjL3FaUk10MEtJdENGQTBzOVJ3UmVOVmE5ZkRSRkxSQmhjSVRPbHYzRkJjVzNFOGgxVXM3UkQNCjRXOEdtSmU4emFwSm5Mc0QzOU9TTVJDelpKbmN6VzRPQ0gxUFpSWldLcUR0amxOY2E5QUY4YTY1alRtbER4Q1ENCkNqbnRMSVdrNU9MTFZrRnQ5L3RTY2MxR0R0Y2k1NW9maGFOQVlNUGlIN1Y4KzFnNjZwR0hYQW9XSzZBUVZINjcNClhDS0puR0I1bmxRK0hzTVlQVi9PNDlMZDkxWk4vMnRIa2NhTEx5TnR5d3hWUFJTc1JoNDgwamp1MGZjQ3N2NmgNCnAvMHlYblRCLy9tV3V0QkdwZFVsSWJ3aUlUYkFtcnNiWW5qaWdSdm5QcVgxUk5KVWJpOUZwNkMyYy9ISUZKR0QNCnl3SURBUUFCTUEwR0NTcUdTSWIzRFFFQkJRVUFBNElCQVFDaE81aGdjdy80b1dmb0VGTHU5a0JhMUIvL2t4SDgNCmhRa0NoVk5uOEJSQzdZMFVSUWl0UGwzREtFZWQ5VVJCRGRnMktPQXo3N2JiNkVOUGlsaUQrYTM4VUpISVJNcWUNClVCSGhsbE9ISXp2RGhIRmJhb3ZBTEJRY2VlQnpka1F4c0tRRVNLbVFtUjgzMjk1MFVDb3ZveVJCNjFVeUFWN2gNCittWmhZUEdSS1hLU0pJNnMwRWdnL0NyaStDd2s0YmpKZnJiNWhWc2UxMXloNEQ5TUhod1NmQ09IKzB6NGhQVVQNCkZrdTdkR2F2VVJPNVNWeE1uL3NMNkVuNUQrb1NlWGthZEhwRHMrQWlyeW0yWUhoMTVoMCtqUFNPb1I2eWlWcC8NCjZ6WmVaa3JONDNrdVM3M0twS0RGamZGUGg4dDRyMWdPSWp0dGtOY1FxQmNjdXNucGxRN0hKcHNrDQotLS0tLUVORCBDRVJUSUZJQ0FURS0tLS0tDQoNCjwvY2VydD4NCg0KPGtleT4NCi0tLS0tQkVHSU4gUlNBIFBSSVZBVEUgS0VZLS0tLS0NCk1JSUVwQUlCQUFLQ0FRRUE1aDJsZ1FRWVVqd29LWUpielZaQTVWY0lHZDVvdFBjL3FaUk10MEtJdENGQTBzOVINCndSZU5WYTlmRFJGTFJCaGNJVE9sdjNGQmNXM0U4aDFVczdSRDRXOEdtSmU4emFwSm5Mc0QzOU9TTVJDelpKbmMNCnpXNE9DSDFQWlJaV0txRHRqbE5jYTlBRjhhNjVqVG1sRHhDUUNqbnRMSVdrNU9MTFZrRnQ5L3RTY2MxR0R0Y2kNCjU1b2ZoYU5BWU1QaUg3VjgrMWc2NnBHSFhBb1dLNkFRVkg2N1hDS0puR0I1bmxRK0hzTVlQVi9PNDlMZDkxWk4NCi8ydEhrY2FMTHlOdHl3eFZQUlNzUmg0ODBqanUwZmNDc3Y2aHAvMHlYblRCLy9tV3V0QkdwZFVsSWJ3aUlUYkENCm1yc2JZbmppZ1J2blBxWDFSTkpVYmk5RnA2QzJjL0hJRkpHRHl3SURBUUFCQW9JQkFFUlY3WDVBdnhBOHVSaUsNCms4U0lwc0QwZFgxcEpPTUl3YWtVVnl2YzRFZk4wRGhLUk5iNHJZb1NpRUdUTHl6THB5QmMvQTI4RGxrbTVlT1kNCmZqelhmWWtHdFlpL0Z0eGtnM085dmNyTVE0KzZpK3VHSGFJTDJyTCtzNE1yZk84djF4djYrV2t5MzNFRUdDb3UNClFpd1ZHUkZRWG5Sb1E2Mk5CQ0ZiVU5MaG1Yd2RqMWFrWnpMVTRwNVI0ekEzUWhkeHdFSWF0Vkx0MCs3b3dMUTMNCmxQOHNmWGhwcFBPWGpUcU1ENFFrWXd6UEFhOC96RjdhY240a3J5clVQN1E2UEFmZDB6RVZxTnk5WkNaOWZmaG8NCnpYZWRGajQ4NklGb2M1Z25UcDJONmpzblZqNExDR0lobFZIbFlHb3pLS0ZxSmNRVkdzSENxcTFvejJ6alc2TFMNCm9SWUlIZ0VDZ1lFQTh6WnJrQ3dOWVNYSnVPREozbS9oT0xWeGN4Z0p1d1hvaUVyV2QwRTQydlBhbmpqVk1obnQNCktZNWw4cUdNSjZGaEs5TFl4MnFDcmYvRTBYdFVBWjJ3VnEzT1JUeUduc01XcmU5dExZczU1WCtaTjEwVGM3NXoNCjRoYWNiVTBocUtOMUhpRG1zTVJZMy8yTmFaSG95N01LbndKSkJhRzQ4bDlDQ1RsVndNSG9jSUVDZ1lFQThqYnkNCmRHanhUSCs2WEhXTml6YjVTUmJaeEFueUVlSmVSd1RNaDBnR3p3R1BwSC9zWllHenl1MFN5U1hXQ25aaDNSZ3ENCjV1TGxOeHRyWHJsalpseWkyblFkUWdzcTJZcldVczAremdVKzIydVFzWnBTQWZ0bWhWcnR2ZXQ2TWpWamJCeVkNCkRBRGNpRVZVZEpZSVhrK3FuRlVKeWVyb0xJa1RqN1dZS1o2Umprc0NnWUJvQ0ZJd1JEZWc0Mm9LODlSRm1uT3INCkx5bU5BcTQrMm9NaHNXbFZiNGVqV0lXZUFrOW5jK0dYVWZyWHN6UmhTMDFtVW5VNXI1eWdVdlJjYXJWL1QzVTcNClRuTVorSTdZNERnV1JJRGQ1MXpuaHhJQnRZVjVqL0MvdDg1SGpxT2tIKzhiNlJUa2JjaGFYM21hdTdmcFVmZHMNCkZxMG5oSXE0MmZoRU84c3JmWVl3Z1FLQmdRQ3loaTFOLzh0YVJ3cGsrMy9JREV6UXdqYmZkelVrV1dTRGs5WHMNCkgvcGt1UkhXZlRNUDNmbFdxRVlnVy9MVzQwcGVXMkhEcTVpbWRWOCtBZ1p4ZS9YTWJhamk5TGd3ZjFSWTAwNW4NCkt4YVpRejd5cUh1cFdsTEdGNjhEUEh4a1pWVlNhZ0RuVi9zenRXWDZTRnNDcUZWbnhJWGlmWEdDNGNXNU5tOWcNCnZhOHE0UUtCZ1FDRWhMVmVVZmR3S3ZrWjk0Zy9HRno3MzFaMmhyZFZoZ01aYVUvdTZ0MFY5NStZZXpQTkNRWkINCndtRTlNbWxicTFlbURlUk9pdmpDZm9HaFIza1pYVzFwVEtsTGg2Wk1VUVVPcHB0ZFh2YThYeGZvcVF3YTNlbkENCk03bXVCYkYwWE43Vk84MGlKUHYrUG1JWmRFSUFrcHdLZmkyMDFZQitCYWZDSXVHeElGNTBWZz09DQotLS0tLUVORCBSU0EgUFJJVkFURSBLRVktLS0tLQ0KDQo8L2tleT4NCg0K
public-vpn-135,219.100.37.93,1853256,20,2271229641,Japan,JP,155,1076238960,11156097,566422080251131,2weeks,Daiyuu Nobori_ Japan. Academic Use Only.,,IyMjIyMjIyMjIyMjIyMjIyMjIyMjIyMjIyMjIyMjIyMjIyMjIyMjIyMjIyMjIyMjIyMjIyMjIyMjIyMjIyMjIyMjIyMjIyMjIyMjIyMjIw0KIyBPcGVuVlBOIDIuMCBTYW1wbGUgQ29uZmlndXJhdGlvbiBGaWxlDQojIGZvciBQYWNrZXRpWCBWUE4gLyBTb2Z0RXRoZXIgVlBOIFNlcnZlcg0KIyANCiMgISEhIEFVVE8tR0VORVJBVEVEIEJZIFNPRlRFVEhFUiBWUE4gU0VSVkVSIE1BTkFHRU1FTlQgVE9PTCAhISENCiMgDQojICEhISBZT1UgSEFWRSBUTyBSRVZJRVcgSVQgQkVGT1JFIFVTRSBBTkQgTU9ESUZZIElUIEFTIE5FQ0VTU0FSWSAhISENCiMgDQojIFRoaXMgY29uZmlndXJhdGlvbiBmaWxlIGlzIGF1dG8tZ2VuZXJhdGVkLiBZb3UgbWlnaHQgdXNlIHRoaXMgY29uZmlnIGZpbGUNCiMgaW4gb3JkZXIgdG8gY29ubmVjdCB0byB0aGUgUGFja2V0aVggVlBOIC8gU29mdEV0aGVyIFZQTiBTZXJ2ZXIuDQojIEhvd2V2ZXIsIGJlZm9yZSB5b3UgdHJ5IGl0LCB5b3Ugc2hvdWxkIHJldmlldyB0aGUgZGVzY3JpcHRpb25zIG9mIHRoZSBmaWxlDQojIHRvIGRldGVybWluZSB0aGUgbmVjZXNzaXR5IHRvIG1vZGlmeSB0byBzdWl0YWJsZSBmb3IgeW91ciByZWFsIGVudmlyb25tZW50Lg0KIyBJZiBuZWNlc3NhcnksIHlvdSBoYXZlIHRvIG1vZGlmeSBhIGxpdHRsZSBhZGVxdWF0ZWx5IG9uIHRoZSBmaWxlLg0KIyBGb3IgZXhhbXBsZSwgdGhlIElQIGFkZHJlc3Mgb3IgdGhlIGhvc3RuYW1lIGFzIGEgZGVzdGluYXRpb24gVlBOIFNlcnZlcg0KIyBzaG91bGQgYmUgY29uZmlybWVkLg0KIyANCiMgTm90ZSB0aGF0IHRvIHVzZSBPcGVuVlBOIDIuMCwgeW91IGhhdmUgdG8gcHV0IHRoZSBjZXJ0aWZpY2F0aW9uIGZpbGUgb2YNCiMgdGhlIGRlc3RpbmF0aW9uIFZQTiBTZXJ2ZXIgb24gdGhlIE9wZW5WUE4gQ2xpZW50IGNvbXB1dGVyIHdoZW4geW91IHVzZSB0aGlzDQojIGNvbmZpZyBmaWxlLiBQbGVhc2UgcmVmZXIgdGhlIGJlbG93IGRlc2NyaXB0aW9ucyBjYXJlZnVsbHkuDQoNCg0KIyMjIyMjIyMjIyMjIyMjIyMjIyMjIyMjIyMjIyMjIyMjIyMjIyMjIyMjIyMjIyMjIyMjIyMjIyMjIyMjIyMjIyMjIyMjIyMjIyMjIyMjIw0KIyBTcGVjaWZ5IHRoZSB0eXBlIG9mIHRoZSBsYXllciBvZiB0aGUgVlBOIGNvbm5lY3Rpb24uDQojIA0KIyBUbyBjb25uZWN0IHRvIHRoZSBWUE4gU2VydmVyIGFzIGEgIlJlbW90ZS1BY2Nlc3MgVlBOIENsaWVudCBQQyIsDQojICBzcGVjaWZ5ICdkZXYgdHVuJy4gKExheWVyLTMgSVAgUm91dGluZyBNb2RlKQ0KIw0KIyBUbyBjb25uZWN0IHRvIHRoZSBWUE4gU2VydmVyIGFzIGEgYnJpZGdpbmcgZXF1aXBtZW50IG9mICJTaXRlLXRvLVNpdGUgVlBOIiwNCiMgIHNwZWNpZnkgJ2RldiB0YXAnLiAoTGF5ZXItMiBFdGhlcm5ldCBCcmlkZ2luZSBNb2RlKQ0KDQpkZXYgdHVuDQoNCg0KIyMjIyMjIyMjIyMjIyMjIyMjIyMjIyMjIyMjIyMjIyMjIyMjIyMjIyMjIyMjIyMjIyMjIyMjIyMjIyMjIyMjIyMjIyMjIyMjIyMjIyMjIw0KIyBTcGVjaWZ5IHRoZSB1bmRlcmx5aW5nIHByb3RvY29sIGJleW9uZCB0aGUgSW50ZXJuZXQuDQojIE5vdGUgdGhhdCB0aGlzIHNldHRpbmcgbXVzdCBiZSBjb3JyZXNwb25kIHdpdGggdGhlIGxpc3RlbmluZyBzZXR0aW5nIG9uDQojIHRoZSBWUE4gU2VydmVyLg0KIyANCiMgU3BlY2lmeSBlaXRoZXIgJ3Byb3RvIHRjcCcgb3IgJ3Byb3RvIHVkcCcuDQoNCnByb3RvIHRjcA0KDQoNCiMjIyMjIyMjIyMjIyMjIyMjIyMjIyMjIyMjIyMjIyMjIyMjIyMjIyMjIyMjIyMjIyMjIyMjIyMjIyMjIyMjIyMjIyMjIyMjIyMjIyMjIyMNCiMgVGhlIGRlc3RpbmF0aW9uIGhvc3RuYW1lIC8gSVAgYWRkcmVzcywgYW5kIHBvcnQgbnVtYmVyIG9mDQojIHRoZSB0YXJnZXQgVlBOIFNlcnZlci4NCiMgDQojIFlvdSBoYXZlIHRvIHNwZWNpZnkgYXMgJ3JlbW90ZSA8SE9TVE5BTUU+IDxQT1JUPicuIFlvdSBjYW4gYWxzbw0KIyBzcGVjaWZ5IHRoZSBJUCBhZGRyZXNzIGluc3RlYWQgb2YgdGhlIGhvc3RuYW1lLg0KIyANCiMgTm90ZSB0aGF0IHRoZSBhdXRvLWdlbmVyYXRlZCBiZWxvdyBob3N0bmFtZSBhcmUgYSAiYXV0by1kZXRlY3RlZA0KIyBJUCBhZGRyZXNzIiBvZiB0aGUgVlBOIFNlcnZlci4gWW91IGhhdmUgdG8gY29uZmlybSB0aGUgY29ycmVjdG5lc3MNCiMgYmVmb3JlaGFuZC4NCiMgDQojIFdoZW4geW91IHdhbnQgdG8gY29ubmVjdCB0byB0aGUgVlBOIFNlcnZlciBieSB1c2luZyBUQ1AgcHJvdG9jb2wsDQojIHRoZSBwb3J0IG51bWJlciBvZiB0aGUgZGVzdGluYXRpb24gVENQIHBvcnQgc2hvdWxkIGJlIHNhbWUgYXMgb25lIG9mDQojIHRoZSBhdmFpbGFibGUgVENQIGxpc3RlbmVycyBvbiB0aGUgVlBOIFNlcnZlci4NCiMgDQojIFdoZW4geW91IHVzZSBVRFAgcHJvdG9jb2wsIHRoZSBwb3J0IG51bWJlciBtdXN0IHNhbWUgYXMgdGhlIGNvbmZpZ3VyYXRpb24NCiMgc2V0dGluZyBvZiAiT3BlblZQTiBTZXJ2ZXIgQ29tcGF0aWJsZSBGdW5jdGlvbiIgb24gdGhlIFZQTiBTZXJ2ZXIuDQoNCnJlbW90ZSAyMTkuMTAwLjM3LjkzIDQ0Mw0KDQoNCiMjIyMjIyMjIyMjIyMjIyMjIyMjIyMjIyMjIyMjIyMjIyMjIyMjIyMjIyMjIyMjIyMjIyMjIyMjIyMjIyMjIyMjIyMjIyMjIyMjIyMjIyMNCiMgVGhlIEhUVFAvSFRUUFMgcHJveHkgc2V0dGluZy4NCiMgDQojIE9ubHkgaWYgeW91IGhhdmUgdG8gdXNlIHRoZSBJbnRlcm5ldCB2aWEgYSBwcm94eSwgdW5jb21tZW50IHRoZSBiZWxvdw0KIyB0d28gbGluZXMgYW5kIHNwZWNpZnkgdGhlIHByb3h5IGFkZHJlc3MgYW5kIHRoZSBwb3J0IG51bWJlci4NCiMgSW4gdGhlIGNhc2Ugb2YgdXNpbmcgcHJveHktYXV0aGVudGljYXRpb24sIHJlZmVyIHRoZSBPcGVuVlBOIG1hbnVhbC4NCg0KO2h0dHAtcHJveHktcmV0cnkNCjtodHRwLXByb3h5IFtwcm94eSBzZXJ2ZXJdIFtwcm94eSBwb3J0XQ0KDQoNCiMjIyMjIyMjIyMjIyMjIyMjIyMjIyMjIyMjIyMjIyMjIyMjIyMjIyMjIyMjIyMjIyMjIyMjIyMjIyMjIyMjIyMjIyMjIyMjIyMjIyMjIyMNCiMgVGhlIGVuY3J5cHRpb24gYW5kIGF1dGhlbnRpY2F0aW9uIGFsZ29yaXRobS4NCiMgDQojIERlZmF1bHQgc2V0dGluZyBpcyBnb29kLiBNb2RpZnkgaXQgYXMgeW91IHByZWZlci4NCiMgV2hlbiB5b3Ugc3BlY2lmeSBhbiB1bnN1cHBvcnRlZCBhbGdvcml0aG0sIHRoZSBlcnJvciB3aWxsIG9jY3VyLg0KIyANCiMgVGhlIHN1cHBvcnRlZCBhbGdvcml0aG1zIGFyZSBhcyBmb2xsb3dzOg0KIyAgY2lwaGVyOiBbTlVMTC1DSVBIRVJdIE5VTEwgQUVTLTEyOC1DQkMgQUVTLTE5Mi1DQkMgQUVTLTI1Ni1DQkMgQkYtQ0JDDQojICAgICAgICAgIENBU1QtQ0JDIENBU1Q1LUNCQyBERVMtQ0JDIERFUy1FREUtQ0JDIERFUy1FREUzLUNCQyBERVNYLUNCQw0KIyAgICAgICAgICBSQzItNDAtQ0JDIFJDMi02NC1DQkMgUkMyLUNCQw0KIyAgYXV0aDogICBTSEEgU0hBMSBNRDUgTUQ0IFJNRDE2MA0KDQpjaXBoZXIgQUVTLTEyOC1DQkMNCmF1dGggU0hBMQ0KDQoNCiMjIyMjIyMjIyMjIyMjIyMjIyMjIyMjIyMjIyMjIyMjIyMjIyMjIyMjIyMjIyMjIyMjIyMjIyMjIyMjIyMjIyMjIyMjIyMjIyMjIyMjIyMNCiMgT3RoZXIgcGFyYW1ldGVycyBuZWNlc3NhcnkgdG8gY29ubmVjdCB0byB0aGUgVlBOIFNlcnZlci4NCiMgDQojIEl0IGlzIG5vdCByZWNvbW1lbmRlZCB0byBtb2RpZnkgaXQgdW5sZXNzIHlvdSBoYXZlIGEgcGFydGljdWxhciBuZWVkLg0KDQpyZXNvbHYtcmV0cnkgaW5maW5pdGUNCm5vYmluZA0KcGVyc2lzdC1rZXkNCnBlcnNpc3QtdHVuDQpjbGllbnQNCnZlcmIgMw0KI2F1dGgtdXNlci1wYXNzDQoNCg0KIyMjIyMjIyMjIyMjIyMjIyMjIyMjIyMjIyMjIyMjIyMjIyMjIyMjIyMjIyMjIyMjIyMjIyMjIyMjIyMjIyMjIyMjIyMjIyMjIyMjIyMjIw0KIyBUaGUgY2VydGlmaWNhdGUgZmlsZSBvZiB0aGUgZGVzdGluYXRpb24gVlBOIFNlcnZlci4NCiMgDQojIFRoZSBDQSBjZXJ0aWZpY2F0ZSBmaWxlIGlzIGVtYmVkZGVkIGluIHRoZSBpbmxpbmUgZm9ybWF0Lg0KIyBZb3UgY2FuIHJlcGxhY2UgdGhpcyBDQSBjb250ZW50cyBpZiBuZWNlc3NhcnkuDQojIFBsZWFzZSBub3RlIHRoYXQgaWYgdGhlIHNlcnZlciBjZXJ0aWZpY2F0ZSBpcyBub3QgYSBzZWxmLXNpZ25lZCwgeW91IGhhdmUgdG8NCiMgc3BlY2lmeSB0aGUgc2lnbmVyJ3Mgcm9vdCBjZXJ0aWZpY2F0ZSAoQ0EpIGhlcmUuDQoNCjxjYT4NCi0tLS0tQkVHSU4gQ0VSVElGSUNBVEUtLS0tLQ0KTUlJRmF6Q0NBMU9nQXdJQkFnSVJBSUlRejdEU1FPTlpSR1BndTJPQ2l3QXdEUVlKS29aSWh2Y05BUUVMQlFBdw0KVHpFTE1Ba0dBMVVFQmhNQ1ZWTXhLVEFuQmdOVkJBb1RJRWx1ZEdWeWJtVjBJRk5sWTNWeWFYUjVJRkpsYzJWaA0KY21Ob0lFZHliM1Z3TVJVd0V3WURWUVFERXd4SlUxSkhJRkp2YjNRZ1dERXdIaGNOTVRVd05qQTBNVEV3TkRNNA0KV2hjTk16VXdOakEwTVRFd05ETTRXakJQTVFzd0NRWURWUVFHRXdKVlV6RXBNQ2NHQTFVRUNoTWdTVzUwWlhKdQ0KWlhRZ1UyVmpkWEpwZEhrZ1VtVnpaV0Z5WTJnZ1IzSnZkWEF4RlRBVEJnTlZCQU1UREVsVFVrY2dVbTl2ZENCWQ0KTVRDQ0FpSXdEUVlKS29aSWh2Y05BUUVCQlFBRGdnSVBBRENDQWdvQ2dnSUJBSzNvSkhQMEZEZnptNTRyVnlnYw0KaDc3Y3Q5ODRrSXh1UE9aWG9IajNkY0tpL3ZWcWJ2WUFUeWpiM21pR2JFU1R0ckZqL1JRU2E3OGYwdW94bXlGKw0KMFRNOHVrajEzWG5mczdqL0V2RWhta3ZCaW9aeGFVcG1abXlQZmp4d3Y2MHBJZ2J6NU1EbWdLN2lTNCszbVg2VQ0KQTUvVFI1ZDhtVWdqVStnNHJrOEtiNE11MFVsWGpJQjB0dG92MERpTmV3TndJUnQxOGpBOCtvK3UzZHBqcStzVw0KVDhLT0VVdCt6d3ZvLzdWM0x2U3llMHJnVEJJbERIQ05BeW1nNFZNazdCUFo3aG0vRUxOS2pEK0pvMkZSM3F5SA0KQjVUMFkzSHNMdUp2VzVpQjRZbGNOSGxzZHU4N2tHSjU1dHVrbWk4bXhkQVE0UTdlMlJDT0Z2dTM5NmozeCtVQw0KQjVpUE5naVY1K0kzbGcwMmRaNzdEbkt4SFp1OEEvbEpCZGlCM1FXMEt0WkI2YXdCZHBVS0Q5amYxYjBTSHpVdg0KS0JkczBwakJxQWxrZDI1SE43ck9yRmxlYUoxL2N0YUp4UVpCS1Q1WlB0MG05U1RKRWFkYW8weEFIMGFobWJXbg0KT2xGdWhqdWVmWEtuRWdWNFdlMCtVWGdWQ3dPUGpkQXZCYkkrZTBvY1MzTUZFdnpHNnVCUUUzeERrM1N6eW5Ubg0Kamg4QkNOQXcxRnR4TnJRSHVzRXdNRnhJdDRJN21LWjlZSXFpb3ltQ3pMcTlnd1Fib29NRFFhSFdCZkVid3Jidw0KcUh5R08wYW9TQ3FJM0hhYWRyOGZhcVU5R1kvck9QTmszc2dyRFFvby8vZmI0aFZDMUNMUUoxM2hlZjRZNTNDSQ0KclU3bTJZczZ4dDBuVVc3L3ZHVDFNME5QQWdNQkFBR2pRakJBTUE0R0ExVWREd0VCL3dRRUF3SUJCakFQQmdOVg0KSFJNQkFmOEVCVEFEQVFIL01CMEdBMVVkRGdRV0JCUjV0Rm5tZTdibDVBRnpnQWlJeUJwWTl1bWJiakFOQmdrcQ0KaGtpRzl3MEJBUXNGQUFPQ0FnRUFWUjlZcWJ5eXFGRFFETEhZR21rZ0p5a0lyR0YxWElwdStJTGxhUy9WOWxaTA0KdWJoekVGblRJWmQrNTB4eCs3TFNZSzA1cUF2cUZ5RldoZkZRRGxucnp1Qlo2YnJKRmUrR25ZK0VnUGJrNlpHUQ0KM0JlYllodEY4R2FWMG54dnd1bzc3eC9QeTlhdUovR3BzTWl1L1gxK212b2lCT3YvMlgvcWtTc2lzUmNPai9LSw0KTkZ0WTJQd0J5VlM1dUNiTWlvZ3ppVXd0aER5QzMrNldWd1c2TEx2M3hMZkhUanVDdmpISUluTnprdEhDZ0tRNQ0KT1JBekk0Sk1QSitHc2xXWUhiNHBob3dpbTU3aWF6dFhPb0p3VGR3Sng0bkxDZ2ROYk9oZGpzbnZ6cXZIdTdVcg0KVGtYV1N0QW16T1Z5eWdocXBaWGpGYUgzcE8zSkxGK2wrLytzS0FJdXZ0ZDd1K054ZTVBVzB3ZGVSbE44TndkQw0Kak5QRWxwelZtYlVxNEpVYWdFaXVURGtIenN4SHBGS1ZLN3E0KzYzU00xTjk1UjFOYmRXaHNjZENiK1pBSnpWYw0Kb3lpM0I0M25qVE9RNXlPZisxQ2NlV3hHMWJRVnM1WnVmcHNNbGpxNFVpMC8xbHZoK3dqQ2hQNGtxS09KMnF4cQ0KNFJncXNhaERZVnZUSDl3N2pYYnlMZWlOZGQ4WE0ydzlVL3Q3eTBGZi85eWkwR0U0NFphNHJGMkxOOWQxMVRQQQ0KbVJHdW5VSEJjbldFdmdKQlFsOW5KRWlVMFpzbnZnYy91YmhQZ1hSUjRYcTM3WjBqNHI3ZzFTZ0VFend4QTU3ZA0KZW15UHhnY1l4bi9lUjQ0L0tKNEVCcytsVkRSM3ZleUptK2tYUTk5YjIxLytqaDVYb3MxQW5YNWlJdHJlR0NjPQ0KLS0tLS1FTkQgQ0VSVElGSUNBVEUtLS0tLQ0KDQo8L2NhPg0KDQoNCiMjIyMjIyMjIyMjIyMjIyMjIyMjIyMjIyMjIyMjIyMjIyMjIyMjIyMjIyMjIyMjIyMjIyMjIyMjIyMjIyMjIyMjIyMjIyMjIyMjIyMjIyMNCiMgVGhlIGNsaWVudCBjZXJ0aWZpY2F0ZSBmaWxlIChkdW1teSkuDQojIA0KIyBJbiBzb21lIGltcGxlbWVudGF0aW9ucyBvZiBPcGVuVlBOIENsaWVudCBzb2Z0d2FyZQ0KIyAoZm9yIGV4YW1wbGU6IE9wZW5WUE4gQ2xpZW50IGZvciBpT1MpLA0KIyBhIHBhaXIgb2YgY2xpZW50IGNlcnRpZmljYXRlIGFuZCBwcml2YXRlIGtleSBtdXN0IGJlIGluY2x1ZGVkIG9uIHRoZQ0KIyBjb25maWd1cmF0aW9uIGZpbGUgZHVlIHRvIHRoZSBsaW1pdGF0aW9uIG9mIHRoZSBjbGllbnQuDQojIFNvIHRoaXMgc2FtcGxlIGNvbmZpZ3VyYXRpb24gZmlsZSBoYXMgYSBkdW1teSBwYWlyIG9mIGNsaWVudCBjZXJ0aWZpY2F0ZQ0KIyBhbmQgcHJpdmF0ZSBrZXkgYXMgZm9sbG93cy4NCg0KPGNlcnQ+DQotLS0tLUJFR0lOIENFUlRJRklDQVRFLS0tLS0NCk1JSUN4akNDQWE0Q0FRQXdEUVlKS29aSWh2Y05BUUVGQlFBd0tURWFNQmdHQTFVRUF4TVJWbEJPUjJGMFpVTnMNCmFXVnVkRU5sY25ReEN6QUpCZ05WQkFZVEFrcFFNQjRYRFRFek1ESXhNVEF6TkRrME9Wb1hEVE0zTURFeE9UQXoNCk1UUXdOMW93S1RFYU1CZ0dBMVVFQXhNUlZsQk9SMkYwWlVOc2FXVnVkRU5sY25ReEN6QUpCZ05WQkFZVEFrcFENCk1JSUJJakFOQmdrcWhraUc5dzBCQVFFRkFBT0NBUThBTUlJQkNnS0NBUUVBNWgybGdRUVlVandvS1lKYnpWWkENCjVWY0lHZDVvdFBjL3FaUk10MEtJdENGQTBzOVJ3UmVOVmE5ZkRSRkxSQmhjSVRPbHYzRkJjVzNFOGgxVXM3UkQNCjRXOEdtSmU4emFwSm5Mc0QzOU9TTVJDelpKbmN6VzRPQ0gxUFpSWldLcUR0amxOY2E5QUY4YTY1alRtbER4Q1ENCkNqbnRMSVdrNU9MTFZrRnQ5L3RTY2MxR0R0Y2k1NW9maGFOQVlNUGlIN1Y4KzFnNjZwR0hYQW9XSzZBUVZINjcNClhDS0puR0I1bmxRK0hzTVlQVi9PNDlMZDkxWk4vMnRIa2NhTEx5TnR5d3hWUFJTc1JoNDgwamp1MGZjQ3N2NmgNCnAvMHlYblRCLy9tV3V0QkdwZFVsSWJ3aUlUYkFtcnNiWW5qaWdSdm5QcVgxUk5KVWJpOUZwNkMyYy9ISUZKR0QNCnl3SURBUUFCTUEwR0NTcUdTSWIzRFFFQkJRVUFBNElCQVFDaE81aGdjdy80b1dmb0VGTHU5a0JhMUIvL2t4SDgNCmhRa0NoVk5uOEJSQzdZMFVSUWl0UGwzREtFZWQ5VVJCRGRnMktPQXo3N2JiNkVOUGlsaUQrYTM4VUpISVJNcWUNClVCSGhsbE9ISXp2RGhIRmJhb3ZBTEJRY2VlQnpka1F4c0tRRVNLbVFtUjgzMjk1MFVDb3ZveVJCNjFVeUFWN2gNCittWmhZUEdSS1hLU0pJNnMwRWdnL0NyaStDd2s0YmpKZnJiNWhWc2UxMXloNEQ5TUhod1NmQ09IKzB6NGhQVVQNCkZrdTdkR2F2VVJPNVNWeE1uL3NMNkVuNUQrb1NlWGthZEhwRHMrQWlyeW0yWUhoMTVoMCtqUFNPb1I2eWlWcC8NCjZ6WmVaa3JONDNrdVM3M0twS0RGamZGUGg4dDRyMWdPSWp0dGtOY1FxQmNjdXNucGxRN0hKcHNrDQotLS0tLUVORCBDRVJUSUZJQ0FURS0tLS0tDQoNCjwvY2VydD4NCg0KPGtleT4NCi0tLS0tQkVHSU4gUlNBIFBSSVZBVEUgS0VZLS0tLS0NCk1JSUVwQUlCQUFLQ0FRRUE1aDJsZ1FRWVVqd29LWUpielZaQTVWY0lHZDVvdFBjL3FaUk10MEtJdENGQTBzOVINCndSZU5WYTlmRFJGTFJCaGNJVE9sdjNGQmNXM0U4aDFVczdSRDRXOEdtSmU4emFwSm5Mc0QzOU9TTVJDelpKbmMNCnpXNE9DSDFQWlJaV0txRHRqbE5jYTlBRjhhNjVqVG1sRHhDUUNqbnRMSVdrNU9MTFZrRnQ5L3RTY2MxR0R0Y2kNCjU1b2ZoYU5BWU1QaUg3VjgrMWc2NnBHSFhBb1dLNkFRVkg2N1hDS0puR0I1bmxRK0hzTVlQVi9PNDlMZDkxWk4NCi8ydEhrY2FMTHlOdHl3eFZQUlNzUmg0ODBqanUwZmNDc3Y2aHAvMHlYblRCLy9tV3V0QkdwZFVsSWJ3aUlUYkENCm1yc2JZbmppZ1J2blBxWDFSTkpVYmk5RnA2QzJjL0hJRkpHRHl3SURBUUFCQW9JQkFFUlY3WDVBdnhBOHVSaUsNCms4U0lwc0QwZFgxcEpPTUl3YWtVVnl2YzRFZk4wRGhLUk5iNHJZb1NpRUdUTHl6THB5QmMvQTI4RGxrbTVlT1kNCmZqelhmWWtHdFlpL0Z0eGtnM085dmNyTVE0KzZpK3VHSGFJTDJyTCtzNE1yZk84djF4djYrV2t5MzNFRUdDb3UNClFpd1ZHUkZRWG5Sb1E2Mk5CQ0ZiVU5MaG1Yd2RqMWFrWnpMVTRwNVI0ekEzUWhkeHdFSWF0Vkx0MCs3b3dMUTMNCmxQOHNmWGhwcFBPWGpUcU1ENFFrWXd6UEFhOC96RjdhY240a3J5clVQN1E2UEFmZDB6RVZxTnk5WkNaOWZmaG8NCnpYZWRGajQ4NklGb2M1Z25UcDJONmpzblZqNExDR0lobFZIbFlHb3pLS0ZxSmNRVkdzSENxcTFvejJ6alc2TFMNCm9SWUlIZ0VDZ1lFQTh6WnJrQ3dOWVNYSnVPREozbS9oT0xWeGN4Z0p1d1hvaUVyV2QwRTQydlBhbmpqVk1obnQNCktZNWw4cUdNSjZGaEs5TFl4MnFDcmYvRTBYdFVBWjJ3VnEzT1JUeUduc01XcmU5dExZczU1WCtaTjEwVGM3NXoNCjRoYWNiVTBocUtOMUhpRG1zTVJZMy8yTmFaSG95N01LbndKSkJhRzQ4bDlDQ1RsVndNSG9jSUVDZ1lFQThqYnkNCmRHanhUSCs2WEhXTml6YjVTUmJaeEFueUVlSmVSd1RNaDBnR3p3R1BwSC9zWllHenl1MFN5U1hXQ25aaDNSZ3ENCjV1TGxOeHRyWHJsalpseWkyblFkUWdzcTJZcldVczAremdVKzIydVFzWnBTQWZ0bWhWcnR2ZXQ2TWpWamJCeVkNCkRBRGNpRVZVZEpZSVhrK3FuRlVKeWVyb0xJa1RqN1dZS1o2Umprc0NnWUJvQ0ZJd1JEZWc0Mm9LODlSRm1uT3INCkx5bU5BcTQrMm9NaHNXbFZiNGVqV0lXZUFrOW5jK0dYVWZyWHN6UmhTMDFtVW5VNXI1eWdVdlJjYXJWL1QzVTcNClRuTVorSTdZNERnV1JJRGQ1MXpuaHhJQnRZVjVqL0MvdDg1SGpxT2tIKzhiNlJUa2JjaGFYM21hdTdmcFVmZHMNCkZxMG5oSXE0MmZoRU84c3JmWVl3Z1FLQmdRQ3loaTFOLzh0YVJ3cGsrMy9JREV6UXdqYmZkelVrV1dTRGs5WHMNCkgvcGt1UkhXZlRNUDNmbFdxRVlnVy9MVzQwcGVXMkhEcTVpbWRWOCtBZ1p4ZS9YTWJhamk5TGd3ZjFSWTAwNW4NCkt4YVpRejd5cUh1cFdsTEdGNjhEUEh4a1pWVlNhZ0RuVi9zenRXWDZTRnNDcUZWbnhJWGlmWEdDNGNXNU5tOWcNCnZhOHE0UUtCZ1FDRWhMVmVVZmR3S3ZrWjk0Zy9HRno3MzFaMmhyZFZoZ01aYVUvdTZ0MFY5NStZZXpQTkNRWkINCndtRTlNbWxicTFlbURlUk9pdmpDZm9HaFIza1pYVzFwVEtsTGg2Wk1VUVVPcHB0ZFh2YThYeGZvcVF3YTNlbkENCk03bXVCYkYwWE43Vk84MGlKUHYrUG1JWmRFSUFrcHdLZmkyMDFZQitCYWZDSXVHeElGNTBWZz09DQotLS0tLUVORCBSU0EgUFJJVkFURSBLRVktLS0tLQ0KDQo8L2tleT4NCg0K
public-vpn-76,219.100.37.50,1838120,14,527748075,Japan,JP,142,1076271417,13601654,879741402037120,2weeks,Daiyuu Nobori_ Japan. Academic Use Only.,,IyMjIyMjIyMjIyMjIyMjIyMjIyMjIyMjIyMjIyMjIyMjIyMjIyMjIyMjIyMjIyMjIyMjIyMjIyMjIyMjIyMjIyMjIyMjIyMjIyMjIyMjIw0KIyBPcGVuVlBOIDIuMCBTYW1wbGUgQ29uZmlndXJhdGlvbiBGaWxlDQojIGZvciBQYWNrZXRpWCBWUE4gLyBTb2Z0RXRoZXIgVlBOIFNlcnZlcg0KIyANCiMgISEhIEFVVE8tR0VORVJBVEVEIEJZIFNPRlRFVEhFUiBWUE4gU0VSVkVSIE1BTkFHRU1FTlQgVE9PTCAhISENCiMgDQojICEhISBZT1UgSEFWRSBUTyBSRVZJRVcgSVQgQkVGT1JFIFVTRSBBTkQgTU9ESUZZIElUIEFTIE5FQ0VTU0FSWSAhISENCiMgDQojIFRoaXMgY29uZmlndXJhdGlvbiBmaWxlIGlzIGF1dG8tZ2VuZXJhdGVkLiBZb3UgbWlnaHQgdXNlIHRoaXMgY29uZmlnIGZpbGUNCiMgaW4gb3JkZXIgdG8gY29ubmVjdCB0byB0aGUgUGFja2V0aVggVlBOIC8gU29mdEV0aGVyIFZQTiBTZXJ2ZXIuDQojIEhvd2V2ZXIsIGJlZm9yZSB5b3UgdHJ5IGl0LCB5b3Ugc2hvdWxkIHJldmlldyB0aGUgZGVzY3JpcHRpb25zIG9mIHRoZSBmaWxlDQojIHRvIGRldGVybWluZSB0aGUgbmVjZXNzaXR5IHRvIG1vZGlmeSB0byBzdWl0YWJsZSBmb3IgeW91ciByZWFsIGVudmlyb25tZW50Lg0KIyBJZiBuZWNlc3NhcnksIHlvdSBoYXZlIHRvIG1vZGlmeSBhIGxpdHRsZSBhZGVxdWF0ZWx5IG9uIHRoZSBmaWxlLg0KIyBGb3IgZXhhbXBsZSwgdGhlIElQIGFkZHJlc3Mgb3IgdGhlIGhvc3RuYW1lIGFzIGEgZGVzdGluYXRpb24gVlBOIFNlcnZlcg0KIyBzaG91bGQgYmUgY29uZmlybWVkLg0KIyANCiMgTm90ZSB0aGF0IHRvIHVzZSBPcGVuVlBOIDIuMCwgeW91IGhhdmUgdG8gcHV0IHRoZSBjZXJ0aWZpY2F0aW9uIGZpbGUgb2YNCiMgdGhlIGRlc3RpbmF0aW9uIFZQTiBTZXJ2ZXIgb24gdGhlIE9wZW5WUE4gQ2xpZW50IGNvbXB1dGVyIHdoZW4geW91IHVzZSB0aGlzDQojIGNvbmZpZyBmaWxlLiBQbGVhc2UgcmVmZXIgdGhlIGJlbG93IGRlc2NyaXB0aW9ucyBjYXJlZnVsbHkuDQoNCg0KIyMjIyMjIyMjIyMjIyMjIyMjIyMjIyMjIyMjIyMjIyMjIyMjIyMjIyMjIyMjIyMjIyMjIyMjIyMjIyMjIyMjIyMjIyMjIyMjIyMjIyMjIw0KIyBTcGVjaWZ5IHRoZSB0eXBlIG9mIHRoZSBsYXllciBvZiB0aGUgVlBOIGNvbm5lY3Rpb24uDQojIA0KIyBUbyBjb25uZWN0IHRvIHRoZSBWUE4gU2VydmVyIGFzIGEgIlJlbW90ZS1BY2Nlc3MgVlBOIENsaWVudCBQQyIsDQojICBzcGVjaWZ5ICdkZXYgdHVuJy4gKExheWVyLTMgSVAgUm91dGluZyBNb2RlKQ0KIw0KIyBUbyBjb25uZWN0IHRvIHRoZSBWUE4gU2VydmVyIGFzIGEgYnJpZGdpbmcgZXF1aXBtZW50IG9mICJTaXRlLXRvLVNpdGUgVlBOIiwNCiMgIHNwZWNpZnkgJ2RldiB0YXAnLiAoTGF5ZXItMiBFdGhlcm5ldCBCcmlkZ2luZSBNb2RlKQ0KDQpkZXYgdHVuDQoNCg0KIyMjIyMjIyMjIyMjIyMjIyMjIyMjIyMjIyMjIyMjIyMjIyMjIyMjIyMjIyMjIyMjIyMjIyMjIyMjIyMjIyMjIyMjIyMjIyMjIyMjIyMjIw0KIyBTcGVjaWZ5IHRoZSB1bmRlcmx5aW5nIHByb3RvY29sIGJleW9uZCB0aGUgSW50ZXJuZXQuDQojIE5vdGUgdGhhdCB0aGlzIHNldHRpbmcgbXVzdCBiZSBjb3JyZXNwb25kIHdpdGggdGhlIGxpc3RlbmluZyBzZXR0aW5nIG9uDQojIHRoZSBWUE4gU2VydmVyLg0KIyANCiMgU3BlY2lmeSBlaXRoZXIgJ3Byb3RvIHRjcCcgb3IgJ3Byb3RvIHVkcCcuDQoNCnByb3RvIHRjcA0KDQoNCiMjIyMjIyMjIyMjIyMjIyMjIyMjIyMjIyMjIyMjIyMjIyMjIyMjIyMjIyMjIyMjIyMjIyMjIyMjIyMjIyMjIyMjIyMjIyMjIyMjIyMjIyMNCiMgVGhlIGRlc3RpbmF0aW9uIGhvc3RuYW1lIC8gSVAgYWRkcmVzcywgYW5kIHBvcnQgbnVtYmVyIG9mDQojIHRoZSB0YXJnZXQgVlBOIFNlcnZlci4NCiMgDQojIFlvdSBoYXZlIHRvIHNwZWNpZnkgYXMgJ3JlbW90ZSA8SE9TVE5BTUU+IDxQT1JUPicuIFlvdSBjYW4gYWxzbw0KIyBzcGVjaWZ5IHRoZSBJUCBhZGRyZXNzIGluc3RlYWQgb2YgdGhlIGhvc3RuYW1lLg0KIyANCiMgTm90ZSB0aGF0IHRoZSBhdXRvLWdlbmVyYXRlZCBiZWxvdyBob3N0bmFtZSBhcmUgYSAiYXV0by1kZXRlY3RlZA0KIyBJUCBhZGRyZXNzIiBvZiB0aGUgVlBOIFNlcnZlci4gWW91IGhhdmUgdG8gY29uZmlybSB0aGUgY29ycmVjdG5lc3MNCiMgYmVmb3JlaGFuZC4NCiMgDQojIFdoZW4geW91IHdhbnQgdG8gY29ubmVjdCB0byB0aGUgVlBOIFNlcnZlciBieSB1c2luZyBUQ1AgcHJvdG9jb2wsDQojIHRoZSBwb3J0IG51bWJlciBvZiB0aGUgZGVzdGluYXRpb24gVENQIHBvcnQgc2hvdWxkIGJlIHNhbWUgYXMgb25lIG9mDQojIHRoZSBhdmFpbGFibGUgVENQIGxpc3RlbmVycyBvbiB0aGUgVlBOIFNlcnZlci4NCiMgDQojIFdoZW4geW91IHVzZSBVRFAgcHJvdG9jb2wsIHRoZSBwb3J0IG51bWJlciBtdXN0IHNhbWUgYXMgdGhlIGNvbmZpZ3VyYXRpb24NCiMgc2V0dGluZyBvZiAiT3BlblZQTiBTZXJ2ZXIgQ29tcGF0aWJsZSBGdW5jdGlvbiIgb24gdGhlIFZQTiBTZXJ2ZXIuDQoNCnJlbW90ZSAyMTkuMTAwLjM3LjUwIDQ0Mw0KDQoNCiMjIyMjIyMjIyMjIyMjIyMjIyMjIyMjIyMjIyMjIyMjIyMjIyMjIyMjIyMjIyMjIyMjIyMjIyMjIyMjIyMjIyMjIyMjIyMjIyMjIyMjIyMNCiMgVGhlIEhUVFAvSFRUUFMgcHJveHkgc2V0dGluZy4NCiMgDQojIE9ubHkgaWYgeW91IGhhdmUgdG8gdXNlIHRoZSBJbnRlcm5ldCB2aWEgYSBwcm94eSwgdW5jb21tZW50IHRoZSBiZWxvdw0KIyB0d28gbGluZXMgYW5kIHNwZWNpZnkgdGhlIHByb3h5IGFkZHJlc3MgYW5kIHRoZSBwb3J0IG51bWJlci4NCiMgSW4gdGhlIGNhc2Ugb2YgdXNpbmcgcHJveHktYXV0aGVudGljYXRpb24sIHJlZmVyIHRoZSBPcGVuVlBOIG1hbnVhbC4NCg0KO2h0dHAtcHJveHktcmV0cnkNCjtodHRwLXByb3h5IFtwcm94eSBzZXJ2ZXJdIFtwcm94eSBwb3J0XQ0KDQoNCiMjIyMjIyMjIyMjIyMjIyMjIyMjIyMjIyMjIyMjIyMjIyMjIyMjIyMjIyMjIyMjIyMjIyMjIyMjIyMjIyMjIyMjIyMjIyMjIyMjIyMjIyMNCiMgVGhlIGVuY3J5cHRpb24gYW5kIGF1dGhlbnRpY2F0aW9uIGFsZ29yaXRobS4NCiMgDQojIERlZmF1bHQgc2V0dGluZyBpcyBnb29kLiBNb2RpZnkgaXQgYXMgeW91IHByZWZlci4NCiMgV2hlbiB5b3Ugc3BlY2lmeSBhbiB1bnN1cHBvcnRlZCBhbGdvcml0aG0sIHRoZSBlcnJvciB3aWxsIG9jY3VyLg0KIyANCiMgVGhlIHN1cHBvcnRlZCBhbGdvcml0aG1zIGFyZSBhcyBmb2xsb3dzOg0KIyAgY2lwaGVyOiBbTlVMTC1DSVBIRVJdIE5VTEwgQUVTLTEyOC1DQkMgQUVTLTE5Mi1DQkMgQUVTLTI1Ni1DQkMgQkYtQ0JDDQojICAgICAgICAgIENBU1QtQ0JDIENBU1Q1LUNCQyBERVMtQ0JDIERFUy1FREUtQ0JDIERFUy1FREUzLUNCQyBERVNYLUNCQw0KIyAgICAgICAgICBSQzItNDAtQ0JDIFJDMi02NC1DQkMgUkMyLUNCQw0KIyAgYXV0aDogICBTSEEgU0hBMSBNRDUgTUQ0IFJNRDE2MA0KDQpjaXBoZXIgQUVTLTEyOC1DQkMNCmF1dGggU0hBMQ0KDQoNCiMjIyMjIyMjIyMjIyMjIyMjIyMjIyMjIyMjIyMjIyMjIyMjIyMjIyMjIyMjIyMjIyMjIyMjIyMjIyMjIyMjIyMjIyMjIyMjIyMjIyMjIyMNCiMgT3RoZXIgcGFyYW1ldGVycyBuZWNlc3NhcnkgdG8gY29ubmVjdCB0byB0aGUgVlBOIFNlcnZlci4NCiMgDQojIEl0IGlzIG5vdCByZWNvbW1lbmRlZCB0byBtb2RpZnkgaXQgdW5sZXNzIHlvdSBoYXZlIGEgcGFydGljdWxhciBuZWVkLg0KDQpyZXNvbHYtcmV0cnkgaW5maW5pdGUNCm5vYmluZA0KcGVyc2lzdC1rZXkNCnBlcnNpc3QtdHVuDQpjbGllbnQNCnZlcmIgMw0KI2F1dGgtdXNlci1wYXNzDQoNCg0KIyMjIyMjIyMjIyMjIyMjIyMjIyMjIyMjIyMjIyMjIyMjIyMjIyMjIyMjIyMjIyMjIyMjIyMjIyMjIyMjIyMjIyMjIyMjIyMjIyMjIyMjIw0KIyBUaGUgY2VydGlmaWNhdGUgZmlsZSBvZiB0aGUgZGVzdGluYXRpb24gVlBOIFNlcnZlci4NCiMgDQojIFRoZSBDQSBjZXJ0aWZpY2F0ZSBmaWxlIGlzIGVtYmVkZGVkIGluIHRoZSBpbmxpbmUgZm9ybWF0Lg0KIyBZb3UgY2FuIHJlcGxhY2UgdGhpcyBDQSBjb250ZW50cyBpZiBuZWNlc3NhcnkuDQojIFBsZWFzZSBub3RlIHRoYXQgaWYgdGhlIHNlcnZlciBjZXJ0aWZpY2F0ZSBpcyBub3QgYSBzZWxmLXNpZ25lZCwgeW91IGhhdmUgdG8NCiMgc3BlY2lmeSB0aGUgc2lnbmVyJ3Mgcm9vdCBjZXJ0aWZpY2F0ZSAoQ0EpIGhlcmUuDQoNCjxjYT4NCi0tLS0tQkVHSU4gQ0VSVElGSUNBVEUtLS0tLQ0KTUlJRmF6Q0NBMU9nQXdJQkFnSVJBSUlRejdEU1FPTlpSR1BndTJPQ2l3QXdEUVlKS29aSWh2Y05BUUVMQlFBdw0KVHpFTE1Ba0dBMVVFQmhNQ1ZWTXhLVEFuQmdOVkJBb1RJRWx1ZEdWeWJtVjBJRk5sWTNWeWFYUjVJRkpsYzJWaA0KY21Ob0lFZHliM1Z3TVJVd0V3WURWUVFERXd4SlUxSkhJRkp2YjNRZ1dERXdIaGNOTVRVd05qQTBNVEV3TkRNNA0KV2hjTk16VXdOakEwTVRFd05ETTRXakJQTVFzd0NRWURWUVFHRXdKVlV6RXBNQ2NHQTFVRUNoTWdTVzUwWlhKdQ0KWlhRZ1UyVmpkWEpwZEhrZ1VtVnpaV0Z5WTJnZ1IzSnZkWEF4RlRBVEJnTlZCQU1UREVsVFVrY2dVbTl2ZENCWQ0KTVRDQ0FpSXdEUVlKS29aSWh2Y05BUUVCQlFBRGdnSVBBRENDQWdvQ2dnSUJBSzNvSkhQMEZEZnptNTRyVnlnYw0KaDc3Y3Q5ODRrSXh1UE9aWG9IajNkY0tpL3ZWcWJ2WUFUeWpiM21pR2JFU1R0ckZqL1JRU2E3OGYwdW94bXlGKw0KMFRNOHVrajEzWG5mczdqL0V2RWhta3ZCaW9aeGFVcG1abXlQZmp4d3Y2MHBJZ2J6NU1EbWdLN2lTNCszbVg2VQ0KQTUvVFI1ZDhtVWdqVStnNHJrOEtiNE11MFVsWGpJQjB0dG92MERpTmV3TndJUnQxOGpBOCtvK3UzZHBqcStzVw0KVDhLT0VVdCt6d3ZvLzdWM0x2U3llMHJnVEJJbERIQ05BeW1nNFZNazdCUFo3aG0vRUxOS2pEK0pvMkZSM3F5SA0KQjVUMFkzSHNMdUp2VzVpQjRZbGNOSGxzZHU4N2tHSjU1dHVrbWk4bXhkQVE0UTdlMlJDT0Z2dTM5NmozeCtVQw0KQjVpUE5naVY1K0kzbGcwMmRaNzdEbkt4SFp1OEEvbEpCZGlCM1FXMEt0WkI2YXdCZHBVS0Q5amYxYjBTSHpVdg0KS0JkczBwakJxQWxrZDI1SE43ck9yRmxlYUoxL2N0YUp4UVpCS1Q1WlB0MG05U1RKRWFkYW8weEFIMGFobWJXbg0KT2xGdWhqdWVmWEtuRWdWNFdlMCtVWGdWQ3dPUGpkQXZCYkkrZTBvY1MzTUZFdnpHNnVCUUUzeERrM1N6eW5Ubg0Kamg4QkNOQXcxRnR4TnJRSHVzRXdNRnhJdDRJN21LWjlZSXFpb3ltQ3pMcTlnd1Fib29NRFFhSFdCZkVid3Jidw0KcUh5R08wYW9TQ3FJM0hhYWRyOGZhcVU5R1kvck9QTmszc2dyRFFvby8vZmI0aFZDMUNMUUoxM2hlZjRZNTNDSQ0KclU3bTJZczZ4dDBuVVc3L3ZHVDFNME5QQWdNQkFBR2pRakJBTUE0R0ExVWREd0VCL3dRRUF3SUJCakFQQmdOVg0KSFJNQkFmOEVCVEFEQVFIL01CMEdBMVVkRGdRV0JCUjV0Rm5tZTdibDVBRnpnQWlJeUJwWTl1bWJiakFOQmdrcQ0KaGtpRzl3MEJBUXNGQUFPQ0FnRUFWUjlZcWJ5eXFGRFFETEhZR21rZ0p5a0lyR0YxWElwdStJTGxhUy9WOWxaTA0KdWJoekVGblRJWmQrNTB4eCs3TFNZSzA1cUF2cUZ5RldoZkZRRGxucnp1Qlo2YnJKRmUrR25ZK0VnUGJrNlpHUQ0KM0JlYllodEY4R2FWMG54dnd1bzc3eC9QeTlhdUovR3BzTWl1L1gxK212b2lCT3YvMlgvcWtTc2lzUmNPai9LSw0KTkZ0WTJQd0J5VlM1dUNiTWlvZ3ppVXd0aER5QzMrNldWd1c2TEx2M3hMZkhUanVDdmpISUluTnprdEhDZ0tRNQ0KT1JBekk0Sk1QSitHc2xXWUhiNHBob3dpbTU3aWF6dFhPb0p3VGR3Sng0bkxDZ2ROYk9oZGpzbnZ6cXZIdTdVcg0KVGtYV1N0QW16T1Z5eWdocXBaWGpGYUgzcE8zSkxGK2wrLytzS0FJdXZ0ZDd1K054ZTVBVzB3ZGVSbE44TndkQw0Kak5QRWxwelZtYlVxNEpVYWdFaXVURGtIenN4SHBGS1ZLN3E0KzYzU00xTjk1UjFOYmRXaHNjZENiK1pBSnpWYw0Kb3lpM0I0M25qVE9RNXlPZisxQ2NlV3hHMWJRVnM1WnVmcHNNbGpxNFVpMC8xbHZoK3dqQ2hQNGtxS09KMnF4cQ0KNFJncXNhaERZVnZUSDl3N2pYYnlMZWlOZGQ4WE0ydzlVL3Q3eTBGZi85eWkwR0U0NFphNHJGMkxOOWQxMVRQQQ0KbVJHdW5VSEJjbldFdmdKQlFsOW5KRWlVMFpzbnZnYy91YmhQZ1hSUjRYcTM3WjBqNHI3ZzFTZ0VFend4QTU3ZA0KZW15UHhnY1l4bi9lUjQ0L0tKNEVCcytsVkRSM3ZleUptK2tYUTk5YjIxLytqaDVYb3MxQW5YNWlJdHJlR0NjPQ0KLS0tLS1FTkQgQ0VSVElGSUNBVEUtLS0tLQ0KDQo8L2NhPg0KDQoNCiMjIyMjIyMjIyMjIyMjIyMjIyMjIyMjIyMjIyMjIyMjIyMjIyMjIyMjIyMjIyMjIyMjIyMjIyMjIyMjIyMjIyMjIyMjIyMjIyMjIyMjIyMNCiMgVGhlIGNsaWVudCBjZXJ0aWZpY2F0ZSBmaWxlIChkdW1teSkuDQojIA0KIyBJbiBzb21lIGltcGxlbWVudGF0aW9ucyBvZiBPcGVuVlBOIENsaWVudCBzb2Z0d2FyZQ0KIyAoZm9yIGV4YW1wbGU6IE9wZW5WUE4gQ2xpZW50IGZvciBpT1MpLA0KIyBhIHBhaXIgb2YgY2xpZW50IGNlcnRpZmljYXRlIGFuZCBwcml2YXRlIGtleSBtdXN0IGJlIGluY2x1ZGVkIG9uIHRoZQ0KIyBjb25maWd1cmF0aW9uIGZpbGUgZHVlIHRvIHRoZSBsaW1pdGF0aW9uIG9mIHRoZSBjbGllbnQuDQojIFNvIHRoaXMgc2FtcGxlIGNvbmZpZ3VyYXRpb24gZmlsZSBoYXMgYSBkdW1teSBwYWlyIG9mIGNsaWVudCBjZXJ0aWZpY2F0ZQ0KIyBhbmQgcHJpdmF0ZSBrZXkgYXMgZm9sbG93cy4NCg0KPGNlcnQ+DQotLS0tLUJFR0lOIENFUlRJRklDQVRFLS0tLS0NCk1JSUN4akNDQWE0Q0FRQXdEUVlKS29aSWh2Y05BUUVGQlFBd0tURWFNQmdHQTFVRUF4TVJWbEJPUjJGMFpVTnMNCmFXVnVkRU5sY25ReEN6QUpCZ05WQkFZVEFrcFFNQjRYRFRFek1ESXhNVEF6TkRrME9Wb1hEVE0zTURFeE9UQXoNCk1UUXdOMW93S1RFYU1CZ0dBMVVFQXhNUlZsQk9SMkYwWlVOc2FXVnVkRU5sY25ReEN6QUpCZ05WQkFZVEFrcFENCk1JSUJJakFOQmdrcWhraUc5dzBCQVFFRkFBT0NBUThBTUlJQkNnS0NBUUVBNWgybGdRUVlVandvS1lKYnpWWkENCjVWY0lHZDVvdFBjL3FaUk10MEtJdENGQTBzOVJ3UmVOVmE5ZkRSRkxSQmhjSVRPbHYzRkJjVzNFOGgxVXM3UkQNCjRXOEdtSmU4emFwSm5Mc0QzOU9TTVJDelpKbmN6VzRPQ0gxUFpSWldLcUR0amxOY2E5QUY4YTY1alRtbER4Q1ENCkNqbnRMSVdrNU9MTFZrRnQ5L3RTY2MxR0R0Y2k1NW9maGFOQVlNUGlIN1Y4KzFnNjZwR0hYQW9XSzZBUVZINjcNClhDS0puR0I1bmxRK0hzTVlQVi9PNDlMZDkxWk4vMnRIa2NhTEx5TnR5d3hWUFJTc1JoNDgwamp1MGZjQ3N2NmgNCnAvMHlYblRCLy9tV3V0QkdwZFVsSWJ3aUlUYkFtcnNiWW5qaWdSdm5QcVgxUk5KVWJpOUZwNkMyYy9ISUZKR0QNCnl3SURBUUFCTUEwR0NTcUdTSWIzRFFFQkJRVUFBNElCQVFDaE81aGdjdy80b1dmb0VGTHU5a0JhMUIvL2t4SDgNCmhRa0NoVk5uOEJSQzdZMFVSUWl0UGwzREtFZWQ5VVJCRGRnMktPQXo3N2JiNkVOUGlsaUQrYTM4VUpISVJNcWUNClVCSGhsbE9ISXp2RGhIRmJhb3ZBTEJRY2VlQnpka1F4c0tRRVNLbVFtUjgzMjk1MFVDb3ZveVJCNjFVeUFWN2gNCittWmhZUEdSS1hLU0pJNnMwRWdnL0NyaStDd2s0YmpKZnJiNWhWc2UxMXloNEQ5TUhod1NmQ09IKzB6NGhQVVQNCkZrdTdkR2F2VVJPNVNWeE1uL3NMNkVuNUQrb1NlWGthZEhwRHMrQWlyeW0yWUhoMTVoMCtqUFNPb1I2eWlWcC8NCjZ6WmVaa3JONDNrdVM3M0twS0RGamZGUGg4dDRyMWdPSWp0dGtOY1FxQmNjdXNucGxRN0hKcHNrDQotLS0tLUVORCBDRVJUSUZJQ0FURS0tLS0tDQoNCjwvY2VydD4NCg0KPGtleT4NCi0tLS0tQkVHSU4gUlNBIFBSSVZBVEUgS0VZLS0tLS0NCk1JSUVwQUlCQUFLQ0FRRUE1aDJsZ1FRWVVqd29LWUpielZaQTVWY0lHZDVvdFBjL3FaUk10MEtJdENGQTBzOVINCndSZU5WYTlmRFJGTFJCaGNJVE9sdjNGQmNXM0U4aDFVczdSRDRXOEdtSmU4emFwSm5Mc0QzOU9TTVJDelpKbmMNCnpXNE9DSDFQWlJaV0txRHRqbE5jYTlBRjhhNjVqVG1sRHhDUUNqbnRMSVdrNU9MTFZrRnQ5L3RTY2MxR0R0Y2kNCjU1b2ZoYU5BWU1QaUg3VjgrMWc2NnBHSFhBb1dLNkFRVkg2N1hDS0puR0I1bmxRK0hzTVlQVi9PNDlMZDkxWk4NCi8ydEhrY2FMTHlOdHl3eFZQUlNzUmg0ODBqanUwZmNDc3Y2aHAvMHlYblRCLy9tV3V0QkdwZFVsSWJ3aUlUYkENCm1yc2JZbmppZ1J2blBxWDFSTkpVYmk5RnA2QzJjL0hJRkpHRHl3SURBUUFCQW9JQkFFUlY3WDVBdnhBOHVSaUsNCms4U0lwc0QwZFgxcEpPTUl3YWtVVnl2YzRFZk4wRGhLUk5iNHJZb1NpRUdUTHl6THB5QmMvQTI4RGxrbTVlT1kNCmZqelhmWWtHdFlpL0Z0eGtnM085dmNyTVE0KzZpK3VHSGFJTDJyTCtzNE1yZk84djF4djYrV2t5MzNFRUdDb3UNClFpd1ZHUkZRWG5Sb1E2Mk5CQ0ZiVU5MaG1Yd2RqMWFrWnpMVTRwNVI0ekEzUWhkeHdFSWF0Vkx0MCs3b3dMUTMNCmxQOHNmWGhwcFBPWGpUcU1ENFFrWXd6UEFhOC96RjdhY240a3J5clVQN1E2UEFmZDB6RVZxTnk5WkNaOWZmaG8NCnpYZWRGajQ4NklGb2M1Z25UcDJONmpzblZqNExDR0lobFZIbFlHb3pLS0ZxSmNRVkdzSENxcTFvejJ6alc2TFMNCm9SWUlIZ0VDZ1lFQTh6WnJrQ3dOWVNYSnVPREozbS9oT0xWeGN4Z0p1d1hvaUVyV2QwRTQydlBhbmpqVk1obnQNCktZNWw4cUdNSjZGaEs5TFl4MnFDcmYvRTBYdFVBWjJ3VnEzT1JUeUduc01XcmU5dExZczU1WCtaTjEwVGM3NXoNCjRoYWNiVTBocUtOMUhpRG1zTVJZMy8yTmFaSG95N01LbndKSkJhRzQ4bDlDQ1RsVndNSG9jSUVDZ1lFQThqYnkNCmRHanhUSCs2WEhXTml6YjVTUmJaeEFueUVlSmVSd1RNaDBnR3p3R1BwSC9zWllHenl1MFN5U1hXQ25aaDNSZ3ENCjV1TGxOeHRyWHJsalpseWkyblFkUWdzcTJZcldVczAremdVKzIydVFzWnBTQWZ0bWhWcnR2ZXQ2TWpWamJCeVkNCkRBRGNpRVZVZEpZSVhrK3FuRlVKeWVyb0xJa1RqN1dZS1o2Umprc0NnWUJvQ0ZJd1JEZWc0Mm9LODlSRm1uT3INCkx5bU5BcTQrMm9NaHNXbFZiNGVqV0lXZUFrOW5jK0dYVWZyWHN6UmhTMDFtVW5VNXI1eWdVdlJjYXJWL1QzVTcNClRuTVorSTdZNERnV1JJRGQ1MXpuaHhJQnRZVjVqL0MvdDg1SGpxT2tIKzhiNlJUa2JjaGFYM21hdTdmcFVmZHMNCkZxMG5oSXE0MmZoRU84c3JmWVl3Z1FLQmdRQ3loaTFOLzh0YVJ3cGsrMy9JREV6UXdqYmZkelVrV1dTRGs5WHMNCkgvcGt1UkhXZlRNUDNmbFdxRVlnVy9MVzQwcGVXMkhEcTVpbWRWOCtBZ1p4ZS9YTWJhamk5TGd3ZjFSWTAwNW4NCkt4YVpRejd5cUh1cFdsTEdGNjhEUEh4a1pWVlNhZ0RuVi9zenRXWDZTRnNDcUZWbnhJWGlmWEdDNGNXNU5tOWcNCnZhOHE0UUtCZ1FDRWhMVmVVZmR3S3ZrWjk0Zy9HRno3MzFaMmhyZFZoZ01aYVUvdTZ0MFY5NStZZXpQTkNRWkINCndtRTlNbWxicTFlbURlUk9pdmpDZm9HaFIza1pYVzFwVEtsTGg2Wk1VUVVPcHB0ZFh2YThYeGZvcVF3YTNlbkENCk03bXVCYkYwWE43Vk84MGlKUHYrUG1JWmRFSUFrcHdLZmkyMDFZQitCYWZDSXVHeElGNTBWZz09DQotLS0tLUVORCBSU0EgUFJJVkFURSBLRVktLS0tLQ0KDQo8L2tleT4NCg0K
public-vpn-100,219.100.37.57,1779997,31,498156271,Japan,JP,158,1076246228,22654770,1636936576222356,2weeks,Daiyuu Nobori_ Japan. Academic Use Only.,,IyMjIyMjIyMjIyMjIyMjIyMjIyMjIyMjIyMjIyMjIyMjIyMjIyMjIyMjIyMjIyMjIyMjIyMjIyMjIyMjIyMjIyMjIyMjIyMjIyMjIyMjIw0KIyBPcGVuVlBOIDIuMCBTYW1wbGUgQ29uZmlndXJhdGlvbiBGaWxlDQojIGZvciBQYWNrZXRpWCBWUE4gLyBTb2Z0RXRoZXIgVlBOIFNlcnZlcg0KIyANCiMgISEhIEFVVE8tR0VORVJBVEVEIEJZIFNPRlRFVEhFUiBWUE4gU0VSVkVSIE1BTkFHRU1FTlQgVE9PTCAhISENCiMgDQojICEhISBZT1UgSEFWRSBUTyBSRVZJRVcgSVQgQkVGT1JFIFVTRSBBTkQgTU9ESUZZIElUIEFTIE5FQ0VTU0FSWSAhISENCiMgDQojIFRoaXMgY29uZmlndXJhdGlvbiBmaWxlIGlzIGF1dG8tZ2VuZXJhdGVkLiBZb3UgbWlnaHQgdXNlIHRoaXMgY29uZmlnIGZpbGUNCiMgaW4gb3JkZXIgdG8gY29ubmVjdCB0byB0aGUgUGFja2V0aVggVlBOIC8gU29mdEV0aGVyIFZQTiBTZXJ2ZXIuDQojIEhvd2V2ZXIsIGJlZm9yZSB5b3UgdHJ5IGl0LCB5b3Ugc2hvdWxkIHJldmlldyB0aGUgZGVzY3JpcHRpb25zIG9mIHRoZSBmaWxlDQojIHRvIGRldGVybWluZSB0aGUgbmVjZXNzaXR5IHRvIG1vZGlmeSB0byBzdWl0YWJsZSBmb3IgeW91ciByZWFsIGVudmlyb25tZW50Lg0KIyBJZiBuZWNlc3NhcnksIHlvdSBoYXZlIHRvIG1vZGlmeSBhIGxpdHRsZSBhZGVxdWF0ZWx5IG9uIHRoZSBmaWxlLg0KIyBGb3IgZXhhbXBsZSwgdGhlIElQIGFkZHJlc3Mgb3IgdGhlIGhvc3RuYW1lIGFzIGEgZGVzdGluYXRpb24gVlBOIFNlcnZlcg0KIyBzaG91bGQgYmUgY29uZmlybWVkLg0KIyANCiMgTm90ZSB0aGF0IHRvIHVzZSBPcGVuVlBOIDIuMCwgeW91IGhhdmUgdG8gcHV0IHRoZSBjZXJ0aWZpY2F0aW9uIGZpbGUgb2YNCiMgdGhlIGRlc3RpbmF0aW9uIFZQTiBTZXJ2ZXIgb24gdGhlIE9wZW5WUE4gQ2xpZW50IGNvbXB1dGVyIHdoZW4geW91IHVzZSB0aGlzDQojIGNvbmZpZyBmaWxlLiBQbGVhc2UgcmVmZXIgdGhlIGJlbG93IGRlc2NyaXB0aW9ucyBjYXJlZnVsbHkuDQoNCg0KIyMjIyMjIyMjIyMjIyMjIyMjIyMjIyMjIyMjIyMjIyMjIyMjIyMjIyMjIyMjIyMjIyMjIyMjIyMjIyMjIyMjIyMjIyMjIyMjIyMjIyMjIw0KIyBTcGVjaWZ5IHRoZSB0eXBlIG9mIHRoZSBsYXllciBvZiB0aGUgVlBOIGNvbm5lY3Rpb24uDQojIA0KIyBUbyBjb25uZWN0IHRvIHRoZSBWUE4gU2VydmVyIGFzIGEgIlJlbW90ZS1BY2Nlc3MgVlBOIENsaWVudCBQQyIsDQojICBzcGVjaWZ5ICdkZXYgdHVuJy4gKExheWVyLTMgSVAgUm91dGluZyBNb2RlKQ0KIw0KIyBUbyBjb25uZWN0IHRvIHRoZSBWUE4gU2VydmVyIGFzIGEgYnJpZGdpbmcgZXF1aXBtZW50IG9mICJTaXRlLXRvLVNpdGUgVlBOIiwNCiMgIHNwZWNpZnkgJ2RldiB0YXAnLiAoTGF5ZXItMiBFdGhlcm5ldCBCcmlkZ2luZSBNb2RlKQ0KDQpkZXYgdHVuDQoNCg0KIyMjIyMjIyMjIyMjIyMjIyMjIyMjIyMjIyMjIyMjIyMjIyMjIyMjIyMjIyMjIyMjIyMjIyMjIyMjIyMjIyMjIyMjIyMjIyMjIyMjIyMjIw0KIyBTcGVjaWZ5IHRoZSB1bmRlcmx5aW5nIHByb3RvY29sIGJleW9uZCB0aGUgSW50ZXJuZXQuDQojIE5vdGUgdGhhdCB0aGlzIHNldHRpbmcgbXVzdCBiZSBjb3JyZXNwb25kIHdpdGggdGhlIGxpc3RlbmluZyBzZXR0aW5nIG9uDQojIHRoZSBWUE4gU2VydmVyLg0KIyANCiMgU3BlY2lmeSBlaXRoZXIgJ3Byb3RvIHRjcCcgb3IgJ3Byb3RvIHVkcCcuDQoNCnByb3RvIHRjcA0KDQoNCiMjIyMjIyMjIyMjIyMjIyMjIyMjIyMjIyMjIyMjIyMjIyMjIyMjIyMjIyMjIyMjIyMjIyMjIyMjIyMjIyMjIyMjIyMjIyMjIyMjIyMjIyMNCiMgVGhlIGRlc3RpbmF0aW9uIGhvc3RuYW1lIC8gSVAgYWRkcmVzcywgYW5kIHBvcnQgbnVtYmVyIG9mDQojIHRoZSB0YXJnZXQgVlBOIFNlcnZlci4NCiMgDQojIFlvdSBoYXZlIHRvIHNwZWNpZnkgYXMgJ3JlbW90ZSA8SE9TVE5BTUU+IDxQT1JUPicuIFlvdSBjYW4gYWxzbw0KIyBzcGVjaWZ5IHRoZSBJUCBhZGRyZXNzIGluc3RlYWQgb2YgdGhlIGhvc3RuYW1lLg0KIyANCiMgTm90ZSB0aGF0IHRoZSBhdXRvLWdlbmVyYXRlZCBiZWxvdyBob3N0bmFtZSBhcmUgYSAiYXV0by1kZXRlY3RlZA0KIyBJUCBhZGRyZXNzIiBvZiB0aGUgVlBOIFNlcnZlci4gWW91IGhhdmUgdG8gY29uZmlybSB0aGUgY29ycmVjdG5lc3MNCiMgYmVmb3JlaGFuZC4NCiMgDQojIFdoZW4geW91IHdhbnQgdG8gY29ubmVjdCB0byB0aGUgVlBOIFNlcnZlciBieSB1c2luZyBUQ1AgcHJvdG9jb2wsDQojIHRoZSBwb3J0IG51bWJlciBvZiB0aGUgZGVzdGluYXRpb24gVENQIHBvcnQgc2hvdWxkIGJlIHNhbWUgYXMgb25lIG9mDQojIHRoZSBhdmFpbGFibGUgVENQIGxpc3RlbmVycyBvbiB0aGUgVlBOIFNlcnZlci4NCiMgDQojIFdoZW4geW91IHVzZSBVRFAgcHJvdG9jb2wsIHRoZSBwb3J0IG51bWJlciBtdXN0IHNhbWUgYXMgdGhlIGNvbmZpZ3VyYXRpb24NCiMgc2V0dGluZyBvZiAiT3BlblZQTiBTZXJ2ZXIgQ29tcGF0aWJsZSBGdW5jdGlvbiIgb24gdGhlIFZQTiBTZXJ2ZXIuDQoNCnJlbW90ZSAyMTkuMTAwLjM3LjU3IDQ0Mw0KDQoNCiMjIyMjIyMjIyMjIyMjIyMjIyMjIyMjIyMjIyMjIyMjIyMjIyMjIyMjIyMjIyMjIyMjIyMjIyMjIyMjIyMjIyMjIyMjIyMjIyMjIyMjIyMNCiMgVGhlIEhUVFAvSFRUUFMgcHJveHkgc2V0dGluZy4NCiMgDQojIE9ubHkgaWYgeW91IGhhdmUgdG8gdXNlIHRoZSBJbnRlcm5ldCB2aWEgYSBwcm94eSwgdW5jb21tZW50IHRoZSBiZWxvdw0KIyB0d28gbGluZXMgYW5kIHNwZWNpZnkgdGhlIHByb3h5IGFkZHJlc3MgYW5kIHRoZSBwb3J0IG51bWJlci4NCiMgSW4gdGhlIGNhc2Ugb2YgdXNpbmcgcHJveHktYXV0aGVudGljYXRpb24sIHJlZmVyIHRoZSBPcGVuVlBOIG1hbnVhbC4NCg0KO2h0dHAtcHJveHktcmV0cnkNCjtodHRwLXByb3h5IFtwcm94eSBzZXJ2ZXJdIFtwcm94eSBwb3J0XQ0KDQoNCiMjIyMjIyMjIyMjIyMjIyMjIyMjIyMjIyMjIyMjIyMjIyMjIyMjIyMjIyMjIyMjIyMjIyMjIyMjIyMjIyMjIyMjIyMjIyMjIyMjIyMjIyMNCiMgVGhlIGVuY3J5cHRpb24gYW5kIGF1dGhlbnRpY2F0aW9uIGFsZ29yaXRobS4NCiMgDQojIERlZmF1bHQgc2V0dGluZyBpcyBnb29kLiBNb2RpZnkgaXQgYXMgeW91IHByZWZlci4NCiMgV2hlbiB5b3Ugc3BlY2lmeSBhbiB1bnN1cHBvcnRlZCBhbGdvcml0aG0sIHRoZSBlcnJvciB3aWxsIG9jY3VyLg0KIyANCiMgVGhlIHN1cHBvcnRlZCBhbGdvcml0aG1zIGFyZSBhcyBmb2xsb3dzOg0KIyAgY2lwaGVyOiBbTlVMTC1DSVBIRVJdIE5VTEwgQUVTLTEyOC1DQkMgQUVTLTE5Mi1DQkMgQUVTLTI1Ni1DQkMgQkYtQ0JDDQojICAgICAgICAgIENBU1QtQ0JDIENBU1Q1LUNCQyBERVMtQ0JDIERFUy1FREUtQ0JDIERFUy1FREUzLUNCQyBERVNYLUNCQw0KIyAgICAgICAgICBSQzItNDAtQ0JDIFJDMi02NC1DQkMgUkMyLUNCQw0KIyAgYXV0aDogICBTSEEgU0hBMSBNRDUgTUQ0IFJNRDE2MA0KDQpjaXBoZXIgQUVTLTEyOC1DQkMNCmF1dGggU0hBMQ0KDQoNCiMjIyMjIyMjIyMjIyMjIyMjIyMjIyMjIyMjIyMjIyMjIyMjIyMjIyMjIyMjIyMjIyMjIyMjIyMjIyMjIyMjIyMjIyMjIyMjIyMjIyMjIyMNCiMgT3RoZXIgcGFyYW1ldGVycyBuZWNlc3NhcnkgdG8gY29ubmVjdCB0byB0aGUgVlBOIFNlcnZlci4NCiMgDQojIEl0IGlzIG5vdCByZWNvbW1lbmRlZCB0byBtb2RpZnkgaXQgdW5sZXNzIHlvdSBoYXZlIGEgcGFydGljdWxhciBuZWVkLg0KDQpyZXNvbHYtcmV0cnkgaW5maW5pdGUNCm5vYmluZA0KcGVyc2lzdC1rZXkNCnBlcnNpc3QtdHVuDQpjbGllbnQNCnZlcmIgMw0KI2F1dGgtdXNlci1wYXNzDQoNCg0KIyMjIyMjIyMjIyMjIyMjIyMjIyMjIyMjIyMjIyMjIyMjIyMjIyMjIyMjIyMjIyMjIyMjIyMjIyMjIyMjIyMjIyMjIyMjIyMjIyMjIyMjIw0KIyBUaGUgY2VydGlmaWNhdGUgZmlsZSBvZiB0aGUgZGVzdGluYXRpb24gVlBOIFNlcnZlci4NCiMgDQojIFRoZSBDQSBjZXJ0aWZpY2F0ZSBmaWxlIGlzIGVtYmVkZGVkIGluIHRoZSBpbmxpbmUgZm9ybWF0Lg0KIyBZb3UgY2FuIHJlcGxhY2UgdGhpcyBDQSBjb250ZW50cyBpZiBuZWNlc3NhcnkuDQojIFBsZWFzZSBub3RlIHRoYXQgaWYgdGhlIHNlcnZlciBjZXJ0aWZpY2F0ZSBpcyBub3QgYSBzZWxmLXNpZ25lZCwgeW91IGhhdmUgdG8NCiMgc3BlY2lmeSB0aGUgc2lnbmVyJ3Mgcm9vdCBjZXJ0aWZpY2F0ZSAoQ0EpIGhlcmUuDQoNCjxjYT4NCi0tLS0tQkVHSU4gQ0VSVElGSUNBVEUtLS0tLQ0KTUlJRmF6Q0NBMU9nQXdJQkFnSVJBSUlRejdEU1FPTlpSR1BndTJPQ2l3QXdEUVlKS29aSWh2Y05BUUVMQlFBdw0KVHpFTE1Ba0dBMVVFQmhNQ1ZWTXhLVEFuQmdOVkJBb1RJRWx1ZEdWeWJtVjBJRk5sWTNWeWFYUjVJRkpsYzJWaA0KY21Ob0lFZHliM1Z3TVJVd0V3WURWUVFERXd4SlUxSkhJRkp2YjNRZ1dERXdIaGNOTVRVd05qQTBNVEV3TkRNNA0KV2hjTk16VXdOakEwTVRFd05ETTRXakJQTVFzd0NRWURWUVFHRXdKVlV6RXBNQ2NHQTFVRUNoTWdTVzUwWlhKdQ0KWlhRZ1UyVmpkWEpwZEhrZ1VtVnpaV0Z5WTJnZ1IzSnZkWEF4RlRBVEJnTlZCQU1UREVsVFVrY2dVbTl2ZENCWQ0KTVRDQ0FpSXdEUVlKS29aSWh2Y05BUUVCQlFBRGdnSVBBRENDQWdvQ2dnSUJBSzNvSkhQMEZEZnptNTRyVnlnYw0KaDc3Y3Q5ODRrSXh1UE9aWG9IajNkY0tpL3ZWcWJ2WUFUeWpiM21pR2JFU1R0ckZqL1JRU2E3OGYwdW94bXlGKw0KMFRNOHVrajEzWG5mczdqL0V2RWhta3ZCaW9aeGFVcG1abXlQZmp4d3Y2MHBJZ2J6NU1EbWdLN2lTNCszbVg2VQ0KQTUvVFI1ZDhtVWdqVStnNHJrOEtiNE11MFVsWGpJQjB0dG92MERpTmV3TndJUnQxOGpBOCtvK3UzZHBqcStzVw0KVDhLT0VVdCt6d3ZvLzdWM0x2U3llMHJnVEJJbERIQ05BeW1nNFZNazdCUFo3aG0vRUxOS2pEK0pvMkZSM3F5SA0KQjVUMFkzSHNMdUp2VzVpQjRZbGNOSGxzZHU4N2tHSjU1dHVrbWk4bXhkQVE0UTdlMlJDT0Z2dTM5NmozeCtVQw0KQjVpUE5naVY1K0kzbGcwMmRaNzdEbkt4SFp1OEEvbEpCZGlCM1FXMEt0WkI2YXdCZHBVS0Q5amYxYjBTSHpVdg0KS0JkczBwakJxQWxrZDI1SE43ck9yRmxlYUoxL2N0YUp4UVpCS1Q1WlB0MG05U1RKRWFkYW8weEFIMGFobWJXbg0KT2xGdWhqdWVmWEtuRWdWNFdlMCtVWGdWQ3dPUGpkQXZCYkkrZTBvY1MzTUZFdnpHNnVCUUUzeERrM1N6eW5Ubg0Kamg4QkNOQXcxRnR4TnJRSHVzRXdNRnhJdDRJN21LWjlZSXFpb3ltQ3pMcTlnd1Fib29NRFFhSFdCZkVid3Jidw0KcUh5R08wYW9TQ3FJM0hhYWRyOGZhcVU5R1kvck9QTmszc2dyRFFvby8vZmI0aFZDMUNMUUoxM2hlZjRZNTNDSQ0KclU3bTJZczZ4dDBuVVc3L3ZHVDFNME5QQWdNQkFBR2pRakJBTUE0R0ExVWREd0VCL3dRRUF3SUJCakFQQmdOVg0KSFJNQkFmOEVCVEFEQVFIL01CMEdBMVVkRGdRV0JCUjV0Rm5tZTdibDVBRnpnQWlJeUJwWTl1bWJiakFOQmdrcQ0KaGtpRzl3MEJBUXNGQUFPQ0FnRUFWUjlZcWJ5eXFGRFFETEhZR21rZ0p5a0lyR0YxWElwdStJTGxhUy9WOWxaTA0KdWJoekVGblRJWmQrNTB4eCs3TFNZSzA1cUF2cUZ5RldoZkZRRGxucnp1Qlo2YnJKRmUrR25ZK0VnUGJrNlpHUQ0KM0JlYllodEY4R2FWMG54dnd1bzc3eC9QeTlhdUovR3BzTWl1L1gxK212b2lCT3YvMlgvcWtTc2lzUmNPai9LSw0KTkZ0WTJQd0J5VlM1dUNiTWlvZ3ppVXd0aER5QzMrNldWd1c2TEx2M3hMZkhUanVDdmpISUluTnprdEhDZ0tRNQ0KT1JBekk0Sk1QSitHc2xXWUhiNHBob3dpbTU3aWF6dFhPb0p3VGR3Sng0bkxDZ2ROYk9oZGpzbnZ6cXZIdTdVcg0KVGtYV1N0QW16T1Z5eWdocXBaWGpGYUgzcE8zSkxGK2wrLytzS0FJdXZ0ZDd1K054ZTVBVzB3ZGVSbE44TndkQw0Kak5QRWxwelZtYlVxNEpVYWdFaXVURGtIenN4SHBGS1ZLN3E0KzYzU00xTjk1UjFOYmRXaHNjZENiK1pBSnpWYw0Kb3lpM0I0M25qVE9RNXlPZisxQ2NlV3hHMWJRVnM1WnVmcHNNbGpxNFVpMC8xbHZoK3dqQ2hQNGtxS09KMnF4cQ0KNFJncXNhaERZVnZUSDl3N2pYYnlMZWlOZGQ4WE0ydzlVL3Q3eTBGZi85eWkwR0U0NFphNHJGMkxOOWQxMVRQQQ0KbVJHdW5VSEJjbldFdmdKQlFsOW5KRWlVMFpzbnZnYy91YmhQZ1hSUjRYcTM3WjBqNHI3ZzFTZ0VFend4QTU3ZA0KZW15UHhnY1l4bi9lUjQ0L0tKNEVCcytsVkRSM3ZleUptK2tYUTk5YjIxLytqaDVYb3MxQW5YNWlJdHJlR0NjPQ0KLS0tLS1FTkQgQ0VSVElGSUNBVEUtLS0tLQ0KDQo8L2NhPg0KDQoNCiMjIyMjIyMjIyMjIyMjIyMjIyMjIyMjIyMjIyMjIyMjIyMjIyMjIyMjIyMjIyMjIyMjIyMjIyMjIyMjIyMjIyMjIyMjIyMjIyMjIyMjIyMNCiMgVGhlIGNsaWVudCBjZXJ0aWZpY2F0ZSBmaWxlIChkdW1teSkuDQojIA0KIyBJbiBzb21lIGltcGxlbWVudGF0aW9ucyBvZiBPcGVuVlBOIENsaWVudCBzb2Z0d2FyZQ0KIyAoZm9yIGV4YW1wbGU6IE9wZW5WUE4gQ2xpZW50IGZvciBpT1MpLA0KIyBhIHBhaXIgb2YgY2xpZW50IGNlcnRpZmljYXRlIGFuZCBwcml2YXRlIGtleSBtdXN0IGJlIGluY2x1ZGVkIG9uIHRoZQ0KIyBjb25maWd1cmF0aW9uIGZpbGUgZHVlIHRvIHRoZSBsaW1pdGF0aW9uIG9mIHRoZSBjbGllbnQuDQojIFNvIHRoaXMgc2FtcGxlIGNvbmZpZ3VyYXRpb24gZmlsZSBoYXMgYSBkdW1teSBwYWlyIG9mIGNsaWVudCBjZXJ0aWZpY2F0ZQ0KIyBhbmQgcHJpdmF0ZSBrZXkgYXMgZm9sbG93cy4NCg0KPGNlcnQ+DQotLS0tLUJFR0lOIENFUlRJRklDQVRFLS0tLS0NCk1JSUN4akNDQWE0Q0FRQXdEUVlKS29aSWh2Y05BUUVGQlFBd0tURWFNQmdHQTFVRUF4TVJWbEJPUjJGMFpVTnMNCmFXVnVkRU5sY25ReEN6QUpCZ05WQkFZVEFrcFFNQjRYRFRFek1ESXhNVEF6TkRrME9Wb1hEVE0zTURFeE9UQXoNCk1UUXdOMW93S1RFYU1CZ0dBMVVFQXhNUlZsQk9SMkYwWlVOc2FXVnVkRU5sY25ReEN6QUpCZ05WQkFZVEFrcFENCk1JSUJJakFOQmdrcWhraUc5dzBCQVFFRkFBT0NBUThBTUlJQkNnS0NBUUVBNWgybGdRUVlVandvS1lKYnpWWkENCjVWY0lHZDVvdFBjL3FaUk10MEtJdENGQTBzOVJ3UmVOVmE5ZkRSRkxSQmhjSVRPbHYzRkJjVzNFOGgxVXM3UkQNCjRXOEdtSmU4emFwSm5Mc0QzOU9TTVJDelpKbmN6VzRPQ0gxUFpSWldLcUR0amxOY2E5QUY4YTY1alRtbER4Q1ENCkNqbnRMSVdrNU9MTFZrRnQ5L3RTY2MxR0R0Y2k1NW9maGFOQVlNUGlIN1Y4KzFnNjZwR0hYQW9XSzZBUVZINjcNClhDS0puR0I1bmxRK0hzTVlQVi9PNDlMZDkxWk4vMnRIa2NhTEx5TnR5d3hWUFJTc1JoNDgwamp1MGZjQ3N2NmgNCnAvMHlYblRCLy9tV3V0QkdwZFVsSWJ3aUlUYkFtcnNiWW5qaWdSdm5QcVgxUk5KVWJpOUZwNkMyYy9ISUZKR0QNCnl3SURBUUFCTUEwR0NTcUdTSWIzRFFFQkJRVUFBNElCQVFDaE81aGdjdy80b1dmb0VGTHU5a0JhMUIvL2t4SDgNCmhRa0NoVk5uOEJSQzdZMFVSUWl0UGwzREtFZWQ5VVJCRGRnMktPQXo3N2JiNkVOUGlsaUQrYTM4VUpISVJNcWUNClVCSGhsbE9ISXp2RGhIRmJhb3ZBTEJRY2VlQnpka1F4c0tRRVNLbVFtUjgzMjk1MFVDb3ZveVJCNjFVeUFWN2gNCittWmhZUEdSS1hLU0pJNnMwRWdnL0NyaStDd2s0YmpKZnJiNWhWc2UxMXloNEQ5TUhod1NmQ09IKzB6NGhQVVQNCkZrdTdkR2F2VVJPNVNWeE1uL3NMNkVuNUQrb1NlWGthZEhwRHMrQWlyeW0yWUhoMTVoMCtqUFNPb1I2eWlWcC8NCjZ6WmVaa3JONDNrdVM3M0twS0RGamZGUGg4dDRyMWdPSWp0dGtOY1FxQmNjdXNucGxRN0hKcHNrDQotLS0tLUVORCBDRVJUSUZJQ0FURS0tLS0tDQoNCjwvY2VydD4NCg0KPGtleT4NCi0tLS0tQkVHSU4gUlNBIFBSSVZBVEUgS0VZLS0tLS0NCk1JSUVwQUlCQUFLQ0FRRUE1aDJsZ1FRWVVqd29LWUpielZaQTVWY0lHZDVvdFBjL3FaUk10MEtJdENGQTBzOVINCndSZU5WYTlmRFJGTFJCaGNJVE9sdjNGQmNXM0U4aDFVczdSRDRXOEdtSmU4emFwSm5Mc0QzOU9TTVJDelpKbmMNCnpXNE9DSDFQWlJaV0txRHRqbE5jYTlBRjhhNjVqVG1sRHhDUUNqbnRMSVdrNU9MTFZrRnQ5L3RTY2MxR0R0Y2kNCjU1b2ZoYU5BWU1QaUg3VjgrMWc2NnBHSFhBb1dLNkFRVkg2N1hDS0puR0I1bmxRK0hzTVlQVi9PNDlMZDkxWk4NCi8ydEhrY2FMTHlOdHl3eFZQUlNzUmg0ODBqanUwZmNDc3Y2aHAvMHlYblRCLy9tV3V0QkdwZFVsSWJ3aUlUYkENCm1yc2JZbmppZ1J2blBxWDFSTkpVYmk5RnA2QzJjL0hJRkpHRHl3SURBUUFCQW9JQkFFUlY3WDVBdnhBOHVSaUsNCms4U0lwc0QwZFgxcEpPTUl3YWtVVnl2YzRFZk4wRGhLUk5iNHJZb1NpRUdUTHl6THB5QmMvQTI4RGxrbTVlT1kNCmZqelhmWWtHdFlpL0Z0eGtnM085dmNyTVE0KzZpK3VHSGFJTDJyTCtzNE1yZk84djF4djYrV2t5MzNFRUdDb3UNClFpd1ZHUkZRWG5Sb1E2Mk5CQ0ZiVU5MaG1Yd2RqMWFrWnpMVTRwNVI0ekEzUWhkeHdFSWF0Vkx0MCs3b3dMUTMNCmxQOHNmWGhwcFBPWGpUcU1ENFFrWXd6UEFhOC96RjdhY240a3J5clVQN1E2UEFmZDB6RVZxTnk5WkNaOWZmaG8NCnpYZWRGajQ4NklGb2M1Z25UcDJONmpzblZqNExDR0lobFZIbFlHb3pLS0ZxSmNRVkdzSENxcTFvejJ6alc2TFMNCm9SWUlIZ0VDZ1lFQTh6WnJrQ3dOWVNYSnVPREozbS9oT0xWeGN4Z0p1d1hvaUVyV2QwRTQydlBhbmpqVk1obnQNCktZNWw4cUdNSjZGaEs5TFl4MnFDcmYvRTBYdFVBWjJ3VnEzT1JUeUduc01XcmU5dExZczU1WCtaTjEwVGM3NXoNCjRoYWNiVTBocUtOMUhpRG1zTVJZMy8yTmFaSG95N01LbndKSkJhRzQ4bDlDQ1RsVndNSG9jSUVDZ1lFQThqYnkNCmRHanhUSCs2WEhXTml6YjVTUmJaeEFueUVlSmVSd1RNaDBnR3p3R1BwSC9zWllHenl1MFN5U1hXQ25aaDNSZ3ENCjV1TGxOeHRyWHJsalpseWkyblFkUWdzcTJZcldVczAremdVKzIydVFzWnBTQWZ0bWhWcnR2ZXQ2TWpWamJCeVkNCkRBRGNpRVZVZEpZSVhrK3FuRlVKeWVyb0xJa1RqN1dZS1o2Umprc0NnWUJvQ0ZJd1JEZWc0Mm9LODlSRm1uT3INCkx5bU5BcTQrMm9NaHNXbFZiNGVqV0lXZUFrOW5jK0dYVWZyWHN6UmhTMDFtVW5VNXI1eWdVdlJjYXJWL1QzVTcNClRuTVorSTdZNERnV1JJRGQ1MXpuaHhJQnRZVjVqL0MvdDg1SGpxT2tIKzhiNlJUa2JjaGFYM21hdTdmcFVmZHMNCkZxMG5oSXE0MmZoRU84c3JmWVl3Z1FLQmdRQ3loaTFOLzh0YVJ3cGsrMy9JREV6UXdqYmZkelVrV1dTRGs5WHMNCkgvcGt1UkhXZlRNUDNmbFdxRVlnVy9MVzQwcGVXMkhEcTVpbWRWOCtBZ1p4ZS9YTWJhamk5TGd3ZjFSWTAwNW4NCkt4YVpRejd5cUh1cFdsTEdGNjhEUEh4a1pWVlNhZ0RuVi9zenRXWDZTRnNDcUZWbnhJWGlmWEdDNGNXNU5tOWcNCnZhOHE0UUtCZ1FDRWhMVmVVZmR3S3ZrWjk0Zy9HRno3MzFaMmhyZFZoZ01aYVUvdTZ0MFY5NStZZXpQTkNRWkINCndtRTlNbWxicTFlbURlUk9pdmpDZm9HaFIza1pYVzFwVEtsTGg2Wk1VUVVPcHB0ZFh2YThYeGZvcVF3YTNlbkENCk03bXVCYkYwWE43Vk84MGlKUHYrUG1JWmRFSUFrcHdLZmkyMDFZQitCYWZDSXVHeElGNTBWZz09DQotLS0tLUVORCBSU0EgUFJJVkFURSBLRVktLS0tLQ0KDQo8L2tleT4NCg0K
vpn790567673,27.121.32.193,1583427,3,726644292,Japan,JP,94,749979507,142293,21397107716155,2weeks,matsugoro_home's owner,,IyMjIyMjIyMjIyMjIyMjIyMjIyMjIyMjIyMjIyMjIyMjIyMjIyMjIyMjIyMjIyMjIyMjIyMjIyMjIyMjIyMjIyMjIyMjIyMjIyMjIyMjIw0KIyBPcGVuVlBOIDIuMCBTYW1wbGUgQ29uZmlndXJhdGlvbiBGaWxlDQojIGZvciBQYWNrZXRpWCBWUE4gLyBTb2Z0RXRoZXIgVlBOIFNlcnZlcg0KIyANCiMgISEhIEFVVE8tR0VORVJBVEVEIEJZIFNPRlRFVEhFUiBWUE4gU0VSVkVSIE1BTkFHRU1FTlQgVE9PTCAhISENCiMgDQojICEhISBZT1UgSEFWRSBUTyBSRVZJRVcgSVQgQkVGT1JFIFVTRSBBTkQgTU9ESUZZIElUIEFTIE5FQ0VTU0FSWSAhISENCiMgDQojIFRoaXMgY29uZmlndXJhdGlvbiBmaWxlIGlzIGF1dG8tZ2VuZXJhdGVkLiBZb3UgbWlnaHQgdXNlIHRoaXMgY29uZmlnIGZpbGUNCiMgaW4gb3JkZXIgdG8gY29ubmVjdCB0byB0aGUgUGFja2V0aVggVlBOIC8gU29mdEV0aGVyIFZQTiBTZXJ2ZXIuDQojIEhvd2V2ZXIsIGJlZm9yZSB5b3UgdHJ5IGl0LCB5b3Ugc2hvdWxkIHJldmlldyB0aGUgZGVzY3JpcHRpb25zIG9mIHRoZSBmaWxlDQojIHRvIGRldGVybWluZSB0aGUgbmVjZXNzaXR5IHRvIG1vZGlmeSB0byBzdWl0YWJsZSBmb3IgeW91ciByZWFsIGVudmlyb25tZW50Lg0KIyBJZiBuZWNlc3NhcnksIHlvdSBoYXZlIHRvIG1vZGlmeSBhIGxpdHRsZSBhZGVxdWF0ZWx5IG9uIHRoZSBmaWxlLg0KIyBGb3IgZXhhbXBsZSwgdGhlIElQIGFkZHJlc3Mgb3IgdGhlIGhvc3RuYW1lIGFzIGEgZGVzdGluYXRpb24gVlBOIFNlcnZlcg0KIyBzaG91bGQgYmUgY29uZmlybWVkLg0KIyANCiMgTm90ZSB0aGF0IHRvIHVzZSBPcGVuVlBOIDIuMCwgeW91IGhhdmUgdG8gcHV0IHRoZSBjZXJ0aWZpY2F0aW9uIGZpbGUgb2YNCiMgdGhlIGRlc3RpbmF0aW9uIFZQTiBTZXJ2ZXIgb24gdGhlIE9wZW5WUE4gQ2xpZW50IGNvbXB1dGVyIHdoZW4geW91IHVzZSB0aGlzDQojIGNvbmZpZyBmaWxlLiBQbGVhc2UgcmVmZXIgdGhlIGJlbG93IGRlc2NyaXB0aW9ucyBjYXJlZnVsbHkuDQoNCg0KIyMjIyMjIyMjIyMjIyMjIyMjIyMjIyMjIyMjIyMjIyMjIyMjIyMjIyMjIyMjIyMjIyMjIyMjIyMjIyMjIyMjIyMjIyMjIyMjIyMjIyMjIw0KIyBTcGVjaWZ5IHRoZSB0eXBlIG9mIHRoZSBsYXllciBvZiB0aGUgVlBOIGNvbm5lY3Rpb24uDQojIA0KIyBUbyBjb25uZWN0IHRvIHRoZSBWUE4gU2VydmVyIGFzIGEgIlJlbW90ZS1BY2Nlc3MgVlBOIENsaWVudCBQQyIsDQojICBzcGVjaWZ5ICdkZXYgdHVuJy4gKExheWVyLTMgSVAgUm91dGluZyBNb2RlKQ0KIw0KIyBUbyBjb25uZWN0IHRvIHRoZSBWUE4gU2VydmVyIGFzIGEgYnJpZGdpbmcgZXF1aXBtZW50IG9mICJTaXRlLXRvLVNpdGUgVlBOIiwNCiMgIHNwZWNpZnkgJ2RldiB0YXAnLiAoTGF5ZXItMiBFdGhlcm5ldCBCcmlkZ2luZSBNb2RlKQ0KDQpkZXYgdHVuDQoNCg0KIyMjIyMjIyMjIyMjIyMjIyMjIyMjIyMjIyMjIyMjIyMjIyMjIyMjIyMjIyMjIyMjIyMjIyMjIyMjIyMjIyMjIyMjIyMjIyMjIyMjIyMjIw0KIyBTcGVjaWZ5IHRoZSB1bmRlcmx5aW5nIHByb3RvY29sIGJleW9uZCB0aGUgSW50ZXJuZXQuDQojIE5vdGUgdGhhdCB0aGlzIHNldHRpbmcgbXVzdCBiZSBjb3JyZXNwb25kIHdpdGggdGhlIGxpc3RlbmluZyBzZXR0aW5nIG9uDQojIHRoZSBWUE4gU2VydmVyLg0KIyANCiMgU3BlY2lmeSBlaXRoZXIgJ3Byb3RvIHRjcCcgb3IgJ3Byb3RvIHVkcCcuDQoNCnByb3RvIHRjcA0KDQoNCiMjIyMjIyMjIyMjIyMjIyMjIyMjIyMjIyMjIyMjIyMjIyMjIyMjIyMjIyMjIyMjIyMjIyMjIyMjIyMjIyMjIyMjIyMjIyMjIyMjIyMjIyMNCiMgVGhlIGRlc3RpbmF0aW9uIGhvc3RuYW1lIC8gSVAgYWRkcmVzcywgYW5kIHBvcnQgbnVtYmVyIG9mDQojIHRoZSB0YXJnZXQgVlBOIFNlcnZlci4NCiMgDQojIFlvdSBoYXZlIHRvIHNwZWNpZnkgYXMgJ3JlbW90ZSA8SE9TVE5BTUU+IDxQT1JUPicuIFlvdSBjYW4gYWxzbw0KIyBzcGVjaWZ5IHRoZSBJUCBhZGRyZXNzIGluc3RlYWQgb2YgdGhlIGhvc3RuYW1lLg0KIyANCiMgTm90ZSB0aGF0IHRoZSBhdXRvLWdlbmVyYXRlZCBiZWxvdyBob3N0bmFtZSBhcmUgYSAiYXV0by1kZXRlY3RlZA0KIyBJUCBhZGRyZXNzIiBvZiB0aGUgVlBOIFNlcnZlci4gWW91IGhhdmUgdG8gY29uZmlybSB0aGUgY29ycmVjdG5lc3MNCiMgYmVmb3JlaGFuZC4NCiMgDQojIFdoZW4geW91IHdhbnQgdG8gY29ubmVjdCB0byB0aGUgVlBOIFNlcnZlciBieSB1c2luZyBUQ1AgcHJvdG9jb2wsDQojIHRoZSBwb3J0IG51bWJlciBvZiB0aGUgZGVzdGluYXRpb24gVENQIHBvcnQgc2hvdWxkIGJlIHNhbWUgYXMgb25lIG9mDQojIHRoZSBhdmFpbGFibGUgVENQIGxpc3RlbmVycyBvbiB0aGUgVlBOIFNlcnZlci4NCiMgDQojIFdoZW4geW91IHVzZSBVRFAgcHJvdG9jb2wsIHRoZSBwb3J0IG51bWJlciBtdXN0IHNhbWUgYXMgdGhlIGNvbmZpZ3VyYXRpb24NCiMgc2V0dGluZyBvZiAiT3BlblZQTiBTZXJ2ZXIgQ29tcGF0aWJsZSBGdW5jdGlvbiIgb24gdGhlIFZQTiBTZXJ2ZXIuDQoNCnJlbW90ZSAyNy4xMjEuMzIuMTkzIDE4OTcNCg0KDQojIyMjIyMjIyMjIyMjIyMjIyMjIyMjIyMjIyMjIyMjIyMjIyMjIyMjIyMjIyMjIyMjIyMjIyMjIyMjIyMjIyMjIyMjIyMjIyMjIyMjIyMjDQojIFRoZSBIVFRQL0hUVFBTIHByb3h5IHNldHRpbmcuDQojIA0KIyBPbmx5IGlmIHlvdSBoYXZlIHRvIHVzZSB0aGUgSW50ZXJuZXQgdmlhIGEgcHJveHksIHVuY29tbWVudCB0aGUgYmVsb3cNCiMgdHdvIGxpbmVzIGFuZCBzcGVjaWZ5IHRoZSBwcm94eSBhZGRyZXNzIGFuZCB0aGUgcG9ydCBudW1iZXIuDQojIEluIHRoZSBjYXNlIG9mIHVzaW5nIHByb3h5LWF1dGhlbnRpY2F0aW9uLCByZWZlciB0aGUgT3BlblZQTiBtYW51YWwuDQoNCjtodHRwLXByb3h5LXJldHJ5DQo7aHR0cC1wcm94eSBbcHJveHkgc2VydmVyXSBbcHJveHkgcG9ydF0NCg0KDQojIyMjIyMjIyMjIyMjIyMjIyMjIyMjIyMjIyMjIyMjIyMjIyMjIyMjIyMjIyMjIyMjIyMjIyMjIyMjIyMjIyMjIyMjIyMjIyMjIyMjIyMjDQojIFRoZSBlbmNyeXB0aW9uIGFuZCBhdXRoZW50aWNhdGlvbiBhbGdvcml0aG0uDQojIA0KIyBEZWZhdWx0IHNldHRpbmcgaXMgZ29vZC4gTW9kaWZ5IGl0IGFzIHlvdSBwcmVmZXIuDQojIFdoZW4geW91IHNwZWNpZnkgYW4gdW5zdXBwb3J0ZWQgYWxnb3JpdGhtLCB0aGUgZXJyb3Igd2lsbCBvY2N1ci4NCiMgDQojIFRoZSBzdXBwb3J0ZWQgYWxnb3JpdGhtcyBhcmUgYXMgZm9sbG93czoNCiMgIGNpcGhlcjogW05VTEwtQ0lQSEVSXSBOVUxMIEFFUy0xMjgtQ0JDIEFFUy0xOTItQ0JDIEFFUy0yNTYtQ0JDIEJGLUNCQw0KIyAgICAgICAgICBDQVNULUNCQyBDQVNUNS1DQkMgREVTLUNCQyBERVMtRURFLUNCQyBERVMtRURFMy1DQkMgREVTWC1DQkMNCiMgICAgICAgICAgUkMyLTQwLUNCQyBSQzItNjQtQ0JDIFJDMi1DQkMNCiMgIGF1dGg6ICAgU0hBIFNIQTEgTUQ1IE1ENCBSTUQxNjANCg0KY2lwaGVyIEFFUy0xMjgtQ0JDDQphdXRoIFNIQTENCg0KDQojIyMjIyMjIyMjIyMjIyMjIyMjIyMjIyMjIyMjIyMjIyMjIyMjIyMjIyMjIyMjIyMjIyMjIyMjIyMjIyMjIyMjIyMjIyMjIyMjIyMjIyMjDQojIE90aGVyIHBhcmFtZXRlcnMgbmVjZXNzYXJ5IHRvIGNvbm5lY3QgdG8gdGhlIFZQTiBTZXJ2ZXIuDQojIA0KIyBJdCBpcyBub3QgcmVjb21tZW5kZWQgdG8gbW9kaWZ5IGl0IHVubGVzcyB5b3UgaGF2ZSBhIHBhcnRpY3VsYXIgbmVlZC4NCg0KcmVzb2x2LXJldHJ5IGluZmluaXRlDQpub2JpbmQNCnBlcnNpc3Qta2V5DQpwZXJzaXN0LXR1bg0KY2xpZW50DQp2ZXJiIDMNCiNhdXRoLXVzZXItcGFzcw0KDQoNCiMjIyMjIyMjIyMjIyMjIyMjIyMjIyMjIyMjIyMjIyMjIyMjIyMjIyMjIyMjIyMjIyMjIyMjIyMjIyMjIyMjIyMjIyMjIyMjIyMjIyMjIyMNCiMgVGhlIGNlcnRpZmljYXRlIGZpbGUgb2YgdGhlIGRlc3RpbmF0aW9uIFZQTiBTZXJ2ZXIuDQojIA0KIyBUaGUgQ0EgY2VydGlmaWNhdGUgZmlsZSBpcyBlbWJlZGRlZCBpbiB0aGUgaW5saW5lIGZvcm1hdC4NCiMgWW91IGNhbiByZXBsYWNlIHRoaXMgQ0EgY29udGVudHMgaWYgbmVjZXNzYXJ5Lg0KIyBQbGVhc2Ugbm90ZSB0aGF0IGlmIHRoZSBzZXJ2ZXIgY2VydGlmaWNhdGUgaXMgbm90IGEgc2VsZi1zaWduZWQsIHlvdSBoYXZlIHRvDQojIHNwZWNpZnkgdGhlIHNpZ25lcidzIHJvb3QgY2VydGlmaWNhdGUgKENBKSBoZXJlLg0KDQo8Y2E+DQotLS0tLUJFR0lOIENFUlRJRklDQVRFLS0tLS0NCk1JSUZhekNDQTFPZ0F3SUJBZ0lSQUlJUXo3RFNRT05aUkdQZ3UyT0Npd0F3RFFZSktvWklodmNOQVFFTEJRQXcNClR6RUxNQWtHQTFVRUJoTUNWVk14S1RBbkJnTlZCQW9USUVsdWRHVnlibVYwSUZObFkzVnlhWFI1SUZKbGMyVmgNCmNtTm9JRWR5YjNWd01SVXdFd1lEVlFRREV3eEpVMUpISUZKdmIzUWdXREV3SGhjTk1UVXdOakEwTVRFd05ETTQNCldoY05NelV3TmpBME1URXdORE00V2pCUE1Rc3dDUVlEVlFRR0V3SlZVekVwTUNjR0ExVUVDaE1nU1c1MFpYSnUNClpYUWdVMlZqZFhKcGRIa2dVbVZ6WldGeVkyZ2dSM0p2ZFhBeEZUQVRCZ05WQkFNVERFbFRVa2NnVW05dmRDQlkNCk1UQ0NBaUl3RFFZSktvWklodmNOQVFFQkJRQURnZ0lQQURDQ0Fnb0NnZ0lCQUszb0pIUDBGRGZ6bTU0clZ5Z2MNCmg3N2N0OTg0a0l4dVBPWlhvSGozZGNLaS92VnFidllBVHlqYjNtaUdiRVNUdHJGai9SUVNhNzhmMHVveG15RisNCjBUTTh1a2oxM1huZnM3ai9FdkVobWt2QmlvWnhhVXBtWm15UGZqeHd2NjBwSWdiejVNRG1nSzdpUzQrM21YNlUNCkE1L1RSNWQ4bVVnalUrZzRyazhLYjRNdTBVbFhqSUIwdHRvdjBEaU5ld053SVJ0MThqQTgrbyt1M2RwanErc1cNClQ4S09FVXQrend2by83VjNMdlN5ZTByZ1RCSWxESENOQXltZzRWTWs3QlBaN2htL0VMTktqRCtKbzJGUjNxeUgNCkI1VDBZM0hzTHVKdlc1aUI0WWxjTkhsc2R1ODdrR0o1NXR1a21pOG14ZEFRNFE3ZTJSQ09GdnUzOTZqM3grVUMNCkI1aVBOZ2lWNStJM2xnMDJkWjc3RG5LeEhadThBL2xKQmRpQjNRVzBLdFpCNmF3QmRwVUtEOWpmMWIwU0h6VXYNCktCZHMwcGpCcUFsa2QyNUhON3JPckZsZWFKMS9jdGFKeFFaQktUNVpQdDBtOVNUSkVhZGFvMHhBSDBhaG1iV24NCk9sRnVoanVlZlhLbkVnVjRXZTArVVhnVkN3T1BqZEF2QmJJK2Uwb2NTM01GRXZ6RzZ1QlFFM3hEazNTenluVG4NCmpoOEJDTkF3MUZ0eE5yUUh1c0V3TUZ4SXQ0STdtS1o5WUlxaW95bUN6THE5Z3dRYm9vTURRYUhXQmZFYndyYncNCnFIeUdPMGFvU0NxSTNIYWFkcjhmYXFVOUdZL3JPUE5rM3NnckRRb28vL2ZiNGhWQzFDTFFKMTNoZWY0WTUzQ0kNCnJVN20yWXM2eHQwblVXNy92R1QxTTBOUEFnTUJBQUdqUWpCQU1BNEdBMVVkRHdFQi93UUVBd0lCQmpBUEJnTlYNCkhSTUJBZjhFQlRBREFRSC9NQjBHQTFVZERnUVdCQlI1dEZubWU3Ymw1QUZ6Z0FpSXlCcFk5dW1iYmpBTkJna3ENCmhraUc5dzBCQVFzRkFBT0NBZ0VBVlI5WXFieXlxRkRRRExIWUdta2dKeWtJckdGMVhJcHUrSUxsYVMvVjlsWkwNCnViaHpFRm5USVpkKzUweHgrN0xTWUswNXFBdnFGeUZXaGZGUURsbnJ6dUJaNmJySkZlK0duWStFZ1BiazZaR1ENCjNCZWJZaHRGOEdhVjBueHZ3dW83N3gvUHk5YXVKL0dwc01pdS9YMSttdm9pQk92LzJYL3FrU3Npc1JjT2ovS0sNCk5GdFkyUHdCeVZTNXVDYk1pb2d6aVV3dGhEeUMzKzZXVndXNkxMdjN4TGZIVGp1Q3ZqSElJbk56a3RIQ2dLUTUNCk9SQXpJNEpNUEorR3NsV1lIYjRwaG93aW01N2lhenRYT29Kd1Rkd0p4NG5MQ2dkTmJPaGRqc252enF2SHU3VXINClRrWFdTdEFtek9WeXlnaHFwWlhqRmFIM3BPM0pMRitsKy8rc0tBSXV2dGQ3dStOeGU1QVcwd2RlUmxOOE53ZEMNCmpOUEVscHpWbWJVcTRKVWFnRWl1VERrSHpzeEhwRktWSzdxNCs2M1NNMU45NVIxTmJkV2hzY2RDYitaQUp6VmMNCm95aTNCNDNualRPUTV5T2YrMUNjZVd4RzFiUVZzNVp1ZnBzTWxqcTRVaTAvMWx2aCt3akNoUDRrcUtPSjJxeHENCjRSZ3FzYWhEWVZ2VEg5dzdqWGJ5TGVpTmRkOFhNMnc5VS90N3kwRmYvOXlpMEdFNDRaYTRyRjJMTjlkMTFUUEENCm1SR3VuVUhCY25XRXZnSkJRbDluSkVpVTBac252Z2MvdWJoUGdYUlI0WHEzN1owajRyN2cxU2dFRXp3eEE1N2QNCmVteVB4Z2NZeG4vZVI0NC9LSjRFQnMrbFZEUjN2ZXlKbStrWFE5OWIyMS8ramg1WG9zMUFuWDVpSXRyZUdDYz0NCi0tLS0tRU5EIENFUlRJRklDQVRFLS0tLS0NCg0KPC9jYT4NCg0KDQojIyMjIyMjIyMjIyMjIyMjIyMjIyMjIyMjIyMjIyMjIyMjIyMjIyMjIyMjIyMjIyMjIyMjIyMjIyMjIyMjIyMjIyMjIyMjIyMjIyMjIyMjDQojIFRoZSBjbGllbnQgY2VydGlmaWNhdGUgZmlsZSAoZHVtbXkpLg0KIyANCiMgSW4gc29tZSBpbXBsZW1lbnRhdGlvbnMgb2YgT3BlblZQTiBDbGllbnQgc29mdHdhcmUNCiMgKGZvciBleGFtcGxlOiBPcGVuVlBOIENsaWVudCBmb3IgaU9TKSwNCiMgYSBwYWlyIG9mIGNsaWVudCBjZXJ0aWZpY2F0ZSBhbmQgcHJpdmF0ZSBrZXkgbXVzdCBiZSBpbmNsdWRlZCBvbiB0aGUNCiMgY29uZmlndXJhdGlvbiBmaWxlIGR1ZSB0byB0aGUgbGltaXRhdGlvbiBvZiB0aGUgY2xpZW50Lg0KIyBTbyB0aGlzIHNhbXBsZSBjb25maWd1cmF0aW9uIGZpbGUgaGFzIGEgZHVtbXkgcGFpciBvZiBjbGllbnQgY2VydGlmaWNhdGUNCiMgYW5kIHByaXZhdGUga2V5IGFzIGZvbGxvd3MuDQoNCjxjZXJ0Pg0KLS0tLS1CRUdJTiBDRVJUSUZJQ0FURS0tLS0tDQpNSUlDeGpDQ0FhNENBUUF3RFFZSktvWklodmNOQVFFRkJRQXdLVEVhTUJnR0ExVUVBeE1SVmxCT1IyRjBaVU5zDQphV1Z1ZEVObGNuUXhDekFKQmdOVkJBWVRBa3BRTUI0WERURXpNREl4TVRBek5EazBPVm9YRFRNM01ERXhPVEF6DQpNVFF3TjFvd0tURWFNQmdHQTFVRUF4TVJWbEJPUjJGMFpVTnNhV1Z1ZEVObGNuUXhDekFKQmdOVkJBWVRBa3BRDQpNSUlCSWpBTkJna3Foa2lHOXcwQkFRRUZBQU9DQVE4QU1JSUJDZ0tDQVFFQTVoMmxnUVFZVWp3b0tZSmJ6VlpBDQo1VmNJR2Q1b3RQYy9xWlJNdDBLSXRDRkEwczlSd1JlTlZhOWZEUkZMUkJoY0lUT2x2M0ZCY1czRThoMVVzN1JEDQo0VzhHbUplOHphcEpuTHNEMzlPU01SQ3paSm5jelc0T0NIMVBaUlpXS3FEdGpsTmNhOUFGOGE2NWpUbWxEeENRDQpDam50TElXazVPTExWa0Z0OS90U2NjMUdEdGNpNTVvZmhhTkFZTVBpSDdWOCsxZzY2cEdIWEFvV0s2QVFWSDY3DQpYQ0tKbkdCNW5sUStIc01ZUFYvTzQ5TGQ5MVpOLzJ0SGtjYUxMeU50eXd4VlBSU3NSaDQ4MGpqdTBmY0NzdjZoDQpwLzB5WG5UQi8vbVd1dEJHcGRVbElid2lJVGJBbXJzYlluamlnUnZuUHFYMVJOSlViaTlGcDZDMmMvSElGSkdEDQp5d0lEQVFBQk1BMEdDU3FHU0liM0RRRUJCUVVBQTRJQkFRQ2hPNWhnY3cvNG9XZm9FRkx1OWtCYTFCLy9reEg4DQpoUWtDaFZObjhCUkM3WTBVUlFpdFBsM0RLRWVkOVVSQkRkZzJLT0F6NzdiYjZFTlBpbGlEK2EzOFVKSElSTXFlDQpVQkhobGxPSEl6dkRoSEZiYW92QUxCUWNlZUJ6ZGtReHNLUUVTS21RbVI4MzI5NTBVQ292b3lSQjYxVXlBVjdoDQorbVpoWVBHUktYS1NKSTZzMEVnZy9DcmkrQ3drNGJqSmZyYjVoVnNlMTF5aDREOU1IaHdTZkNPSCswejRoUFVUDQpGa3U3ZEdhdlVSTzVTVnhNbi9zTDZFbjVEK29TZVhrYWRIcERzK0FpcnltMllIaDE1aDAralBTT29SNnlpVnAvDQo2elplWmtyTjQza3VTNzNLcEtERmpmRlBoOHQ0cjFnT0lqdHRrTmNRcUJjY3VzbnBsUTdISnBzaw0KLS0tLS1FTkQgQ0VSVElGSUNBVEUtLS0tLQ0KDQo8L2NlcnQ+DQoNCjxrZXk+DQotLS0tLUJFR0lOIFJTQSBQUklWQVRFIEtFWS0tLS0tDQpNSUlFcEFJQkFBS0NBUUVBNWgybGdRUVlVandvS1lKYnpWWkE1VmNJR2Q1b3RQYy9xWlJNdDBLSXRDRkEwczlSDQp3UmVOVmE5ZkRSRkxSQmhjSVRPbHYzRkJjVzNFOGgxVXM3UkQ0VzhHbUplOHphcEpuTHNEMzlPU01SQ3paSm5jDQp6VzRPQ0gxUFpSWldLcUR0amxOY2E5QUY4YTY1alRtbER4Q1FDam50TElXazVPTExWa0Z0OS90U2NjMUdEdGNpDQo1NW9maGFOQVlNUGlIN1Y4KzFnNjZwR0hYQW9XSzZBUVZINjdYQ0tKbkdCNW5sUStIc01ZUFYvTzQ5TGQ5MVpODQovMnRIa2NhTEx5TnR5d3hWUFJTc1JoNDgwamp1MGZjQ3N2NmhwLzB5WG5UQi8vbVd1dEJHcGRVbElid2lJVGJBDQptcnNiWW5qaWdSdm5QcVgxUk5KVWJpOUZwNkMyYy9ISUZKR0R5d0lEQVFBQkFvSUJBRVJWN1g1QXZ4QTh1UmlLDQprOFNJcHNEMGRYMXBKT01Jd2FrVVZ5dmM0RWZOMERoS1JOYjRyWW9TaUVHVEx5ekxweUJjL0EyOERsa201ZU9ZDQpmanpYZllrR3RZaS9GdHhrZzNPOXZjck1RNCs2aSt1R0hhSUwyckwrczRNcmZPOHYxeHY2K1dreTMzRUVHQ291DQpRaXdWR1JGUVhuUm9RNjJOQkNGYlVOTGhtWHdkajFha1p6TFU0cDVSNHpBM1FoZHh3RUlhdFZMdDArN293TFEzDQpsUDhzZlhocHBQT1hqVHFNRDRRa1l3elBBYTgvekY3YWNuNGtyeXJVUDdRNlBBZmQwekVWcU55OVpDWjlmZmhvDQp6WGVkRmo0ODZJRm9jNWduVHAyTjZqc25WajRMQ0dJaGxWSGxZR296S0tGcUpjUVZHc0hDcXExb3oyempXNkxTDQpvUllJSGdFQ2dZRUE4elpya0N3TllTWEp1T0RKM20vaE9MVnhjeGdKdXdYb2lFcldkMEU0MnZQYW5qalZNaG50DQpLWTVsOHFHTUo2RmhLOUxZeDJxQ3JmL0UwWHRVQVoyd1ZxM09SVHlHbnNNV3JlOXRMWXM1NVgrWk4xMFRjNzV6DQo0aGFjYlUwaHFLTjFIaURtc01SWTMvMk5hWkhveTdNS253SkpCYUc0OGw5Q0NUbFZ3TUhvY0lFQ2dZRUE4amJ5DQpkR2p4VEgrNlhIV05pemI1U1JiWnhBbnlFZUplUndUTWgwZ0d6d0dQcEgvc1pZR3p5dTBTeVNYV0NuWmgzUmdxDQo1dUxsTnh0clhybGpabHlpMm5RZFFnc3EyWXJXVXMwK3pnVSsyMnVRc1pwU0FmdG1oVnJ0dmV0Nk1qVmpiQnlZDQpEQURjaUVWVWRKWUlYaytxbkZVSnllcm9MSWtUajdXWUtaNlJqa3NDZ1lCb0NGSXdSRGVnNDJvSzg5UkZtbk9yDQpMeW1OQXE0KzJvTWhzV2xWYjRlaldJV2VBazluYytHWFVmclhzelJoUzAxbVVuVTVyNXlnVXZSY2FyVi9UM1U3DQpUbk1aK0k3WTREZ1dSSURkNTF6bmh4SUJ0WVY1ai9DL3Q4NUhqcU9rSCs4YjZSVGtiY2hhWDNtYXU3ZnBVZmRzDQpGcTBuaElxNDJmaEVPOHNyZllZd2dRS0JnUUN5aGkxTi84dGFSd3BrKzMvSURFelF3amJmZHpVa1dXU0RrOVhzDQpIL3BrdVJIV2ZUTVAzZmxXcUVZZ1cvTFc0MHBlVzJIRHE1aW1kVjgrQWdaeGUvWE1iYWppOUxnd2YxUlkwMDVuDQpLeGFaUXo3eXFIdXBXbExHRjY4RFBIeGtaVlZTYWdEblYvc3p0V1g2U0ZzQ3FGVm54SVhpZlhHQzRjVzVObTlnDQp2YThxNFFLQmdRQ0VoTFZlVWZkd0t2a1o5NGcvR0Z6NzMxWjJocmRWaGdNWmFVL3U2dDBWOTUrWWV6UE5DUVpCDQp3bUU5TW1sYnExZW1EZVJPaXZqQ2ZvR2hSM2taWFcxcFRLbExoNlpNVVFVT3BwdGRYdmE4WHhmb3FRd2EzZW5BDQpNN211QmJGMFhON1ZPODBpSlB2K1BtSVpkRUlBa3B3S2ZpMjAxWUIrQmFmQ0l1R3hJRjUwVmc9PQ0KLS0tLS1FTkQgUlNBIFBSSVZBVEUgS0VZLS0tLS0NCg0KPC9rZXk+DQoNCg==
public-vpn-241,219.100.37.182,1538980,28,1409533202,Japan,JP,130,1076274449,89814,3997143145819,2weeks,Daiyuu Nobori_ Japan. Academic Use Only.,,IyMjIyMjIyMjIyMjIyMjIyMjIyMjIyMjIyMjIyMjIyMjIyMjIyMjIyMjIyMjIyMjIyMjIyMjIyMjIyMjIyMjIyMjIyMjIyMjIyMjIyMjIw0KIyBPcGVuVlBOIDIuMCBTYW1wbGUgQ29uZmlndXJhdGlvbiBGaWxlDQojIGZvciBQYWNrZXRpWCBWUE4gLyBTb2Z0RXRoZXIgVlBOIFNlcnZlcg0KIyANCiMgISEhIEFVVE8tR0VORVJBVEVEIEJZIFNPRlRFVEhFUiBWUE4gU0VSVkVSIE1BTkFHRU1FTlQgVE9PTCAhISENCiMgDQojICEhISBZT1UgSEFWRSBUTyBSRVZJRVcgSVQgQkVGT1JFIFVTRSBBTkQgTU9ESUZZIElUIEFTIE5FQ0VTU0FSWSAhISENCiMgDQojIFRoaXMgY29uZmlndXJhdGlvbiBmaWxlIGlzIGF1dG8tZ2VuZXJhdGVkLiBZb3UgbWlnaHQgdXNlIHRoaXMgY29uZmlnIGZpbGUNCiMgaW4gb3JkZXIgdG8gY29ubmVjdCB0byB0aGUgUGFja2V0aVggVlBOIC8gU29mdEV0aGVyIFZQTiBTZXJ2ZXIuDQojIEhvd2V2ZXIsIGJlZm9yZSB5b3UgdHJ5IGl0LCB5b3Ugc2hvdWxkIHJldmlldyB0aGUgZGVzY3JpcHRpb25zIG9mIHRoZSBmaWxlDQojIHRvIGRldGVybWluZSB0aGUgbmVjZXNzaXR5IHRvIG1vZGlmeSB0byBzdWl0YWJsZSBmb3IgeW91ciByZWFsIGVudmlyb25tZW50Lg0KIyBJZiBuZWNlc3NhcnksIHlvdSBoYXZlIHRvIG1vZGlmeSBhIGxpdHRsZSBhZGVxdWF0ZWx5IG9uIHRoZSBmaWxlLg0KIyBGb3IgZXhhbXBsZSwgdGhlIElQIGFkZHJlc3Mgb3IgdGhlIGhvc3RuYW1lIGFzIGEgZGVzdGluYXRpb24gVlBOIFNlcnZlcg0KIyBzaG91bGQgYmUgY29uZmlybWVkLg0KIyANCiMgTm90ZSB0aGF0IHRvIHVzZSBPcGVuVlBOIDIuMCwgeW91IGhhdmUgdG8gcHV0IHRoZSBjZXJ0aWZpY2F0aW9uIGZpbGUgb2YNCiMgdGhlIGRlc3RpbmF0aW9uIFZQTiBTZXJ2ZXIgb24gdGhlIE9wZW5WUE4gQ2xpZW50IGNvbXB1dGVyIHdoZW4geW91IHVzZSB0aGlzDQojIGNvbmZpZyBmaWxlLiBQbGVhc2UgcmVmZXIgdGhlIGJlbG93IGRlc2NyaXB0aW9ucyBjYXJlZnVsbHkuDQoNCg0KIyMjIyMjIyMjIyMjIyMjIyMjIyMjIyMjIyMjIyMjIyMjIyMjIyMjIyMjIyMjIyMjIyMjIyMjIyMjIyMjIyMjIyMjIyMjIyMjIyMjIyMjIw0KIyBTcGVjaWZ5IHRoZSB0eXBlIG9mIHRoZSBsYXllciBvZiB0aGUgVlBOIGNvbm5lY3Rpb24uDQojIA0KIyBUbyBjb25uZWN0IHRvIHRoZSBWUE4gU2VydmVyIGFzIGEgIlJlbW90ZS1BY2Nlc3MgVlBOIENsaWVudCBQQyIsDQojICBzcGVjaWZ5ICdkZXYgdHVuJy4gKExheWVyLTMgSVAgUm91dGluZyBNb2RlKQ0KIw0KIyBUbyBjb25uZWN0IHRvIHRoZSBWUE4gU2VydmVyIGFzIGEgYnJpZGdpbmcgZXF1aXBtZW50IG9mICJTaXRlLXRvLVNpdGUgVlBOIiwNCiMgIHNwZWNpZnkgJ2RldiB0YXAnLiAoTGF5ZXItMiBFdGhlcm5ldCBCcmlkZ2luZSBNb2RlKQ0KDQpkZXYgdHVuDQoNCg0KIyMjIyMjIyMjIyMjIyMjIyMjIyMjIyMjIyMjIyMjIyMjIyMjIyMjIyMjIyMjIyMjIyMjIyMjIyMjIyMjIyMjIyMjIyMjIyMjIyMjIyMjIw0KIyBTcGVjaWZ5IHRoZSB1bmRlcmx5aW5nIHByb3RvY29sIGJleW9uZCB0aGUgSW50ZXJuZXQuDQojIE5vdGUgdGhhdCB0aGlzIHNldHRpbmcgbXVzdCBiZSBjb3JyZXNwb25kIHdpdGggdGhlIGxpc3RlbmluZyBzZXR0aW5nIG9uDQojIHRoZSBWUE4gU2VydmVyLg0KIyANCiMgU3BlY2lmeSBlaXRoZXIgJ3Byb3RvIHRjcCcgb3IgJ3Byb3RvIHVkcCcuDQoNCnByb3RvIHRjcA0KDQoNCiMjIyMjIyMjIyMjIyMjIyMjIyMjIyMjIyMjIyMjIyMjIyMjIyMjIyMjIyMjIyMjIyMjIyMjIyMjIyMjIyMjIyMjIyMjIyMjIyMjIyMjIyMNCiMgVGhlIGRlc3RpbmF0aW9uIGhvc3RuYW1lIC8gSVAgYWRkcmVzcywgYW5kIHBvcnQgbnVtYmVyIG9mDQojIHRoZSB0YXJnZXQgVlBOIFNlcnZlci4NCiMgDQojIFlvdSBoYXZlIHRvIHNwZWNpZnkgYXMgJ3JlbW90ZSA8SE9TVE5BTUU+IDxQT1JUPicuIFlvdSBjYW4gYWxzbw0KIyBzcGVjaWZ5IHRoZSBJUCBhZGRyZXNzIGluc3RlYWQgb2YgdGhlIGhvc3RuYW1lLg0KIyANCiMgTm90ZSB0aGF0IHRoZSBhdXRvLWdlbmVyYXRlZCBiZWxvdyBob3N0bmFtZSBhcmUgYSAiYXV0by1kZXRlY3RlZA0KIyBJUCBhZGRyZXNzIiBvZiB0aGUgVlBOIFNlcnZlci4gWW91IGhhdmUgdG8gY29uZmlybSB0aGUgY29ycmVjdG5lc3MNCiMgYmVmb3JlaGFuZC4NCiMgDQojIFdoZW4geW91IHdhbnQgdG8gY29ubmVjdCB0byB0aGUgVlBOIFNlcnZlciBieSB1c2luZyBUQ1AgcHJvdG9jb2wsDQojIHRoZSBwb3J0IG51bWJlciBvZiB0aGUgZGVzdGluYXRpb24gVENQIHBvcnQgc2hvdWxkIGJlIHNhbWUgYXMgb25lIG9mDQojIHRoZSBhdmFpbGFibGUgVENQIGxpc3RlbmVycyBvbiB0aGUgVlBOIFNlcnZlci4NCiMgDQojIFdoZW4geW91IHVzZSBVRFAgcHJvdG9jb2wsIHRoZSBwb3J0IG51bWJlciBtdXN0IHNhbWUgYXMgdGhlIGNvbmZpZ3VyYXRpb24NCiMgc2V0dGluZyBvZiAiT3BlblZQTiBTZXJ2ZXIgQ29tcGF0aWJsZSBGdW5jdGlvbiIgb24gdGhlIFZQTiBTZXJ2ZXIuDQoNCnJlbW90ZSAyMTkuMTAwLjM3LjE4MiA0NDMNCg0KDQojIyMjIyMjIyMjIyMjIyMjIyMjIyMjIyMjIyMjIyMjIyMjIyMjIyMjIyMjIyMjIyMjIyMjIyMjIyMjIyMjIyMjIyMjIyMjIyMjIyMjIyMjDQojIFRoZSBIVFRQL0hUVFBTIHByb3h5IHNldHRpbmcuDQojIA0KIyBPbmx5IGlmIHlvdSBoYXZlIHRvIHVzZSB0aGUgSW50ZXJuZXQgdmlhIGEgcHJveHksIHVuY29tbWVudCB0aGUgYmVsb3cNCiMgdHdvIGxpbmVzIGFuZCBzcGVjaWZ5IHRoZSBwcm94eSBhZGRyZXNzIGFuZCB0aGUgcG9ydCBudW1iZXIuDQojIEluIHRoZSBjYXNlIG9mIHVzaW5nIHByb3h5LWF1dGhlbnRpY2F0aW9uLCByZWZlciB0aGUgT3BlblZQTiBtYW51YWwuDQoNCjtodHRwLXByb3h5LXJldHJ5DQo7aHR0cC1wcm94eSBbcHJveHkgc2VydmVyXSBbcHJveHkgcG9ydF0NCg0KDQojIyMjIyMjIyMjIyMjIyMjIyMjIyMjIyMjIyMjIyMjIyMjIyMjIyMjIyMjIyMjIyMjIyMjIyMjIyMjIyMjIyMjIyMjIyMjIyMjIyMjIyMjDQojIFRoZSBlbmNyeXB0aW9uIGFuZCBhdXRoZW50aWNhdGlvbiBhbGdvcml0aG0uDQojIA0KIyBEZWZhdWx0IHNldHRpbmcgaXMgZ29vZC4gTW9kaWZ5IGl0IGFzIHlvdSBwcmVmZXIuDQojIFdoZW4geW91IHNwZWNpZnkgYW4gdW5zdXBwb3J0ZWQgYWxnb3JpdGhtLCB0aGUgZXJyb3Igd2lsbCBvY2N1ci4NCiMgDQojIFRoZSBzdXBwb3J0ZWQgYWxnb3JpdGhtcyBhcmUgYXMgZm9sbG93czoNCiMgIGNpcGhlcjogW05VTEwtQ0lQSEVSXSBOVUxMIEFFUy0xMjgtQ0JDIEFFUy0xOTItQ0JDIEFFUy0yNTYtQ0JDIEJGLUNCQw0KIyAgICAgICAgICBDQVNULUNCQyBDQVNUNS1DQkMgREVTLUNCQyBERVMtRURFLUNCQyBERVMtRURFMy1DQkMgREVTWC1DQkMNCiMgICAgICAgICAgUkMyLTQwLUNCQyBSQzItNjQtQ0JDIFJDMi1DQkMNCiMgIGF1dGg6ICAgU0hBIFNIQTEgTUQ1IE1ENCBSTUQxNjANCg0KY2lwaGVyIEFFUy0xMjgtQ0JDDQphdXRoIFNIQTENCg0KDQojIyMjIyMjIyMjIyMjIyMjIyMjIyMjIyMjIyMjIyMjIyMjIyMjIyMjIyMjIyMjIyMjIyMjIyMjIyMjIyMjIyMjIyMjIyMjIyMjIyMjIyMjDQojIE90aGVyIHBhcmFtZXRlcnMgbmVjZXNzYXJ5IHRvIGNvbm5lY3QgdG8gdGhlIFZQTiBTZXJ2ZXIuDQojIA0KIyBJdCBpcyBub3QgcmVjb21tZW5kZWQgdG8gbW9kaWZ5IGl0IHVubGVzcyB5b3UgaGF2ZSBhIHBhcnRpY3VsYXIgbmVlZC4NCg0KcmVzb2x2LXJldHJ5IGluZmluaXRlDQpub2JpbmQNCnBlcnNpc3Qta2V5DQpwZXJzaXN0LXR1bg0KY2xpZW50DQp2ZXJiIDMNCiNhdXRoLXVzZXItcGFzcw0KDQoNCiMjIyMjIyMjIyMjIyMjIyMjIyMjIyMjIyMjIyMjIyMjIyMjIyMjIyMjIyMjIyMjIyMjIyMjIyMjIyMjIyMjIyMjIyMjIyMjIyMjIyMjIyMNCiMgVGhlIGNlcnRpZmljYXRlIGZpbGUgb2YgdGhlIGRlc3RpbmF0aW9uIFZQTiBTZXJ2ZXIuDQojIA0KIyBUaGUgQ0EgY2VydGlmaWNhdGUgZmlsZSBpcyBlbWJlZGRlZCBpbiB0aGUgaW5saW5lIGZvcm1hdC4NCiMgWW91IGNhbiByZXBsYWNlIHRoaXMgQ0EgY29udGVudHMgaWYgbmVjZXNzYXJ5Lg0KIyBQbGVhc2Ugbm90ZSB0aGF0IGlmIHRoZSBzZXJ2ZXIgY2VydGlmaWNhdGUgaXMgbm90IGEgc2VsZi1zaWduZWQsIHlvdSBoYXZlIHRvDQojIHNwZWNpZnkgdGhlIHNpZ25lcidzIHJvb3QgY2VydGlmaWNhdGUgKENBKSBoZXJlLg0KDQo8Y2E+DQotLS0tLUJFR0lOIENFUlRJRklDQVRFLS0tLS0NCk1JSUZhekNDQTFPZ0F3SUJBZ0lSQUlJUXo3RFNRT05aUkdQZ3UyT0Npd0F3RFFZSktvWklodmNOQVFFTEJRQXcNClR6RUxNQWtHQTFVRUJoTUNWVk14S1RBbkJnTlZCQW9USUVsdWRHVnlibVYwSUZObFkzVnlhWFI1SUZKbGMyVmgNCmNtTm9JRWR5YjNWd01SVXdFd1lEVlFRREV3eEpVMUpISUZKdmIzUWdXREV3SGhjTk1UVXdOakEwTVRFd05ETTQNCldoY05NelV3TmpBME1URXdORE00V2pCUE1Rc3dDUVlEVlFRR0V3SlZVekVwTUNjR0ExVUVDaE1nU1c1MFpYSnUNClpYUWdVMlZqZFhKcGRIa2dVbVZ6WldGeVkyZ2dSM0p2ZFhBeEZUQVRCZ05WQkFNVERFbFRVa2NnVW05dmRDQlkNCk1UQ0NBaUl3RFFZSktvWklodmNOQVFFQkJRQURnZ0lQQURDQ0Fnb0NnZ0lCQUszb0pIUDBGRGZ6bTU0clZ5Z2MNCmg3N2N0OTg0a0l4dVBPWlhvSGozZGNLaS92VnFidllBVHlqYjNtaUdiRVNUdHJGai9SUVNhNzhmMHVveG15RisNCjBUTTh1a2oxM1huZnM3ai9FdkVobWt2QmlvWnhhVXBtWm15UGZqeHd2NjBwSWdiejVNRG1nSzdpUzQrM21YNlUNCkE1L1RSNWQ4bVVnalUrZzRyazhLYjRNdTBVbFhqSUIwdHRvdjBEaU5ld053SVJ0MThqQTgrbyt1M2RwanErc1cNClQ4S09FVXQrend2by83VjNMdlN5ZTByZ1RCSWxESENOQXltZzRWTWs3QlBaN2htL0VMTktqRCtKbzJGUjNxeUgNCkI1VDBZM0hzTHVKdlc1aUI0WWxjTkhsc2R1ODdrR0o1NXR1a21pOG14ZEFRNFE3ZTJSQ09GdnUzOTZqM3grVUMNCkI1aVBOZ2lWNStJM2xnMDJkWjc3RG5LeEhadThBL2xKQmRpQjNRVzBLdFpCNmF3QmRwVUtEOWpmMWIwU0h6VXYNCktCZHMwcGpCcUFsa2QyNUhON3JPckZsZWFKMS9jdGFKeFFaQktUNVpQdDBtOVNUSkVhZGFvMHhBSDBhaG1iV24NCk9sRnVoanVlZlhLbkVnVjRXZTArVVhnVkN3T1BqZEF2QmJJK2Uwb2NTM01GRXZ6RzZ1QlFFM3hEazNTenluVG4NCmpoOEJDTkF3MUZ0eE5yUUh1c0V3TUZ4SXQ0STdtS1o5WUlxaW95bUN6THE5Z3dRYm9vTURRYUhXQmZFYndyYncNCnFIeUdPMGFvU0NxSTNIYWFkcjhmYXFVOUdZL3JPUE5rM3NnckRRb28vL2ZiNGhWQzFDTFFKMTNoZWY0WTUzQ0kNCnJVN20yWXM2eHQwblVXNy92R1QxTTBOUEFnTUJBQUdqUWpCQU1BNEdBMVVkRHdFQi93UUVBd0lCQmpBUEJnTlYNCkhSTUJBZjhFQlRBREFRSC9NQjBHQTFVZERnUVdCQlI1dEZubWU3Ymw1QUZ6Z0FpSXlCcFk5dW1iYmpBTkJna3ENCmhraUc5dzBCQVFzRkFBT0NBZ0VBVlI5WXFieXlxRkRRRExIWUdta2dKeWtJckdGMVhJcHUrSUxsYVMvVjlsWkwNCnViaHpFRm5USVpkKzUweHgrN0xTWUswNXFBdnFGeUZXaGZGUURsbnJ6dUJaNmJySkZlK0duWStFZ1BiazZaR1ENCjNCZWJZaHRGOEdhVjBueHZ3dW83N3gvUHk5YXVKL0dwc01pdS9YMSttdm9pQk92LzJYL3FrU3Npc1JjT2ovS0sNCk5GdFkyUHdCeVZTNXVDYk1pb2d6aVV3dGhEeUMzKzZXVndXNkxMdjN4TGZIVGp1Q3ZqSElJbk56a3RIQ2dLUTUNCk9SQXpJNEpNUEorR3NsV1lIYjRwaG93aW01N2lhenRYT29Kd1Rkd0p4NG5MQ2dkTmJPaGRqc252enF2SHU3VXINClRrWFdTdEFtek9WeXlnaHFwWlhqRmFIM3BPM0pMRitsKy8rc0tBSXV2dGQ3dStOeGU1QVcwd2RlUmxOOE53ZEMNCmpOUEVscHpWbWJVcTRKVWFnRWl1VERrSHpzeEhwRktWSzdxNCs2M1NNMU45NVIxTmJkV2hzY2RDYitaQUp6VmMNCm95aTNCNDNualRPUTV5T2YrMUNjZVd4RzFiUVZzNVp1ZnBzTWxqcTRVaTAvMWx2aCt3akNoUDRrcUtPSjJxeHENCjRSZ3FzYWhEWVZ2VEg5dzdqWGJ5TGVpTmRkOFhNMnc5VS90N3kwRmYvOXlpMEdFNDRaYTRyRjJMTjlkMTFUUEENCm1SR3VuVUhCY25XRXZnSkJRbDluSkVpVTBac252Z2MvdWJoUGdYUlI0WHEzN1owajRyN2cxU2dFRXp3eEE1N2QNCmVteVB4Z2NZeG4vZVI0NC9LSjRFQnMrbFZEUjN2ZXlKbStrWFE5OWIyMS8ramg1WG9zMUFuWDVpSXRyZUdDYz0NCi0tLS0tRU5EIENFUlRJRklDQVRFLS0tLS0NCg0KPC9jYT4NCg0KDQojIyMjIyMjIyMjIyMjIyMjIyMjIyMjIyMjIyMjIyMjIyMjIyMjIyMjIyMjIyMjIyMjIyMjIyMjIyMjIyMjIyMjIyMjIyMjIyMjIyMjIyMjDQojIFRoZSBjbGllbnQgY2VydGlmaWNhdGUgZmlsZSAoZHVtbXkpLg0KIyANCiMgSW4gc29tZSBpbXBsZW1lbnRhdGlvbnMgb2YgT3BlblZQTiBDbGllbnQgc29mdHdhcmUNCiMgKGZvciBleGFtcGxlOiBPcGVuVlBOIENsaWVudCBmb3IgaU9TKSwNCiMgYSBwYWlyIG9mIGNsaWVudCBjZXJ0aWZpY2F0ZSBhbmQgcHJpdmF0ZSBrZXkgbXVzdCBiZSBpbmNsdWRlZCBvbiB0aGUNCiMgY29uZmlndXJhdGlvbiBmaWxlIGR1ZSB0byB0aGUgbGltaXRhdGlvbiBvZiB0aGUgY2xpZW50Lg0KIyBTbyB0aGlzIHNhbXBsZSBjb25maWd1cmF0aW9uIGZpbGUgaGFzIGEgZHVtbXkgcGFpciBvZiBjbGllbnQgY2VydGlmaWNhdGUNCiMgYW5kIHByaXZhdGUga2V5IGFzIGZvbGxvd3MuDQoNCjxjZXJ0Pg0KLS0tLS1CRUdJTiBDRVJUSUZJQ0FURS0tLS0tDQpNSUlDeGpDQ0FhNENBUUF3RFFZSktvWklodmNOQVFFRkJRQXdLVEVhTUJnR0ExVUVBeE1SVmxCT1IyRjBaVU5zDQphV1Z1ZEVObGNuUXhDekFKQmdOVkJBWVRBa3BRTUI0WERURXpNREl4TVRBek5EazBPVm9YRFRNM01ERXhPVEF6DQpNVFF3TjFvd0tURWFNQmdHQTFVRUF4TVJWbEJPUjJGMFpVTnNhV1Z1ZEVObGNuUXhDekFKQmdOVkJBWVRBa3BRDQpNSUlCSWpBTkJna3Foa2lHOXcwQkFRRUZBQU9DQVE4QU1JSUJDZ0tDQVFFQTVoMmxnUVFZVWp3b0tZSmJ6VlpBDQo1VmNJR2Q1b3RQYy9xWlJNdDBLSXRDRkEwczlSd1JlTlZhOWZEUkZMUkJoY0lUT2x2M0ZCY1czRThoMVVzN1JEDQo0VzhHbUplOHphcEpuTHNEMzlPU01SQ3paSm5jelc0T0NIMVBaUlpXS3FEdGpsTmNhOUFGOGE2NWpUbWxEeENRDQpDam50TElXazVPTExWa0Z0OS90U2NjMUdEdGNpNTVvZmhhTkFZTVBpSDdWOCsxZzY2cEdIWEFvV0s2QVFWSDY3DQpYQ0tKbkdCNW5sUStIc01ZUFYvTzQ5TGQ5MVpOLzJ0SGtjYUxMeU50eXd4VlBSU3NSaDQ4MGpqdTBmY0NzdjZoDQpwLzB5WG5UQi8vbVd1dEJHcGRVbElid2lJVGJBbXJzYlluamlnUnZuUHFYMVJOSlViaTlGcDZDMmMvSElGSkdEDQp5d0lEQVFBQk1BMEdDU3FHU0liM0RRRUJCUVVBQTRJQkFRQ2hPNWhnY3cvNG9XZm9FRkx1OWtCYTFCLy9reEg4DQpoUWtDaFZObjhCUkM3WTBVUlFpdFBsM0RLRWVkOVVSQkRkZzJLT0F6NzdiYjZFTlBpbGlEK2EzOFVKSElSTXFlDQpVQkhobGxPSEl6dkRoSEZiYW92QUxCUWNlZUJ6ZGtReHNLUUVTS21RbVI4MzI5NTBVQ292b3lSQjYxVXlBVjdoDQorbVpoWVBHUktYS1NKSTZzMEVnZy9DcmkrQ3drNGJqSmZyYjVoVnNlMTF5aDREOU1IaHdTZkNPSCswejRoUFVUDQpGa3U3ZEdhdlVSTzVTVnhNbi9zTDZFbjVEK29TZVhrYWRIcERzK0FpcnltMllIaDE1aDAralBTT29SNnlpVnAvDQo2elplWmtyTjQza3VTNzNLcEtERmpmRlBoOHQ0cjFnT0lqdHRrTmNRcUJjY3VzbnBsUTdISnBzaw0KLS0tLS1FTkQgQ0VSVElGSUNBVEUtLS0tLQ0KDQo8L2NlcnQ+DQoNCjxrZXk+DQotLS0tLUJFR0lOIFJTQSBQUklWQVRFIEtFWS0tLS0tDQpNSUlFcEFJQkFBS0NBUUVBNWgybGdRUVlVandvS1lKYnpWWkE1VmNJR2Q1b3RQYy9xWlJNdDBLSXRDRkEwczlSDQp3UmVOVmE5ZkRSRkxSQmhjSVRPbHYzRkJjVzNFOGgxVXM3UkQ0VzhHbUplOHphcEpuTHNEMzlPU01SQ3paSm5jDQp6VzRPQ0gxUFpSWldLcUR0amxOY2E5QUY4YTY1alRtbER4Q1FDam50TElXazVPTExWa0Z0OS90U2NjMUdEdGNpDQo1NW9maGFOQVlNUGlIN1Y4KzFnNjZwR0hYQW9XSzZBUVZINjdYQ0tKbkdCNW5sUStIc01ZUFYvTzQ5TGQ5MVpODQovMnRIa2NhTEx5TnR5d3hWUFJTc1JoNDgwamp1MGZjQ3N2NmhwLzB5WG5UQi8vbVd1dEJHcGRVbElid2lJVGJBDQptcnNiWW5qaWdSdm5QcVgxUk5KVWJpOUZwNkMyYy9ISUZKR0R5d0lEQVFBQkFvSUJBRVJWN1g1QXZ4QTh1UmlLDQprOFNJcHNEMGRYMXBKT01Jd2FrVVZ5dmM0RWZOMERoS1JOYjRyWW9TaUVHVEx5ekxweUJjL0EyOERsa201ZU9ZDQpmanpYZllrR3RZaS9GdHhrZzNPOXZjck1RNCs2aSt1R0hhSUwyckwrczRNcmZPOHYxeHY2K1dreTMzRUVHQ291DQpRaXdWR1JGUVhuUm9RNjJOQkNGYlVOTGhtWHdkajFha1p6TFU0cDVSNHpBM1FoZHh3RUlhdFZMdDArN293TFEzDQpsUDhzZlhocHBQT1hqVHFNRDRRa1l3elBBYTgvekY3YWNuNGtyeXJVUDdRNlBBZmQwekVWcU55OVpDWjlmZmhvDQp6WGVkRmo0ODZJRm9jNWduVHAyTjZqc25WajRMQ0dJaGxWSGxZR296S0tGcUpjUVZHc0hDcXExb3oyempXNkxTDQpvUllJSGdFQ2dZRUE4elpya0N3TllTWEp1T0RKM20vaE9MVnhjeGdKdXdYb2lFcldkMEU0MnZQYW5qalZNaG50DQpLWTVsOHFHTUo2RmhLOUxZeDJxQ3JmL0UwWHRVQVoyd1ZxM09SVHlHbnNNV3JlOXRMWXM1NVgrWk4xMFRjNzV6DQo0aGFjYlUwaHFLTjFIaURtc01SWTMvMk5hWkhveTdNS253SkpCYUc0OGw5Q0NUbFZ3TUhvY0lFQ2dZRUE4amJ5DQpkR2p4VEgrNlhIV05pemI1U1JiWnhBbnlFZUplUndUTWgwZ0d6d0dQcEgvc1pZR3p5dTBTeVNYV0NuWmgzUmdxDQo1dUxsTnh0clhybGpabHlpMm5RZFFnc3EyWXJXVXMwK3pnVSsyMnVRc1pwU0FmdG1oVnJ0dmV0Nk1qVmpiQnlZDQpEQURjaUVWVWRKWUlYaytxbkZVSnllcm9MSWtUajdXWUtaNlJqa3NDZ1lCb0NGSXdSRGVnNDJvSzg5UkZtbk9yDQpMeW1OQXE0KzJvTWhzV2xWYjRlaldJV2VBazluYytHWFVmclhzelJoUzAxbVVuVTVyNXlnVXZSY2FyVi9UM1U3DQpUbk1aK0k3WTREZ1dSSURkNTF6bmh4SUJ0WVY1ai9DL3Q4NUhqcU9rSCs4YjZSVGtiY2hhWDNtYXU3ZnBVZmRzDQpGcTBuaElxNDJmaEVPOHNyZllZd2dRS0JnUUN5aGkxTi84dGFSd3BrKzMvSURFelF3amJmZHpVa1dXU0RrOVhzDQpIL3BrdVJIV2ZUTVAzZmxXcUVZZ1cvTFc0MHBlVzJIRHE1aW1kVjgrQWdaeGUvWE1iYWppOUxnd2YxUlkwMDVuDQpLeGFaUXo3eXFIdXBXbExHRjY4RFBIeGtaVlZTYWdEblYvc3p0V1g2U0ZzQ3FGVm54SVhpZlhHQzRjVzVObTlnDQp2YThxNFFLQmdRQ0VoTFZlVWZkd0t2a1o5NGcvR0Z6NzMxWjJocmRWaGdNWmFVL3U2dDBWOTUrWWV6UE5DUVpCDQp3bUU5TW1sYnExZW1EZVJPaXZqQ2ZvR2hSM2taWFcxcFRLbExoNlpNVVFVT3BwdGRYdmE4WHhmb3FRd2EzZW5BDQpNN211QmJGMFhON1ZPODBpSlB2K1BtSVpkRUlBa3B3S2ZpMjAxWUIrQmFmQ0l1R3hJRjUwVmc9PQ0KLS0tLS1FTkQgUlNBIFBSSVZBVEUgS0VZLS0tLS0NCg0KPC9rZXk+DQoNCg==
vpn424352169,124.211.145.201,1527692,6,306383886,Japan,JP,70,7744829507,313910,66402730457317,2weeks,DESKTOP-JC71K95's owner,,IyMjIyMjIyMjIyMjIyMjIyMjIyMjIyMjIyMjIyMjIyMjIyMjIyMjIyMjIyMjIyMjIyMjIyMjIyMjIyMjIyMjIyMjIyMjIyMjIyMjIyMjIw0KIyBPcGVuVlBOIDIuMCBTYW1wbGUgQ29uZmlndXJhdGlvbiBGaWxlDQojIGZvciBQYWNrZXRpWCBWUE4gLyBTb2Z0RXRoZXIgVlBOIFNlcnZlcg0KIyANCiMgISEhIEFVVE8tR0VORVJBVEVEIEJZIFNPRlRFVEhFUiBWUE4gU0VSVkVSIE1BTkFHRU1FTlQgVE9PTCAhISENCiMgDQojICEhISBZT1UgSEFWRSBUTyBSRVZJRVcgSVQgQkVGT1JFIFVTRSBBTkQgTU9ESUZZIElUIEFTIE5FQ0VTU0FSWSAhISENCiMgDQojIFRoaXMgY29uZmlndXJhdGlvbiBmaWxlIGlzIGF1dG8tZ2VuZXJhdGVkLiBZb3UgbWlnaHQgdXNlIHRoaXMgY29uZmlnIGZpbGUNCiMgaW4gb3JkZXIgdG8gY29ubmVjdCB0byB0aGUgUGFja2V0aVggVlBOIC8gU29mdEV0aGVyIFZQTiBTZXJ2ZXIuDQojIEhvd2V2ZXIsIGJlZm9yZSB5b3UgdHJ5IGl0LCB5b3Ugc2hvdWxkIHJldmlldyB0aGUgZGVzY3JpcHRpb25zIG9mIHRoZSBmaWxlDQojIHRvIGRldGVybWluZSB0aGUgbmVjZXNzaXR5IHRvIG1vZGlmeSB0byBzdWl0YWJsZSBmb3IgeW91ciByZWFsIGVudmlyb25tZW50Lg0KIyBJZiBuZWNlc3NhcnksIHlvdSBoYXZlIHRvIG1vZGlmeSBhIGxpdHRsZSBhZGVxdWF0ZWx5IG9uIHRoZSBmaWxlLg0KIyBGb3IgZXhhbXBsZSwgdGhlIElQIGFkZHJlc3Mgb3IgdGhlIGhvc3RuYW1lIGFzIGEgZGVzdGluYXRpb24gVlBOIFNlcnZlcg0KIyBzaG91bGQgYmUgY29uZmlybWVkLg0KIyANCiMgTm90ZSB0aGF0IHRvIHVzZSBPcGVuVlBOIDIuMCwgeW91IGhhdmUgdG8gcHV0IHRoZSBjZXJ0aWZpY2F0aW9uIGZpbGUgb2YNCiMgdGhlIGRlc3RpbmF0aW9uIFZQTiBTZXJ2ZXIgb24gdGhlIE9wZW5WUE4gQ2xpZW50IGNvbXB1dGVyIHdoZW4geW91IHVzZSB0aGlzDQojIGNvbmZpZyBmaWxlLiBQbGVhc2UgcmVmZXIgdGhlIGJlbG93IGRlc2NyaXB0aW9ucyBjYXJlZnVsbHkuDQoNCg0KIyMjIyMjIyMjIyMjIyMjIyMjIyMjIyMjIyMjIyMjIyMjIyMjIyMjIyMjIyMjIyMjIyMjIyMjIyMjIyMjIyMjIyMjIyMjIyMjIyMjIyMjIw0KIyBTcGVjaWZ5IHRoZSB0eXBlIG9mIHRoZSBsYXllciBvZiB0aGUgVlBOIGNvbm5lY3Rpb24uDQojIA0KIyBUbyBjb25uZWN0IHRvIHRoZSBWUE4gU2VydmVyIGFzIGEgIlJlbW90ZS1BY2Nlc3MgVlBOIENsaWVudCBQQyIsDQojICBzcGVjaWZ5ICdkZXYgdHVuJy4gKExheWVyLTMgSVAgUm91dGluZyBNb2RlKQ0KIw0KIyBUbyBjb25uZWN0IHRvIHRoZSBWUE4gU2VydmVyIGFzIGEgYnJpZGdpbmcgZXF1aXBtZW50IG9mICJTaXRlLXRvLVNpdGUgVlBOIiwNCiMgIHNwZWNpZnkgJ2RldiB0YXAnLiAoTGF5ZXItMiBFdGhlcm5ldCBCcmlkZ2luZSBNb2RlKQ0KDQpkZXYgdHVuDQoNCg0KIyMjIyMjIyMjIyMjIyMjIyMjIyMjIyMjIyMjIyMjIyMjIyMjIyMjIyMjIyMjIyMjIyMjIyMjIyMjIyMjIyMjIyMjIyMjIyMjIyMjIyMjIw0KIyBTcGVjaWZ5IHRoZSB1bmRlcmx5aW5nIHByb3RvY29sIGJleW9uZCB0aGUgSW50ZXJuZXQuDQojIE5vdGUgdGhhdCB0aGlzIHNldHRpbmcgbXVzdCBiZSBjb3JyZXNwb25kIHdpdGggdGhlIGxpc3RlbmluZyBzZXR0aW5nIG9uDQojIHRoZSBWUE4gU2VydmVyLg0KIyANCiMgU3BlY2lmeSBlaXRoZXIgJ3Byb3RvIHRjcCcgb3IgJ3Byb3RvIHVkcCcuDQoNCnByb3RvIHRjcA0KDQoNCiMjIyMjIyMjIyMjIyMjIyMjIyMjIyMjIyMjIyMjIyMjIyMjIyMjIyMjIyMjIyMjIyMjIyMjIyMjIyMjIyMjIyMjIyMjIyMjIyMjIyMjIyMNCiMgVGhlIGRlc3RpbmF0aW9uIGhvc3RuYW1lIC8gSVAgYWRkcmVzcywgYW5kIHBvcnQgbnVtYmVyIG9mDQojIHRoZSB0YXJnZXQgVlBOIFNlcnZlci4NCiMgDQojIFlvdSBoYXZlIHRvIHNwZWNpZnkgYXMgJ3JlbW90ZSA8SE9TVE5BTUU+IDxQT1JUPicuIFlvdSBjYW4gYWxzbw0KIyBzcGVjaWZ5IHRoZSBJUCBhZGRyZXNzIGluc3RlYWQgb2YgdGhlIGhvc3RuYW1lLg0KIyANCiMgTm90ZSB0aGF0IHRoZSBhdXRvLWdlbmVyYXRlZCBiZWxvdyBob3N0bmFtZSBhcmUgYSAiYXV0by1kZXRlY3RlZA0KIyBJUCBhZGRyZXNzIiBvZiB0aGUgVlBOIFNlcnZlci4gWW91IGhhdmUgdG8gY29uZmlybSB0aGUgY29ycmVjdG5lc3MNCiMgYmVmb3JlaGFuZC4NCiMgDQojIFdoZW4geW91IHdhbnQgdG8gY29ubmVjdCB0byB0aGUgVlBOIFNlcnZlciBieSB1c2luZyBUQ1AgcHJvdG9jb2wsDQojIHRoZSBwb3J0IG51bWJlciBvZiB0aGUgZGVzdGluYXRpb24gVENQIHBvcnQgc2hvdWxkIGJlIHNhbWUgYXMgb25lIG9mDQojIHRoZSBhdmFpbGFibGUgVENQIGxpc3RlbmVycyBvbiB0aGUgVlBOIFNlcnZlci4NCiMgDQojIFdoZW4geW91IHVzZSBVRFAgcHJvdG9jb2wsIHRoZSBwb3J0IG51bWJlciBtdXN0IHNhbWUgYXMgdGhlIGNvbmZpZ3VyYXRpb24NCiMgc2V0dGluZyBvZiAiT3BlblZQTiBTZXJ2ZXIgQ29tcGF0aWJsZSBGdW5jdGlvbiIgb24gdGhlIFZQTiBTZXJ2ZXIuDQoNCnJlbW90ZSAxMjQuMjExLjE0NS4yMDEgMTMwOA0KDQoNCiMjIyMjIyMjIyMjIyMjIyMjIyMjIyMjIyMjIyMjIyMjIyMjIyMjIyMjIyMjIyMjIyMjIyMjIyMjIyMjIyMjIyMjIyMjIyMjIyMjIyMjIyMNCiMgVGhlIEhUVFAvSFRUUFMgcHJveHkgc2V0dGluZy4NCiMgDQojIE9ubHkgaWYgeW91IGhhdmUgdG8gdXNlIHRoZSBJbnRlcm5ldCB2aWEgYSBwcm94eSwgdW5jb21tZW50IHRoZSBiZWxvdw0KIyB0d28gbGluZXMgYW5kIHNwZWNpZnkgdGhlIHByb3h5IGFkZHJlc3MgYW5kIHRoZSBwb3J0IG51bWJlci4NCiMgSW4gdGhlIGNhc2Ugb2YgdXNpbmcgcHJveHktYXV0aGVudGljYXRpb24sIHJlZmVyIHRoZSBPcGVuVlBOIG1hbnVhbC4NCg0KO2h0dHAtcHJveHktcmV0cnkNCjtodHRwLXByb3h5IFtwcm94eSBzZXJ2ZXJdIFtwcm94eSBwb3J0XQ0KDQoNCiMjIyMjIyMjIyMjIyMjIyMjIyMjIyMjIyMjIyMjIyMjIyMjIyMjIyMjIyMjIyMjIyMjIyMjIyMjIyMjIyMjIyMjIyMjIyMjIyMjIyMjIyMNCiMgVGhlIGVuY3J5cHRpb24gYW5kIGF1dGhlbnRpY2F0aW9uIGFsZ29yaXRobS4NCiMgDQojIERlZmF1bHQgc2V0dGluZyBpcyBnb29kLiBNb2RpZnkgaXQgYXMgeW91IHByZWZlci4NCiMgV2hlbiB5b3Ugc3BlY2lmeSBhbiB1bnN1cHBvcnRlZCBhbGdvcml0aG0sIHRoZSBlcnJvciB3aWxsIG9jY3VyLg0KIyANCiMgVGhlIHN1cHBvcnRlZCBhbGdvcml0aG1zIGFyZSBhcyBmb2xsb3dzOg0KIyAgY2lwaGVyOiBbTlVMTC1DSVBIRVJdIE5VTEwgQUVTLTEyOC1DQkMgQUVTLTE5Mi1DQkMgQUVTLTI1Ni1DQkMgQkYtQ0JDDQojICAgICAgICAgIENBU1QtQ0JDIENBU1Q1LUNCQyBERVMtQ0JDIERFUy1FREUtQ0JDIERFUy1FREUzLUNCQyBERVNYLUNCQw0KIyAgICAgICAgICBSQzItNDAtQ0JDIFJDMi02NC1DQkMgUkMyLUNCQw0KIyAgYXV0aDogICBTSEEgU0hBMSBNRDUgTUQ0IFJNRDE2MA0KDQpjaXBoZXIgQUVTLTEyOC1DQkMNCmF1dGggU0hBMQ0KDQoNCiMjIyMjIyMjIyMjIyMjIyMjIyMjIyMjIyMjIyMjIyMjIyMjIyMjIyMjIyMjIyMjIyMjIyMjIyMjIyMjIyMjIyMjIyMjIyMjIyMjIyMjIyMNCiMgT3RoZXIgcGFyYW1ldGVycyBuZWNlc3NhcnkgdG8gY29ubmVjdCB0byB0aGUgVlBOIFNlcnZlci4NCiMgDQojIEl0IGlzIG5vdCByZWNvbW1lbmRlZCB0byBtb2RpZnkgaXQgdW5sZXNzIHlvdSBoYXZlIGEgcGFydGljdWxhciBuZWVkLg0KDQpyZXNvbHYtcmV0cnkgaW5maW5pdGUNCm5vYmluZA0KcGVyc2lzdC1rZXkNCnBlcnNpc3QtdHVuDQpjbGllbnQNCnZlcmIgMw0KI2F1dGgtdXNlci1wYXNzDQoNCg0KIyMjIyMjIyMjIyMjIyMjIyMjIyMjIyMjIyMjIyMjIyMjIyMjIyMjIyMjIyMjIyMjIyMjIyMjIyMjIyMjIyMjIyMjIyMjIyMjIyMjIyMjIw0KIyBUaGUgY2VydGlmaWNhdGUgZmlsZSBvZiB0aGUgZGVzdGluYXRpb24gVlBOIFNlcnZlci4NCiMgDQojIFRoZSBDQSBjZXJ0aWZpY2F0ZSBmaWxlIGlzIGVtYmVkZGVkIGluIHRoZSBpbmxpbmUgZm9ybWF0Lg0KIyBZb3UgY2FuIHJlcGxhY2UgdGhpcyBDQSBjb250ZW50cyBpZiBuZWNlc3NhcnkuDQojIFBsZWFzZSBub3RlIHRoYXQgaWYgdGhlIHNlcnZlciBjZXJ0aWZpY2F0ZSBpcyBub3QgYSBzZWxmLXNpZ25lZCwgeW91IGhhdmUgdG8NCiMgc3BlY2lmeSB0aGUgc2lnbmVyJ3Mgcm9vdCBjZXJ0aWZpY2F0ZSAoQ0EpIGhlcmUuDQoNCjxjYT4NCi0tLS0tQkVHSU4gQ0VSVElGSUNBVEUtLS0tLQ0KTUlJRmF6Q0NBMU9nQXdJQkFnSVJBSUlRejdEU1FPTlpSR1BndTJPQ2l3QXdEUVlKS29aSWh2Y05BUUVMQlFBdw0KVHpFTE1Ba0dBMVVFQmhNQ1ZWTXhLVEFuQmdOVkJBb1RJRWx1ZEdWeWJtVjBJRk5sWTNWeWFYUjVJRkpsYzJWaA0KY21Ob0lFZHliM1Z3TVJVd0V3WURWUVFERXd4SlUxSkhJRkp2YjNRZ1dERXdIaGNOTVRVd05qQTBNVEV3TkRNNA0KV2hjTk16VXdOakEwTVRFd05ETTRXakJQTVFzd0NRWURWUVFHRXdKVlV6RXBNQ2NHQTFVRUNoTWdTVzUwWlhKdQ0KWlhRZ1UyVmpkWEpwZEhrZ1VtVnpaV0Z5WTJnZ1IzSnZkWEF4RlRBVEJnTlZCQU1UREVsVFVrY2dVbTl2ZENCWQ0KTVRDQ0FpSXdEUVlKS29aSWh2Y05BUUVCQlFBRGdnSVBBRENDQWdvQ2dnSUJBSzNvSkhQMEZEZnptNTRyVnlnYw0KaDc3Y3Q5ODRrSXh1UE9aWG9IajNkY0tpL3ZWcWJ2WUFUeWpiM21pR2JFU1R0ckZqL1JRU2E3OGYwdW94bXlGKw0KMFRNOHVrajEzWG5mczdqL0V2RWhta3ZCaW9aeGFVcG1abXlQZmp4d3Y2MHBJZ2J6NU1EbWdLN2lTNCszbVg2VQ0KQTUvVFI1ZDhtVWdqVStnNHJrOEtiNE11MFVsWGpJQjB0dG92MERpTmV3TndJUnQxOGpBOCtvK3UzZHBqcStzVw0KVDhLT0VVdCt6d3ZvLzdWM0x2U3llMHJnVEJJbERIQ05BeW1nNFZNazdCUFo3aG0vRUxOS2pEK0pvMkZSM3F5SA0KQjVUMFkzSHNMdUp2VzVpQjRZbGNOSGxzZHU4N2tHSjU1dHVrbWk4bXhkQVE0UTdlMlJDT0Z2dTM5NmozeCtVQw0KQjVpUE5naVY1K0kzbGcwMmRaNzdEbkt4SFp1OEEvbEpCZGlCM1FXMEt0WkI2YXdCZHBVS0Q5amYxYjBTSHpVdg0KS0JkczBwakJxQWxrZDI1SE43ck9yRmxlYUoxL2N0YUp4UVpCS1Q1WlB0MG05U1RKRWFkYW8weEFIMGFobWJXbg0KT2xGdWhqdWVmWEtuRWdWNFdlMCtVWGdWQ3dPUGpkQXZCYkkrZTBvY1MzTUZFdnpHNnVCUUUzeERrM1N6eW5Ubg0Kamg4QkNOQXcxRnR4TnJRSHVzRXdNRnhJdDRJN21LWjlZSXFpb3ltQ3pMcTlnd1Fib29NRFFhSFdCZkVid3Jidw0KcUh5R08wYW9TQ3FJM0hhYWRyOGZhcVU5R1kvck9QTmszc2dyRFFvby8vZmI0aFZDMUNMUUoxM2hlZjRZNTNDSQ0KclU3bTJZczZ4dDBuVVc3L3ZHVDFNME5QQWdNQkFBR2pRakJBTUE0R0ExVWREd0VCL3dRRUF3SUJCakFQQmdOVg0KSFJNQkFmOEVCVEFEQVFIL01CMEdBMVVkRGdRV0JCUjV0Rm5tZTdibDVBRnpnQWlJeUJwWTl1bWJiakFOQmdrcQ0KaGtpRzl3MEJBUXNGQUFPQ0FnRUFWUjlZcWJ5eXFGRFFETEhZR21rZ0p5a0lyR0YxWElwdStJTGxhUy9WOWxaTA0KdWJoekVGblRJWmQrNTB4eCs3TFNZSzA1cUF2cUZ5RldoZkZRRGxucnp1Qlo2YnJKRmUrR25ZK0VnUGJrNlpHUQ0KM0JlYllodEY4R2FWMG54dnd1bzc3eC9QeTlhdUovR3BzTWl1L1gxK212b2lCT3YvMlgvcWtTc2lzUmNPai9LSw0KTkZ0WTJQd0J5VlM1dUNiTWlvZ3ppVXd0aER5QzMrNldWd1c2TEx2M3hMZkhUanVDdmpISUluTnprdEhDZ0tRNQ0KT1JBekk0Sk1QSitHc2xXWUhiNHBob3dpbTU3aWF6dFhPb0p3VGR3Sng0bkxDZ2ROYk9oZGpzbnZ6cXZIdTdVcg0KVGtYV1N0QW16T1Z5eWdocXBaWGpGYUgzcE8zSkxGK2wrLytzS0FJdXZ0ZDd1K054ZTVBVzB3ZGVSbE44TndkQw0Kak5QRWxwelZtYlVxNEpVYWdFaXVURGtIenN4SHBGS1ZLN3E0KzYzU00xTjk1UjFOYmRXaHNjZENiK1pBSnpWYw0Kb3lpM0I0M25qVE9RNXlPZisxQ2NlV3hHMWJRVnM1WnVmcHNNbGpxNFVpMC8xbHZoK3dqQ2hQNGtxS09KMnF4cQ0KNFJncXNhaERZVnZUSDl3N2pYYnlMZWlOZGQ4WE0ydzlVL3Q3eTBGZi85eWkwR0U0NFphNHJGMkxOOWQxMVRQQQ0KbVJHdW5VSEJjbldFdmdKQlFsOW5KRWlVMFpzbnZnYy91YmhQZ1hSUjRYcTM3WjBqNHI3ZzFTZ0VFend4QTU3ZA0KZW15UHhnY1l4bi9lUjQ0L0tKNEVCcytsVkRSM3ZleUptK2tYUTk5YjIxLytqaDVYb3MxQW5YNWlJdHJlR0NjPQ0KLS0tLS1FTkQgQ0VSVElGSUNBVEUtLS0tLQ0KDQo8L2NhPg0KDQoNCiMjIyMjIyMjIyMjIyMjIyMjIyMjIyMjIyMjIyMjIyMjIyMjIyMjIyMjIyMjIyMjIyMjIyMjIyMjIyMjIyMjIyMjIyMjIyMjIyMjIyMjIyMNCiMgVGhlIGNsaWVudCBjZXJ0aWZpY2F0ZSBmaWxlIChkdW1teSkuDQojIA0KIyBJbiBzb21lIGltcGxlbWVudGF0aW9ucyBvZiBPcGVuVlBOIENsaWVudCBzb2Z0d2FyZQ0KIyAoZm9yIGV4YW1wbGU6IE9wZW5WUE4gQ2xpZW50IGZvciBpT1MpLA0KIyBhIHBhaXIgb2YgY2xpZW50IGNlcnRpZmljYXRlIGFuZCBwcml2YXRlIGtleSBtdXN0IGJlIGluY2x1ZGVkIG9uIHRoZQ0KIyBjb25maWd1cmF0aW9uIGZpbGUgZHVlIHRvIHRoZSBsaW1pdGF0aW9uIG9mIHRoZSBjbGllbnQuDQojIFNvIHRoaXMgc2FtcGxlIGNvbmZpZ3VyYXRpb24gZmlsZSBoYXMgYSBkdW1teSBwYWlyIG9mIGNsaWVudCBjZXJ0aWZpY2F0ZQ0KIyBhbmQgcHJpdmF0ZSBrZXkgYXMgZm9sbG93cy4NCg0KPGNlcnQ+DQotLS0tLUJFR0lOIENFUlRJRklDQVRFLS0tLS0NCk1JSUN4akNDQWE0Q0FRQXdEUVlKS29aSWh2Y05BUUVGQlFBd0tURWFNQmdHQTFVRUF4TVJWbEJPUjJGMFpVTnMNCmFXVnVkRU5sY25ReEN6QUpCZ05WQkFZVEFrcFFNQjRYRFRFek1ESXhNVEF6TkRrME9Wb1hEVE0zTURFeE9UQXoNCk1UUXdOMW93S1RFYU1CZ0dBMVVFQXhNUlZsQk9SMkYwWlVOc2FXVnVkRU5sY25ReEN6QUpCZ05WQkFZVEFrcFENCk1JSUJJakFOQmdrcWhraUc5dzBCQVFFRkFBT0NBUThBTUlJQkNnS0NBUUVBNWgybGdRUVlVandvS1lKYnpWWkENCjVWY0lHZDVvdFBjL3FaUk10MEtJdENGQTBzOVJ3UmVOVmE5ZkRSRkxSQmhjSVRPbHYzRkJjVzNFOGgxVXM3UkQNCjRXOEdtSmU4emFwSm5Mc0QzOU9TTVJDelpKbmN6VzRPQ0gxUFpSWldLcUR0amxOY2E5QUY4YTY1alRtbER4Q1ENCkNqbnRMSVdrNU9MTFZrRnQ5L3RTY2MxR0R0Y2k1NW9maGFOQVlNUGlIN1Y4KzFnNjZwR0hYQW9XSzZBUVZINjcNClhDS0puR0I1bmxRK0hzTVlQVi9PNDlMZDkxWk4vMnRIa2NhTEx5TnR5d3hWUFJTc1JoNDgwamp1MGZjQ3N2NmgNCnAvMHlYblRCLy9tV3V0QkdwZFVsSWJ3aUlUYkFtcnNiWW5qaWdSdm5QcVgxUk5KVWJpOUZwNkMyYy9ISUZKR0QNCnl3SURBUUFCTUEwR0NTcUdTSWIzRFFFQkJRVUFBNElCQVFDaE81aGdjdy80b1dmb0VGTHU5a0JhMUIvL2t4SDgNCmhRa0NoVk5uOEJSQzdZMFVSUWl0UGwzREtFZWQ5VVJCRGRnMktPQXo3N2JiNkVOUGlsaUQrYTM4VUpISVJNcWUNClVCSGhsbE9ISXp2RGhIRmJhb3ZBTEJRY2VlQnpka1F4c0tRRVNLbVFtUjgzMjk1MFVDb3ZveVJCNjFVeUFWN2gNCittWmhZUEdSS1hLU0pJNnMwRWdnL0NyaStDd2s0YmpKZnJiNWhWc2UxMXloNEQ5TUhod1NmQ09IKzB6NGhQVVQNCkZrdTdkR2F2VVJPNVNWeE1uL3NMNkVuNUQrb1NlWGthZEhwRHMrQWlyeW0yWUhoMTVoMCtqUFNPb1I2eWlWcC8NCjZ6WmVaa3JONDNrdVM3M0twS0RGamZGUGg4dDRyMWdPSWp0dGtOY1FxQmNjdXNucGxRN0hKcHNrDQotLS0tLUVORCBDRVJUSUZJQ0FURS0tLS0tDQoNCjwvY2VydD4NCg0KPGtleT4NCi0tLS0tQkVHSU4gUlNBIFBSSVZBVEUgS0VZLS0tLS0NCk1JSUVwQUlCQUFLQ0FRRUE1aDJsZ1FRWVVqd29LWUpielZaQTVWY0lHZDVvdFBjL3FaUk10MEtJdENGQTBzOVINCndSZU5WYTlmRFJGTFJCaGNJVE9sdjNGQmNXM0U4aDFVczdSRDRXOEdtSmU4emFwSm5Mc0QzOU9TTVJDelpKbmMNCnpXNE9DSDFQWlJaV0txRHRqbE5jYTlBRjhhNjVqVG1sRHhDUUNqbnRMSVdrNU9MTFZrRnQ5L3RTY2MxR0R0Y2kNCjU1b2ZoYU5BWU1QaUg3VjgrMWc2NnBHSFhBb1dLNkFRVkg2N1hDS0puR0I1bmxRK0hzTVlQVi9PNDlMZDkxWk4NCi8ydEhrY2FMTHlOdHl3eFZQUlNzUmg0ODBqanUwZmNDc3Y2aHAvMHlYblRCLy9tV3V0QkdwZFVsSWJ3aUlUYkENCm1yc2JZbmppZ1J2blBxWDFSTkpVYmk5RnA2QzJjL0hJRkpHRHl3SURBUUFCQW9JQkFFUlY3WDVBdnhBOHVSaUsNCms4U0lwc0QwZFgxcEpPTUl3YWtVVnl2YzRFZk4wRGhLUk5iNHJZb1NpRUdUTHl6THB5QmMvQTI4RGxrbTVlT1kNCmZqelhmWWtHdFlpL0Z0eGtnM085dmNyTVE0KzZpK3VHSGFJTDJyTCtzNE1yZk84djF4djYrV2t5MzNFRUdDb3UNClFpd1ZHUkZRWG5Sb1E2Mk5CQ0ZiVU5MaG1Yd2RqMWFrWnpMVTRwNVI0ekEzUWhkeHdFSWF0Vkx0MCs3b3dMUTMNCmxQOHNmWGhwcFBPWGpUcU1ENFFrWXd6UEFhOC96RjdhY240a3J5clVQN1E2UEFmZDB6RVZxTnk5WkNaOWZmaG8NCnpYZWRGajQ4NklGb2M1Z25UcDJONmpzblZqNExDR0lobFZIbFlHb3pLS0ZxSmNRVkdzSENxcTFvejJ6alc2TFMNCm9SWUlIZ0VDZ1lFQTh6WnJrQ3dOWVNYSnVPREozbS9oT0xWeGN4Z0p1d1hvaUVyV2QwRTQydlBhbmpqVk1obnQNCktZNWw4cUdNSjZGaEs5TFl4MnFDcmYvRTBYdFVBWjJ3VnEzT1JUeUduc01XcmU5dExZczU1WCtaTjEwVGM3NXoNCjRoYWNiVTBocUtOMUhpRG1zTVJZMy8yTmFaSG95N01LbndKSkJhRzQ4bDlDQ1RsVndNSG9jSUVDZ1lFQThqYnkNCmRHanhUSCs2WEhXTml6YjVTUmJaeEFueUVlSmVSd1RNaDBnR3p3R1BwSC9zWllHenl1MFN5U1hXQ25aaDNSZ3ENCjV1TGxOeHRyWHJsalpseWkyblFkUWdzcTJZcldVczAremdVKzIydVFzWnBTQWZ0bWhWcnR2ZXQ2TWpWamJCeVkNCkRBRGNpRVZVZEpZSVhrK3FuRlVKeWVyb0xJa1RqN1dZS1o2Umprc0NnWUJvQ0ZJd1JEZWc0Mm9LODlSRm1uT3INCkx5bU5BcTQrMm9NaHNXbFZiNGVqV0lXZUFrOW5jK0dYVWZyWHN6UmhTMDFtVW5VNXI1eWdVdlJjYXJWL1QzVTcNClRuTVorSTdZNERnV1JJRGQ1MXpuaHhJQnRZVjVqL0MvdDg1SGpxT2tIKzhiNlJUa2JjaGFYM21hdTdmcFVmZHMNCkZxMG5oSXE0MmZoRU84c3JmWVl3Z1FLQmdRQ3loaTFOLzh0YVJ3cGsrMy9JREV6UXdqYmZkelVrV1dTRGs5WHMNCkgvcGt1UkhXZlRNUDNmbFdxRVlnVy9MVzQwcGVXMkhEcTVpbWRWOCtBZ1p4ZS9YTWJhamk5TGd3ZjFSWTAwNW4NCkt4YVpRejd5cUh1cFdsTEdGNjhEUEh4a1pWVlNhZ0RuVi9zenRXWDZTRnNDcUZWbnhJWGlmWEdDNGNXNU5tOWcNCnZhOHE0UUtCZ1FDRWhMVmVVZmR3S3ZrWjk0Zy9HRno3MzFaMmhyZFZoZ01aYVUvdTZ0MFY5NStZZXpQTkNRWkINCndtRTlNbWxicTFlbURlUk9pdmpDZm9HaFIza1pYVzFwVEtsTGg2Wk1VUVVPcHB0ZFh2YThYeGZvcVF3YTNlbkENCk03bXVCYkYwWE43Vk84MGlKUHYrUG1JWmRFSUFrcHdLZmkyMDFZQitCYWZDSXVHeElGNTBWZz09DQotLS0tLUVORCBSU0EgUFJJVkFURSBLRVktLS0tLQ0KDQo8L2tleT4NCg0K
vpn104717671,36.13.6.253,1493732,3,96230008,Japan,JP,66,568427507,203899,28528121277275,2weeks,Gaming_1122's owner,,IyMjIyMjIyMjIyMjIyMjIyMjIyMjIyMjIyMjIyMjIyMjIyMjIyMjIyMjIyMjIyMjIyMjIyMjIyMjIyMjIyMjIyMjIyMjIyMjIyMjIyMjIw0KIyBPcGVuVlBOIDIuMCBTYW1wbGUgQ29uZmlndXJhdGlvbiBGaWxlDQojIGZvciBQYWNrZXRpWCBWUE4gLyBTb2Z0RXRoZXIgVlBOIFNlcnZlcg0KIyANCiMgISEhIEFVVE8tR0VORVJBVEVEIEJZIFNPRlRFVEhFUiBWUE4gU0VSVkVSIE1BTkFHRU1FTlQgVE9PTCAhISENCiMgDQojICEhISBZT1UgSEFWRSBUTyBSRVZJRVcgSVQgQkVGT1JFIFVTRSBBTkQgTU9ESUZZIElUIEFTIE5FQ0VTU0FSWSAhISENCiMgDQojIFRoaXMgY29uZmlndXJhdGlvbiBmaWxlIGlzIGF1dG8tZ2VuZXJhdGVkLiBZb3UgbWlnaHQgdXNlIHRoaXMgY29uZmlnIGZpbGUNCiMgaW4gb3JkZXIgdG8gY29ubmVjdCB0byB0aGUgUGFja2V0aVggVlBOIC8gU29mdEV0aGVyIFZQTiBTZXJ2ZXIuDQojIEhvd2V2ZXIsIGJlZm9yZSB5b3UgdHJ5IGl0LCB5b3Ugc2hvdWxkIHJldmlldyB0aGUgZGVzY3JpcHRpb25zIG9mIHRoZSBmaWxlDQojIHRvIGRldGVybWluZSB0aGUgbmVjZXNzaXR5IHRvIG1vZGlmeSB0byBzdWl0YWJsZSBmb3IgeW91ciByZWFsIGVudmlyb25tZW50Lg0KIyBJZiBuZWNlc3NhcnksIHlvdSBoYXZlIHRvIG1vZGlmeSBhIGxpdHRsZSBhZGVxdWF0ZWx5IG9uIHRoZSBmaWxlLg0KIyBGb3IgZXhhbXBsZSwgdGhlIElQIGFkZHJlc3Mgb3IgdGhlIGhvc3RuYW1lIGFzIGEgZGVzdGluYXRpb24gVlBOIFNlcnZlcg0KIyBzaG91bGQgYmUgY29uZmlybWVkLg0KIyANCiMgTm90ZSB0aGF0IHRvIHVzZSBPcGVuVlBOIDIuMCwgeW91IGhhdmUgdG8gcHV0IHRoZSBjZXJ0aWZpY2F0aW9uIGZpbGUgb2YNCiMgdGhlIGRlc3RpbmF0aW9uIFZQTiBTZXJ2ZXIgb24gdGhlIE9wZW5WUE4gQ2xpZW50IGNvbXB1dGVyIHdoZW4geW91IHVzZSB0aGlzDQojIGNvbmZpZyBmaWxlLiBQbGVhc2UgcmVmZXIgdGhlIGJlbG93IGRlc2NyaXB0aW9ucyBjYXJlZnVsbHkuDQoNCg0KIyMjIyMjIyMjIyMjIyMjIyMjIyMjIyMjIyMjIyMjIyMjIyMjIyMjIyMjIyMjIyMjIyMjIyMjIyMjIyMjIyMjIyMjIyMjIyMjIyMjIyMjIw0KIyBTcGVjaWZ5IHRoZSB0eXBlIG9mIHRoZSBsYXllciBvZiB0aGUgVlBOIGNvbm5lY3Rpb24uDQojIA0KIyBUbyBjb25uZWN0IHRvIHRoZSBWUE4gU2VydmVyIGFzIGEgIlJlbW90ZS1BY2Nlc3MgVlBOIENsaWVudCBQQyIsDQojICBzcGVjaWZ5ICdkZXYgdHVuJy4gKExheWVyLTMgSVAgUm91dGluZyBNb2RlKQ0KIw0KIyBUbyBjb25uZWN0IHRvIHRoZSBWUE4gU2VydmVyIGFzIGEgYnJpZGdpbmcgZXF1aXBtZW50IG9mICJTaXRlLXRvLVNpdGUgVlBOIiwNCiMgIHNwZWNpZnkgJ2RldiB0YXAnLiAoTGF5ZXItMiBFdGhlcm5ldCBCcmlkZ2luZSBNb2RlKQ0KDQpkZXYgdHVuDQoNCg0KIyMjIyMjIyMjIyMjIyMjIyMjIyMjIyMjIyMjIyMjIyMjIyMjIyMjIyMjIyMjIyMjIyMjIyMjIyMjIyMjIyMjIyMjIyMjIyMjIyMjIyMjIw0KIyBTcGVjaWZ5IHRoZSB1bmRlcmx5aW5nIHByb3RvY29sIGJleW9uZCB0aGUgSW50ZXJuZXQuDQojIE5vdGUgdGhhdCB0aGlzIHNldHRpbmcgbXVzdCBiZSBjb3JyZXNwb25kIHdpdGggdGhlIGxpc3RlbmluZyBzZXR0aW5nIG9uDQojIHRoZSBWUE4gU2VydmVyLg0KIyANCiMgU3BlY2lmeSBlaXRoZXIgJ3Byb3RvIHRjcCcgb3IgJ3Byb3RvIHVkcCcuDQoNCnByb3RvIHRjcA0KDQoNCiMjIyMjIyMjIyMjIyMjIyMjIyMjIyMjIyMjIyMjIyMjIyMjIyMjIyMjIyMjIyMjIyMjIyMjIyMjIyMjIyMjIyMjIyMjIyMjIyMjIyMjIyMNCiMgVGhlIGRlc3RpbmF0aW9uIGhvc3RuYW1lIC8gSVAgYWRkcmVzcywgYW5kIHBvcnQgbnVtYmVyIG9mDQojIHRoZSB0YXJnZXQgVlBOIFNlcnZlci4NCiMgDQojIFlvdSBoYXZlIHRvIHNwZWNpZnkgYXMgJ3JlbW90ZSA8SE9TVE5BTUU+IDxQT1JUPicuIFlvdSBjYW4gYWxzbw0KIyBzcGVjaWZ5IHRoZSBJUCBhZGRyZXNzIGluc3RlYWQgb2YgdGhlIGhvc3RuYW1lLg0KIyANCiMgTm90ZSB0aGF0IHRoZSBhdXRvLWdlbmVyYXRlZCBiZWxvdyBob3N0bmFtZSBhcmUgYSAiYXV0by1kZXRlY3RlZA0KIyBJUCBhZGRyZXNzIiBvZiB0aGUgVlBOIFNlcnZlci4gWW91IGhhdmUgdG8gY29uZmlybSB0aGUgY29ycmVjdG5lc3MNCiMgYmVmb3JlaGFuZC4NCiMgDQojIFdoZW4geW91IHdhbnQgdG8gY29ubmVjdCB0byB0aGUgVlBOIFNlcnZlciBieSB1c2luZyBUQ1AgcHJvdG9jb2wsDQojIHRoZSBwb3J0IG51bWJlciBvZiB0aGUgZGVzdGluYXRpb24gVENQIHBvcnQgc2hvdWxkIGJlIHNhbWUgYXMgb25lIG9mDQojIHRoZSBhdmFpbGFibGUgVENQIGxpc3RlbmVycyBvbiB0aGUgVlBOIFNlcnZlci4NCiMgDQojIFdoZW4geW91IHVzZSBVRFAgcHJvdG9jb2wsIHRoZSBwb3J0IG51bWJlciBtdXN0IHNhbWUgYXMgdGhlIGNvbmZpZ3VyYXRpb24NCiMgc2V0dGluZyBvZiAiT3BlblZQTiBTZXJ2ZXIgQ29tcGF0aWJsZSBGdW5jdGlvbiIgb24gdGhlIFZQTiBTZXJ2ZXIuDQoNCnJlbW90ZSAzNi4xMy42LjI1MyAxNDE5DQoNCg0KIyMjIyMjIyMjIyMjIyMjIyMjIyMjIyMjIyMjIyMjIyMjIyMjIyMjIyMjIyMjIyMjIyMjIyMjIyMjIyMjIyMjIyMjIyMjIyMjIyMjIyMjIw0KIyBUaGUgSFRUUC9IVFRQUyBwcm94eSBzZXR0aW5nLg0KIyANCiMgT25seSBpZiB5b3UgaGF2ZSB0byB1c2UgdGhlIEludGVybmV0IHZpYSBhIHByb3h5LCB1bmNvbW1lbnQgdGhlIGJlbG93DQojIHR3byBsaW5lcyBhbmQgc3BlY2lmeSB0aGUgcHJveHkgYWRkcmVzcyBhbmQgdGhlIHBvcnQgbnVtYmVyLg0KIyBJbiB0aGUgY2FzZSBvZiB1c2luZyBwcm94eS1hdXRoZW50aWNhdGlvbiwgcmVmZXIgdGhlIE9wZW5WUE4gbWFudWFsLg0KDQo7aHR0cC1wcm94eS1yZXRyeQ0KO2h0dHAtcHJveHkgW3Byb3h5IHNlcnZlcl0gW3Byb3h5IHBvcnRdDQoNCg0KIyMjIyMjIyMjIyMjIyMjIyMjIyMjIyMjIyMjIyMjIyMjIyMjIyMjIyMjIyMjIyMjIyMjIyMjIyMjIyMjIyMjIyMjIyMjIyMjIyMjIyMjIw0KIyBUaGUgZW5jcnlwdGlvbiBhbmQgYXV0aGVudGljYXRpb24gYWxnb3JpdGhtLg0KIyANCiMgRGVmYXVsdCBzZXR0aW5nIGlzIGdvb2QuIE1vZGlmeSBpdCBhcyB5b3UgcHJlZmVyLg0KIyBXaGVuIHlvdSBzcGVjaWZ5IGFuIHVuc3VwcG9ydGVkIGFsZ29yaXRobSwgdGhlIGVycm9yIHdpbGwgb2NjdXIuDQojIA0KIyBUaGUgc3VwcG9ydGVkIGFsZ29yaXRobXMgYXJlIGFzIGZvbGxvd3M6DQojICBjaXBoZXI6IFtOVUxMLUNJUEhFUl0gTlVMTCBBRVMtMTI4LUNCQyBBRVMtMTkyLUNCQyBBRVMtMjU2LUNCQyBCRi1DQkMNCiMgICAgICAgICAgQ0FTVC1DQkMgQ0FTVDUtQ0JDIERFUy1DQkMgREVTLUVERS1DQkMgREVTLUVERTMtQ0JDIERFU1gtQ0JDDQojICAgICAgICAgIFJDMi00MC1DQkMgUkMyLTY0LUNCQyBSQzItQ0JDDQojICBhdXRoOiAgIFNIQSBTSEExIE1ENSBNRDQgUk1EMTYwDQoNCmNpcGhlciBBRVMtMTI4LUNCQw0KYXV0aCBTSEExDQoNCg0KIyMjIyMjIyMjIyMjIyMjIyMjIyMjIyMjIyMjIyMjIyMjIyMjIyMjIyMjIyMjIyMjIyMjIyMjIyMjIyMjIyMjIyMjIyMjIyMjIyMjIyMjIw0KIyBPdGhlciBwYXJhbWV0ZXJzIG5lY2Vzc2FyeSB0byBjb25uZWN0IHRvIHRoZSBWUE4gU2VydmVyLg0KIyANCiMgSXQgaXMgbm90IHJlY29tbWVuZGVkIHRvIG1vZGlmeSBpdCB1bmxlc3MgeW91IGhhdmUgYSBwYXJ0aWN1bGFyIG5lZWQuDQoNCnJlc29sdi1yZXRyeSBpbmZpbml0ZQ0Kbm9iaW5kDQpwZXJzaXN0LWtleQ0KcGVyc2lzdC10dW4NCmNsaWVudA0KdmVyYiAzDQojYXV0aC11c2VyLXBhc3MNCg0KDQojIyMjIyMjIyMjIyMjIyMjIyMjIyMjIyMjIyMjIyMjIyMjIyMjIyMjIyMjIyMjIyMjIyMjIyMjIyMjIyMjIyMjIyMjIyMjIyMjIyMjIyMjDQojIFRoZSBjZXJ0aWZpY2F0ZSBmaWxlIG9mIHRoZSBkZXN0aW5hdGlvbiBWUE4gU2VydmVyLg0KIyANCiMgVGhlIENBIGNlcnRpZmljYXRlIGZpbGUgaXMgZW1iZWRkZWQgaW4gdGhlIGlubGluZSBmb3JtYXQuDQojIFlvdSBjYW4gcmVwbGFjZSB0aGlzIENBIGNvbnRlbnRzIGlmIG5lY2Vzc2FyeS4NCiMgUGxlYXNlIG5vdGUgdGhhdCBpZiB0aGUgc2VydmVyIGNlcnRpZmljYXRlIGlzIG5vdCBhIHNlbGYtc2lnbmVkLCB5b3UgaGF2ZSB0bw0KIyBzcGVjaWZ5IHRoZSBzaWduZXIncyByb290IGNlcnRpZmljYXRlIChDQSkgaGVyZS4NCg0KPGNhPg0KLS0tLS1CRUdJTiBDRVJUSUZJQ0FURS0tLS0tDQpNSUlGYXpDQ0ExT2dBd0lCQWdJUkFJSVF6N0RTUU9OWlJHUGd1Mk9DaXdBd0RRWUpLb1pJaHZjTkFRRUxCUUF3DQpUekVMTUFrR0ExVUVCaE1DVlZNeEtUQW5CZ05WQkFvVElFbHVkR1Z5Ym1WMElGTmxZM1Z5YVhSNUlGSmxjMlZoDQpjbU5vSUVkeWIzVndNUlV3RXdZRFZRUURFd3hKVTFKSElGSnZiM1FnV0RFd0hoY05NVFV3TmpBME1URXdORE00DQpXaGNOTXpVd05qQTBNVEV3TkRNNFdqQlBNUXN3Q1FZRFZRUUdFd0pWVXpFcE1DY0dBMVVFQ2hNZ1NXNTBaWEp1DQpaWFFnVTJWamRYSnBkSGtnVW1WelpXRnlZMmdnUjNKdmRYQXhGVEFUQmdOVkJBTVRERWxUVWtjZ1VtOXZkQ0JZDQpNVENDQWlJd0RRWUpLb1pJaHZjTkFRRUJCUUFEZ2dJUEFEQ0NBZ29DZ2dJQkFLM29KSFAwRkRmem01NHJWeWdjDQpoNzdjdDk4NGtJeHVQT1pYb0hqM2RjS2kvdlZxYnZZQVR5amIzbWlHYkVTVHRyRmovUlFTYTc4ZjB1b3hteUYrDQowVE04dWtqMTNYbmZzN2ovRXZFaG1rdkJpb1p4YVVwbVpteVBmanh3djYwcElnYno1TURtZ0s3aVM0KzNtWDZVDQpBNS9UUjVkOG1VZ2pVK2c0cms4S2I0TXUwVWxYaklCMHR0b3YwRGlOZXdOd0lSdDE4akE4K28rdTNkcGpxK3NXDQpUOEtPRVV0K3p3dm8vN1YzTHZTeWUwcmdUQklsREhDTkF5bWc0Vk1rN0JQWjdobS9FTE5LakQrSm8yRlIzcXlIDQpCNVQwWTNIc0x1SnZXNWlCNFlsY05IbHNkdTg3a0dKNTV0dWttaThteGRBUTRRN2UyUkNPRnZ1Mzk2ajN4K1VDDQpCNWlQTmdpVjUrSTNsZzAyZFo3N0RuS3hIWnU4QS9sSkJkaUIzUVcwS3RaQjZhd0JkcFVLRDlqZjFiMFNIelV2DQpLQmRzMHBqQnFBbGtkMjVITjdyT3JGbGVhSjEvY3RhSnhRWkJLVDVaUHQwbTlTVEpFYWRhbzB4QUgwYWhtYlduDQpPbEZ1aGp1ZWZYS25FZ1Y0V2UwK1VYZ1ZDd09QamRBdkJiSStlMG9jUzNNRkV2ekc2dUJRRTN4RGszU3p5blRuDQpqaDhCQ05BdzFGdHhOclFIdXNFd01GeEl0NEk3bUtaOVlJcWlveW1DekxxOWd3UWJvb01EUWFIV0JmRWJ3cmJ3DQpxSHlHTzBhb1NDcUkzSGFhZHI4ZmFxVTlHWS9yT1BOazNzZ3JEUW9vLy9mYjRoVkMxQ0xRSjEzaGVmNFk1M0NJDQpyVTdtMllzNnh0MG5VVzcvdkdUMU0wTlBBZ01CQUFHalFqQkFNQTRHQTFVZER3RUIvd1FFQXdJQkJqQVBCZ05WDQpIUk1CQWY4RUJUQURBUUgvTUIwR0ExVWREZ1FXQkJSNXRGbm1lN2JsNUFGemdBaUl5QnBZOXVtYmJqQU5CZ2txDQpoa2lHOXcwQkFRc0ZBQU9DQWdFQVZSOVlxYnl5cUZEUURMSFlHbWtnSnlrSXJHRjFYSXB1K0lMbGFTL1Y5bFpMDQp1Ymh6RUZuVElaZCs1MHh4KzdMU1lLMDVxQXZxRnlGV2hmRlFEbG5yenVCWjZickpGZStHblkrRWdQYms2WkdRDQozQmViWWh0RjhHYVYwbnh2d3VvNzd4L1B5OWF1Si9HcHNNaXUvWDErbXZvaUJPdi8yWC9xa1NzaXNSY09qL0tLDQpORnRZMlB3QnlWUzV1Q2JNaW9nemlVd3RoRHlDMys2V1Z3VzZMTHYzeExmSFRqdUN2akhJSW5Oemt0SENnS1E1DQpPUkF6STRKTVBKK0dzbFdZSGI0cGhvd2ltNTdpYXp0WE9vSndUZHdKeDRuTENnZE5iT2hkanNudnpxdkh1N1VyDQpUa1hXU3RBbXpPVnl5Z2hxcFpYakZhSDNwTzNKTEYrbCsvK3NLQUl1dnRkN3UrTnhlNUFXMHdkZVJsTjhOd2RDDQpqTlBFbHB6Vm1iVXE0SlVhZ0VpdVREa0h6c3hIcEZLVks3cTQrNjNTTTFOOTVSMU5iZFdoc2NkQ2IrWkFKelZjDQpveWkzQjQzbmpUT1E1eU9mKzFDY2VXeEcxYlFWczVadWZwc01sanE0VWkwLzFsdmgrd2pDaFA0a3FLT0oycXhxDQo0Umdxc2FoRFlWdlRIOXc3alhieUxlaU5kZDhYTTJ3OVUvdDd5MEZmLzl5aTBHRTQ0WmE0ckYyTE45ZDExVFBBDQptUkd1blVIQmNuV0V2Z0pCUWw5bkpFaVUwWnNudmdjL3ViaFBnWFJSNFhxMzdaMGo0cjdnMVNnRUV6d3hBNTdkDQplbXlQeGdjWXhuL2VSNDQvS0o0RUJzK2xWRFIzdmV5Sm0ra1hROTliMjEvK2poNVhvczFBblg1aUl0cmVHQ2M9DQotLS0tLUVORCBDRVJUSUZJQ0FURS0tLS0tDQoNCjwvY2E+DQoNCg0KIyMjIyMjIyMjIyMjIyMjIyMjIyMjIyMjIyMjIyMjIyMjIyMjIyMjIyMjIyMjIyMjIyMjIyMjIyMjIyMjIyMjIyMjIyMjIyMjIyMjIyMjIw0KIyBUaGUgY2xpZW50IGNlcnRpZmljYXRlIGZpbGUgKGR1bW15KS4NCiMgDQojIEluIHNvbWUgaW1wbGVtZW50YXRpb25zIG9mIE9wZW5WUE4gQ2xpZW50IHNvZnR3YXJlDQojIChmb3IgZXhhbXBsZTogT3BlblZQTiBDbGllbnQgZm9yIGlPUyksDQojIGEgcGFpciBvZiBjbGllbnQgY2VydGlmaWNhdGUgYW5kIHByaXZhdGUga2V5IG11c3QgYmUgaW5jbHVkZWQgb24gdGhlDQojIGNvbmZpZ3VyYXRpb24gZmlsZSBkdWUgdG8gdGhlIGxpbWl0YXRpb24gb2YgdGhlIGNsaWVudC4NCiMgU28gdGhpcyBzYW1wbGUgY29uZmlndXJhdGlvbiBmaWxlIGhhcyBhIGR1bW15IHBhaXIgb2YgY2xpZW50IGNlcnRpZmljYXRlDQojIGFuZCBwcml2YXRlIGtleSBhcyBmb2xsb3dzLg0KDQo8Y2VydD4NCi0tLS0tQkVHSU4gQ0VSVElGSUNBVEUtLS0tLQ0KTUlJQ3hqQ0NBYTRDQVFBd0RRWUpLb1pJaHZjTkFRRUZCUUF3S1RFYU1CZ0dBMVVFQXhNUlZsQk9SMkYwWlVOcw0KYVdWdWRFTmxjblF4Q3pBSkJnTlZCQVlUQWtwUU1CNFhEVEV6TURJeE1UQXpORGswT1ZvWERUTTNNREV4T1RBeg0KTVRRd04xb3dLVEVhTUJnR0ExVUVBeE1SVmxCT1IyRjBaVU5zYVdWdWRFTmxjblF4Q3pBSkJnTlZCQVlUQWtwUQ0KTUlJQklqQU5CZ2txaGtpRzl3MEJBUUVGQUFPQ0FROEFNSUlCQ2dLQ0FRRUE1aDJsZ1FRWVVqd29LWUpielZaQQ0KNVZjSUdkNW90UGMvcVpSTXQwS0l0Q0ZBMHM5UndSZU5WYTlmRFJGTFJCaGNJVE9sdjNGQmNXM0U4aDFVczdSRA0KNFc4R21KZTh6YXBKbkxzRDM5T1NNUkN6WkpuY3pXNE9DSDFQWlJaV0txRHRqbE5jYTlBRjhhNjVqVG1sRHhDUQ0KQ2pudExJV2s1T0xMVmtGdDkvdFNjYzFHRHRjaTU1b2ZoYU5BWU1QaUg3VjgrMWc2NnBHSFhBb1dLNkFRVkg2Nw0KWENLSm5HQjVubFErSHNNWVBWL080OUxkOTFaTi8ydEhrY2FMTHlOdHl3eFZQUlNzUmg0ODBqanUwZmNDc3Y2aA0KcC8weVhuVEIvL21XdXRCR3BkVWxJYndpSVRiQW1yc2JZbmppZ1J2blBxWDFSTkpVYmk5RnA2QzJjL0hJRkpHRA0KeXdJREFRQUJNQTBHQ1NxR1NJYjNEUUVCQlFVQUE0SUJBUUNoTzVoZ2N3LzRvV2ZvRUZMdTlrQmExQi8va3hIOA0KaFFrQ2hWTm44QlJDN1kwVVJRaXRQbDNES0VlZDlVUkJEZGcyS09Bejc3YmI2RU5QaWxpRCthMzhVSkhJUk1xZQ0KVUJIaGxsT0hJenZEaEhGYmFvdkFMQlFjZWVCemRrUXhzS1FFU0ttUW1SODMyOTUwVUNvdm95UkI2MVV5QVY3aA0KK21aaFlQR1JLWEtTSkk2czBFZ2cvQ3JpK0N3azRiakpmcmI1aFZzZTExeWg0RDlNSGh3U2ZDT0grMHo0aFBVVA0KRmt1N2RHYXZVUk81U1Z4TW4vc0w2RW41RCtvU2VYa2FkSHBEcytBaXJ5bTJZSGgxNWgwK2pQU09vUjZ5aVZwLw0KNnpaZVprck40M2t1UzczS3BLREZqZkZQaDh0NHIxZ09JanR0a05jUXFCY2N1c25wbFE3SEpwc2sNCi0tLS0tRU5EIENFUlRJRklDQVRFLS0tLS0NCg0KPC9jZXJ0Pg0KDQo8a2V5Pg0KLS0tLS1CRUdJTiBSU0EgUFJJVkFURSBLRVktLS0tLQ0KTUlJRXBBSUJBQUtDQVFFQTVoMmxnUVFZVWp3b0tZSmJ6VlpBNVZjSUdkNW90UGMvcVpSTXQwS0l0Q0ZBMHM5Ug0Kd1JlTlZhOWZEUkZMUkJoY0lUT2x2M0ZCY1czRThoMVVzN1JENFc4R21KZTh6YXBKbkxzRDM5T1NNUkN6WkpuYw0Kelc0T0NIMVBaUlpXS3FEdGpsTmNhOUFGOGE2NWpUbWxEeENRQ2pudExJV2s1T0xMVmtGdDkvdFNjYzFHRHRjaQ0KNTVvZmhhTkFZTVBpSDdWOCsxZzY2cEdIWEFvV0s2QVFWSDY3WENLSm5HQjVubFErSHNNWVBWL080OUxkOTFaTg0KLzJ0SGtjYUxMeU50eXd4VlBSU3NSaDQ4MGpqdTBmY0NzdjZocC8weVhuVEIvL21XdXRCR3BkVWxJYndpSVRiQQ0KbXJzYlluamlnUnZuUHFYMVJOSlViaTlGcDZDMmMvSElGSkdEeXdJREFRQUJBb0lCQUVSVjdYNUF2eEE4dVJpSw0KazhTSXBzRDBkWDFwSk9NSXdha1VWeXZjNEVmTjBEaEtSTmI0cllvU2lFR1RMeXpMcHlCYy9BMjhEbGttNWVPWQ0KZmp6WGZZa0d0WWkvRnR4a2czTzl2Y3JNUTQrNmkrdUdIYUlMMnJMK3M0TXJmTzh2MXh2NitXa3kzM0VFR0NvdQ0KUWl3VkdSRlFYblJvUTYyTkJDRmJVTkxobVh3ZGoxYWtaekxVNHA1UjR6QTNRaGR4d0VJYXRWTHQwKzdvd0xRMw0KbFA4c2ZYaHBwUE9YalRxTUQ0UWtZd3pQQWE4L3pGN2FjbjRrcnlyVVA3UTZQQWZkMHpFVnFOeTlaQ1o5ZmZobw0KelhlZEZqNDg2SUZvYzVnblRwMk42anNuVmo0TENHSWhsVkhsWUdvektLRnFKY1FWR3NIQ3FxMW96MnpqVzZMUw0Kb1JZSUhnRUNnWUVBOHpacmtDd05ZU1hKdU9ESjNtL2hPTFZ4Y3hnSnV3WG9pRXJXZDBFNDJ2UGFuampWTWhudA0KS1k1bDhxR01KNkZoSzlMWXgycUNyZi9FMFh0VUFaMndWcTNPUlR5R25zTVdyZTl0TFlzNTVYK1pOMTBUYzc1eg0KNGhhY2JVMGhxS04xSGlEbXNNUlkzLzJOYVpIb3k3TUtud0pKQmFHNDhsOUNDVGxWd01Ib2NJRUNnWUVBOGpieQ0KZEdqeFRIKzZYSFdOaXpiNVNSYlp4QW55RWVKZVJ3VE1oMGdHendHUHBIL3NaWUd6eXUwU3lTWFdDblpoM1JncQ0KNXVMbE54dHJYcmxqWmx5aTJuUWRRZ3NxMllyV1VzMCt6Z1UrMjJ1UXNacFNBZnRtaFZydHZldDZNalZqYkJ5WQ0KREFEY2lFVlVkSllJWGsrcW5GVUp5ZXJvTElrVGo3V1lLWjZSamtzQ2dZQm9DRkl3UkRlZzQyb0s4OVJGbW5Pcg0KTHltTkFxNCsyb01oc1dsVmI0ZWpXSVdlQWs5bmMrR1hVZnJYc3pSaFMwMW1VblU1cjV5Z1V2UmNhclYvVDNVNw0KVG5NWitJN1k0RGdXUklEZDUxem5oeElCdFlWNWovQy90ODVIanFPa0grOGI2UlRrYmNoYVgzbWF1N2ZwVWZkcw0KRnEwbmhJcTQyZmhFTzhzcmZZWXdnUUtCZ1FDeWhpMU4vOHRhUndwayszL0lERXpRd2piZmR6VWtXV1NEazlYcw0KSC9wa3VSSFdmVE1QM2ZsV3FFWWdXL0xXNDBwZVcySERxNWltZFY4K0FnWnhlL1hNYmFqaTlMZ3dmMVJZMDA1bg0KS3hhWlF6N3lxSHVwV2xMR0Y2OERQSHhrWlZWU2FnRG5WL3N6dFdYNlNGc0NxRlZueElYaWZYR0M0Y1c1Tm05Zw0KdmE4cTRRS0JnUUNFaExWZVVmZHdLdmtaOTRnL0dGejczMVoyaHJkVmhnTVphVS91NnQwVjk1K1llelBOQ1FaQg0Kd21FOU1tbGJxMWVtRGVST2l2akNmb0doUjNrWlhXMXBUS2xMaDZaTVVRVU9wcHRkWHZhOFh4Zm9xUXdhM2VuQQ0KTTdtdUJiRjBYTjdWTzgwaUpQditQbUlaZEVJQWtwd0tmaTIwMVlCK0JhZkNJdUd4SUY1MFZnPT0NCi0tLS0tRU5EIFJTQSBQUklWQVRFIEtFWS0tLS0tDQoNCjwva2V5Pg0KDQo=
vpn627963363,175.121.82.31,1488036,36,83483339,Korea Republic of,KR,94,1244741507,158453,15994510352554,2weeks,DESKTOP-MA8OHQK's owner,,IyMjIyMjIyMjIyMjIyMjIyMjIyMjIyMjIyMjIyMjIyMjIyMjIyMjIyMjIyMjIyMjIyMjIyMjIyMjIyMjIyMjIyMjIyMjIyMjIyMjIyMjIw0KIyBPcGVuVlBOIDIuMCBTYW1wbGUgQ29uZmlndXJhdGlvbiBGaWxlDQojIGZvciBQYWNrZXRpWCBWUE4gLyBTb2Z0RXRoZXIgVlBOIFNlcnZlcg0KIyANCiMgISEhIEFVVE8tR0VORVJBVEVEIEJZIFNPRlRFVEhFUiBWUE4gU0VSVkVSIE1BTkFHRU1FTlQgVE9PTCAhISENCiMgDQojICEhISBZT1UgSEFWRSBUTyBSRVZJRVcgSVQgQkVGT1JFIFVTRSBBTkQgTU9ESUZZIElUIEFTIE5FQ0VTU0FSWSAhISENCiMgDQojIFRoaXMgY29uZmlndXJhdGlvbiBmaWxlIGlzIGF1dG8tZ2VuZXJhdGVkLiBZb3UgbWlnaHQgdXNlIHRoaXMgY29uZmlnIGZpbGUNCiMgaW4gb3JkZXIgdG8gY29ubmVjdCB0byB0aGUgUGFja2V0aVggVlBOIC8gU29mdEV0aGVyIFZQTiBTZXJ2ZXIuDQojIEhvd2V2ZXIsIGJlZm9yZSB5b3UgdHJ5IGl0LCB5b3Ugc2hvdWxkIHJldmlldyB0aGUgZGVzY3JpcHRpb25zIG9mIHRoZSBmaWxlDQojIHRvIGRldGVybWluZSB0aGUgbmVjZXNzaXR5IHRvIG1vZGlmeSB0byBzdWl0YWJsZSBmb3IgeW91ciByZWFsIGVudmlyb25tZW50Lg0KIyBJZiBuZWNlc3NhcnksIHlvdSBoYXZlIHRvIG1vZGlmeSBhIGxpdHRsZSBhZGVxdWF0ZWx5IG9uIHRoZSBmaWxlLg0KIyBGb3IgZXhhbXBsZSwgdGhlIElQIGFkZHJlc3Mgb3IgdGhlIGhvc3RuYW1lIGFzIGEgZGVzdGluYXRpb24gVlBOIFNlcnZlcg0KIyBzaG91bGQgYmUgY29uZmlybWVkLg0KIyANCiMgTm90ZSB0aGF0IHRvIHVzZSBPcGVuVlBOIDIuMCwgeW91IGhhdmUgdG8gcHV0IHRoZSBjZXJ0aWZpY2F0aW9uIGZpbGUgb2YNCiMgdGhlIGRlc3RpbmF0aW9uIFZQTiBTZXJ2ZXIgb24gdGhlIE9wZW5WUE4gQ2xpZW50IGNvbXB1dGVyIHdoZW4geW91IHVzZSB0aGlzDQojIGNvbmZpZyBmaWxlLiBQbGVhc2UgcmVmZXIgdGhlIGJlbG93IGRlc2NyaXB0aW9ucyBjYXJlZnVsbHkuDQoNCg0KIyMjIyMjIyMjIyMjIyMjIyMjIyMjIyMjIyMjIyMjIyMjIyMjIyMjIyMjIyMjIyMjIyMjIyMjIyMjIyMjIyMjIyMjIyMjIyMjIyMjIyMjIw0KIyBTcGVjaWZ5IHRoZSB0eXBlIG9mIHRoZSBsYXllciBvZiB0aGUgVlBOIGNvbm5lY3Rpb24uDQojIA0KIyBUbyBjb25uZWN0IHRvIHRoZSBWUE4gU2VydmVyIGFzIGEgIlJlbW90ZS1BY2Nlc3MgVlBOIENsaWVudCBQQyIsDQojICBzcGVjaWZ5ICdkZXYgdHVuJy4gKExheWVyLTMgSVAgUm91dGluZyBNb2RlKQ0KIw0KIyBUbyBjb25uZWN0IHRvIHRoZSBWUE4gU2VydmVyIGFzIGEgYnJpZGdpbmcgZXF1aXBtZW50IG9mICJTaXRlLXRvLVNpdGUgVlBOIiwNCiMgIHNwZWNpZnkgJ2RldiB0YXAnLiAoTGF5ZXItMiBFdGhlcm5ldCBCcmlkZ2luZSBNb2RlKQ0KDQpkZXYgdHVuDQoNCg0KIyMjIyMjIyMjIyMjIyMjIyMjIyMjIyMjIyMjIyMjIyMjIyMjIyMjIyMjIyMjIyMjIyMjIyMjIyMjIyMjIyMjIyMjIyMjIyMjIyMjIyMjIw0KIyBTcGVjaWZ5IHRoZSB1bmRlcmx5aW5nIHByb3RvY29sIGJleW9uZCB0aGUgSW50ZXJuZXQuDQojIE5vdGUgdGhhdCB0aGlzIHNldHRpbmcgbXVzdCBiZSBjb3JyZXNwb25kIHdpdGggdGhlIGxpc3RlbmluZyBzZXR0aW5nIG9uDQojIHRoZSBWUE4gU2VydmVyLg0KIyANCiMgU3BlY2lmeSBlaXRoZXIgJ3Byb3RvIHRjcCcgb3IgJ3Byb3RvIHVkcCcuDQoNCnByb3RvIHRjcA0KDQoNCiMjIyMjIyMjIyMjIyMjIyMjIyMjIyMjIyMjIyMjIyMjIyMjIyMjIyMjIyMjIyMjIyMjIyMjIyMjIyMjIyMjIyMjIyMjIyMjIyMjIyMjIyMNCiMgVGhlIGRlc3RpbmF0aW9uIGhvc3RuYW1lIC8gSVAgYWRkcmVzcywgYW5kIHBvcnQgbnVtYmVyIG9mDQojIHRoZSB0YXJnZXQgVlBOIFNlcnZlci4NCiMgDQojIFlvdSBoYXZlIHRvIHNwZWNpZnkgYXMgJ3JlbW90ZSA8SE9TVE5BTUU+IDxQT1JUPicuIFlvdSBjYW4gYWxzbw0KIyBzcGVjaWZ5IHRoZSBJUCBhZGRyZXNzIGluc3RlYWQgb2YgdGhlIGhvc3RuYW1lLg0KIyANCiMgTm90ZSB0aGF0IHRoZSBhdXRvLWdlbmVyYXRlZCBiZWxvdyBob3N0bmFtZSBhcmUgYSAiYXV0by1kZXRlY3RlZA0KIyBJUCBhZGRyZXNzIiBvZiB0aGUgVlBOIFNlcnZlci4gWW91IGhhdmUgdG8gY29uZmlybSB0aGUgY29ycmVjdG5lc3MNCiMgYmVmb3JlaGFuZC4NCiMgDQojIFdoZW4geW91IHdhbnQgdG8gY29ubmVjdCB0byB0aGUgVlBOIFNlcnZlciBieSB1c2luZyBUQ1AgcHJvdG9jb2wsDQojIHRoZSBwb3J0IG51bWJlciBvZiB0aGUgZGVzdGluYXRpb24gVENQIHBvcnQgc2hvdWxkIGJlIHNhbWUgYXMgb25lIG9mDQojIHRoZSBhdmFpbGFibGUgVENQIGxpc3RlbmVycyBvbiB0aGUgVlBOIFNlcnZlci4NCiMgDQojIFdoZW4geW91IHVzZSBVRFAgcHJvdG9jb2wsIHRoZSBwb3J0IG51bWJlciBtdXN0IHNhbWUgYXMgdGhlIGNvbmZpZ3VyYXRpb24NCiMgc2V0dGluZyBvZiAiT3BlblZQTiBTZXJ2ZXIgQ29tcGF0aWJsZSBGdW5jdGlvbiIgb24gdGhlIFZQTiBTZXJ2ZXIuDQoNCnJlbW90ZSAxNzUuMTIxLjgyLjMxIDk5NQ0KDQoNCiMjIyMjIyMjIyMjIyMjIyMjIyMjIyMjIyMjIyMjIyMjIyMjIyMjIyMjIyMjIyMjIyMjIyMjIyMjIyMjIyMjIyMjIyMjIyMjIyMjIyMjIyMNCiMgVGhlIEhUVFAvSFRUUFMgcHJveHkgc2V0dGluZy4NCiMgDQojIE9ubHkgaWYgeW91IGhhdmUgdG8gdXNlIHRoZSBJbnRlcm5ldCB2aWEgYSBwcm94eSwgdW5jb21tZW50IHRoZSBiZWxvdw0KIyB0d28gbGluZXMgYW5kIHNwZWNpZnkgdGhlIHByb3h5IGFkZHJlc3MgYW5kIHRoZSBwb3J0IG51bWJlci4NCiMgSW4gdGhlIGNhc2Ugb2YgdXNpbmcgcHJveHktYXV0aGVudGljYXRpb24sIHJlZmVyIHRoZSBPcGVuVlBOIG1hbnVhbC4NCg0KO2h0dHAtcHJveHktcmV0cnkNCjtodHRwLXByb3h5IFtwcm94eSBzZXJ2ZXJdIFtwcm94eSBwb3J0XQ0KDQoNCiMjIyMjIyMjIyMjIyMjIyMjIyMjIyMjIyMjIyMjIyMjIyMjIyMjIyMjIyMjIyMjIyMjIyMjIyMjIyMjIyMjIyMjIyMjIyMjIyMjIyMjIyMNCiMgVGhlIGVuY3J5cHRpb24gYW5kIGF1dGhlbnRpY2F0aW9uIGFsZ29yaXRobS4NCiMgDQojIERlZmF1bHQgc2V0dGluZyBpcyBnb29kLiBNb2RpZnkgaXQgYXMgeW91IHByZWZlci4NCiMgV2hlbiB5b3Ugc3BlY2lmeSBhbiB1bnN1cHBvcnRlZCBhbGdvcml0aG0sIHRoZSBlcnJvciB3aWxsIG9jY3VyLg0KIyANCiMgVGhlIHN1cHBvcnRlZCBhbGdvcml0aG1zIGFyZSBhcyBmb2xsb3dzOg0KIyAgY2lwaGVyOiBbTlVMTC1DSVBIRVJdIE5VTEwgQUVTLTEyOC1DQkMgQUVTLTE5Mi1DQkMgQUVTLTI1Ni1DQkMgQkYtQ0JDDQojICAgICAgICAgIENBU1QtQ0JDIENBU1Q1LUNCQyBERVMtQ0JDIERFUy1FREUtQ0JDIERFUy1FREUzLUNCQyBERVNYLUNCQw0KIyAgICAgICAgICBSQzItNDAtQ0JDIFJDMi02NC1DQkMgUkMyLUNCQw0KIyAgYXV0aDogICBTSEEgU0hBMSBNRDUgTUQ0IFJNRDE2MA0KDQpjaXBoZXIgQUVTLTEyOC1DQkMNCmF1dGggU0hBMQ0KDQoNCiMjIyMjIyMjIyMjIyMjIyMjIyMjIyMjIyMjIyMjIyMjIyMjIyMjIyMjIyMjIyMjIyMjIyMjIyMjIyMjIyMjIyMjIyMjIyMjIyMjIyMjIyMNCiMgT3RoZXIgcGFyYW1ldGVycyBuZWNlc3NhcnkgdG8gY29ubmVjdCB0byB0aGUgVlBOIFNlcnZlci4NCiMgDQojIEl0IGlzIG5vdCByZWNvbW1lbmRlZCB0byBtb2RpZnkgaXQgdW5sZXNzIHlvdSBoYXZlIGEgcGFydGljdWxhciBuZWVkLg0KDQpyZXNvbHYtcmV0cnkgaW5maW5pdGUNCm5vYmluZA0KcGVyc2lzdC1rZXkNCnBlcnNpc3QtdHVuDQpjbGllbnQNCnZlcmIgMw0KI2F1dGgtdXNlci1wYXNzDQoNCg0KIyMjIyMjIyMjIyMjIyMjIyMjIyMjIyMjIyMjIyMjIyMjIyMjIyMjIyMjIyMjIyMjIyMjIyMjIyMjIyMjIyMjIyMjIyMjIyMjIyMjIyMjIw0KIyBUaGUgY2VydGlmaWNhdGUgZmlsZSBvZiB0aGUgZGVzdGluYXRpb24gVlBOIFNlcnZlci4NCiMgDQojIFRoZSBDQSBjZXJ0aWZpY2F0ZSBmaWxlIGlzIGVtYmVkZGVkIGluIHRoZSBpbmxpbmUgZm9ybWF0Lg0KIyBZb3UgY2FuIHJlcGxhY2UgdGhpcyBDQSBjb250ZW50cyBpZiBuZWNlc3NhcnkuDQojIFBsZWFzZSBub3RlIHRoYXQgaWYgdGhlIHNlcnZlciBjZXJ0aWZpY2F0ZSBpcyBub3QgYSBzZWxmLXNpZ25lZCwgeW91IGhhdmUgdG8NCiMgc3BlY2lmeSB0aGUgc2lnbmVyJ3Mgcm9vdCBjZXJ0aWZpY2F0ZSAoQ0EpIGhlcmUuDQoNCjxjYT4NCi0tLS0tQkVHSU4gQ0VSVElGSUNBVEUtLS0tLQ0KTUlJRmF6Q0NBMU9nQXdJQkFnSVJBSUlRejdEU1FPTlpSR1BndTJPQ2l3QXdEUVlKS29aSWh2Y05BUUVMQlFBdw0KVHpFTE1Ba0dBMVVFQmhNQ1ZWTXhLVEFuQmdOVkJBb1RJRWx1ZEdWeWJtVjBJRk5sWTNWeWFYUjVJRkpsYzJWaA0KY21Ob0lFZHliM1Z3TVJVd0V3WURWUVFERXd4SlUxSkhJRkp2YjNRZ1dERXdIaGNOTVRVd05qQTBNVEV3TkRNNA0KV2hjTk16VXdOakEwTVRFd05ETTRXakJQTVFzd0NRWURWUVFHRXdKVlV6RXBNQ2NHQTFVRUNoTWdTVzUwWlhKdQ0KWlhRZ1UyVmpkWEpwZEhrZ1VtVnpaV0Z5WTJnZ1IzSnZkWEF4RlRBVEJnTlZCQU1UREVsVFVrY2dVbTl2ZENCWQ0KTVRDQ0FpSXdEUVlKS29aSWh2Y05BUUVCQlFBRGdnSVBBRENDQWdvQ2dnSUJBSzNvSkhQMEZEZnptNTRyVnlnYw0KaDc3Y3Q5ODRrSXh1UE9aWG9IajNkY0tpL3ZWcWJ2WUFUeWpiM21pR2JFU1R0ckZqL1JRU2E3OGYwdW94bXlGKw0KMFRNOHVrajEzWG5mczdqL0V2RWhta3ZCaW9aeGFVcG1abXlQZmp4d3Y2MHBJZ2J6NU1EbWdLN2lTNCszbVg2VQ0KQTUvVFI1ZDhtVWdqVStnNHJrOEtiNE11MFVsWGpJQjB0dG92MERpTmV3TndJUnQxOGpBOCtvK3UzZHBqcStzVw0KVDhLT0VVdCt6d3ZvLzdWM0x2U3llMHJnVEJJbERIQ05BeW1nNFZNazdCUFo3aG0vRUxOS2pEK0pvMkZSM3F5SA0KQjVUMFkzSHNMdUp2VzVpQjRZbGNOSGxzZHU4N2tHSjU1dHVrbWk4bXhkQVE0UTdlMlJDT0Z2dTM5NmozeCtVQw0KQjVpUE5naVY1K0kzbGcwMmRaNzdEbkt4SFp1OEEvbEpCZGlCM1FXMEt0WkI2YXdCZHBVS0Q5amYxYjBTSHpVdg0KS0JkczBwakJxQWxrZDI1SE43ck9yRmxlYUoxL2N0YUp4UVpCS1Q1WlB0MG05U1RKRWFkYW8weEFIMGFobWJXbg0KT2xGdWhqdWVmWEtuRWdWNFdlMCtVWGdWQ3dPUGpkQXZCYkkrZTBvY1MzTUZFdnpHNnVCUUUzeERrM1N6eW5Ubg0Kamg4QkNOQXcxRnR4TnJRSHVzRXdNRnhJdDRJN21LWjlZSXFpb3ltQ3pMcTlnd1Fib29NRFFhSFdCZkVid3Jidw0KcUh5R08wYW9TQ3FJM0hhYWRyOGZhcVU5R1kvck9QTmszc2dyRFFvby8vZmI0aFZDMUNMUUoxM2hlZjRZNTNDSQ0KclU3bTJZczZ4dDBuVVc3L3ZHVDFNME5QQWdNQkFBR2pRakJBTUE0R0ExVWREd0VCL3dRRUF3SUJCakFQQmdOVg0KSFJNQkFmOEVCVEFEQVFIL01CMEdBMVVkRGdRV0JCUjV0Rm5tZTdibDVBRnpnQWlJeUJwWTl1bWJiakFOQmdrcQ0KaGtpRzl3MEJBUXNGQUFPQ0FnRUFWUjlZcWJ5eXFGRFFETEhZR21rZ0p5a0lyR0YxWElwdStJTGxhUy9WOWxaTA0KdWJoekVGblRJWmQrNTB4eCs3TFNZSzA1cUF2cUZ5RldoZkZRRGxucnp1Qlo2YnJKRmUrR25ZK0VnUGJrNlpHUQ0KM0JlYllodEY4R2FWMG54dnd1bzc3eC9QeTlhdUovR3BzTWl1L1gxK212b2lCT3YvMlgvcWtTc2lzUmNPai9LSw0KTkZ0WTJQd0J5VlM1dUNiTWlvZ3ppVXd0aER5QzMrNldWd1c2TEx2M3hMZkhUanVDdmpISUluTnprdEhDZ0tRNQ0KT1JBekk0Sk1QSitHc2xXWUhiNHBob3dpbTU3aWF6dFhPb0p3VGR3Sng0bkxDZ2ROYk9oZGpzbnZ6cXZIdTdVcg0KVGtYV1N0QW16T1Z5eWdocXBaWGpGYUgzcE8zSkxGK2wrLytzS0FJdXZ0ZDd1K054ZTVBVzB3ZGVSbE44TndkQw0Kak5QRWxwelZtYlVxNEpVYWdFaXVURGtIenN4SHBGS1ZLN3E0KzYzU00xTjk1UjFOYmRXaHNjZENiK1pBSnpWYw0Kb3lpM0I0M25qVE9RNXlPZisxQ2NlV3hHMWJRVnM1WnVmcHNNbGpxNFVpMC8xbHZoK3dqQ2hQNGtxS09KMnF4cQ0KNFJncXNhaERZVnZUSDl3N2pYYnlMZWlOZGQ4WE0ydzlVL3Q3eTBGZi85eWkwR0U0NFphNHJGMkxOOWQxMVRQQQ0KbVJHdW5VSEJjbldFdmdKQlFsOW5KRWlVMFpzbnZnYy91YmhQZ1hSUjRYcTM3WjBqNHI3ZzFTZ0VFend4QTU3ZA0KZW15UHhnY1l4bi9lUjQ0L0tKNEVCcytsVkRSM3ZleUptK2tYUTk5YjIxLytqaDVYb3MxQW5YNWlJdHJlR0NjPQ0KLS0tLS1FTkQgQ0VSVElGSUNBVEUtLS0tLQ0KDQo8L2NhPg0KDQoNCiMjIyMjIyMjIyMjIyMjIyMjIyMjIyMjIyMjIyMjIyMjIyMjIyMjIyMjIyMjIyMjIyMjIyMjIyMjIyMjIyMjIyMjIyMjIyMjIyMjIyMjIyMNCiMgVGhlIGNsaWVudCBjZXJ0aWZpY2F0ZSBmaWxlIChkdW1teSkuDQojIA0KIyBJbiBzb21lIGltcGxlbWVudGF0aW9ucyBvZiBPcGVuVlBOIENsaWVudCBzb2Z0d2FyZQ0KIyAoZm9yIGV4YW1wbGU6IE9wZW5WUE4gQ2xpZW50IGZvciBpT1MpLA0KIyBhIHBhaXIgb2YgY2xpZW50IGNlcnRpZmljYXRlIGFuZCBwcml2YXRlIGtleSBtdXN0IGJlIGluY2x1ZGVkIG9uIHRoZQ0KIyBjb25maWd1cmF0aW9uIGZpbGUgZHVlIHRvIHRoZSBsaW1pdGF0aW9uIG9mIHRoZSBjbGllbnQuDQojIFNvIHRoaXMgc2FtcGxlIGNvbmZpZ3VyYXRpb24gZmlsZSBoYXMgYSBkdW1teSBwYWlyIG9mIGNsaWVudCBjZXJ0aWZpY2F0ZQ0KIyBhbmQgcHJpdmF0ZSBrZXkgYXMgZm9sbG93cy4NCg0KPGNlcnQ+DQotLS0tLUJFR0lOIENFUlRJRklDQVRFLS0tLS0NCk1JSUN4akNDQWE0Q0FRQXdEUVlKS29aSWh2Y05BUUVGQlFBd0tURWFNQmdHQTFVRUF4TVJWbEJPUjJGMFpVTnMNCmFXVnVkRU5sY25ReEN6QUpCZ05WQkFZVEFrcFFNQjRYRFRFek1ESXhNVEF6TkRrME9Wb1hEVE0zTURFeE9UQXoNCk1UUXdOMW93S1RFYU1CZ0dBMVVFQXhNUlZsQk9SMkYwWlVOc2FXVnVkRU5sY25ReEN6QUpCZ05WQkFZVEFrcFENCk1JSUJJakFOQmdrcWhraUc5dzBCQVFFRkFBT0NBUThBTUlJQkNnS0NBUUVBNWgybGdRUVlVandvS1lKYnpWWkENCjVWY0lHZDVvdFBjL3FaUk10MEtJdENGQTBzOVJ3UmVOVmE5ZkRSRkxSQmhjSVRPbHYzRkJjVzNFOGgxVXM3UkQNCjRXOEdtSmU4emFwSm5Mc0QzOU9TTVJDelpKbmN6VzRPQ0gxUFpSWldLcUR0amxOY2E5QUY4YTY1alRtbER4Q1ENCkNqbnRMSVdrNU9MTFZrRnQ5L3RTY2MxR0R0Y2k1NW9maGFOQVlNUGlIN1Y4KzFnNjZwR0hYQW9XSzZBUVZINjcNClhDS0puR0I1bmxRK0hzTVlQVi9PNDlMZDkxWk4vMnRIa2NhTEx5TnR5d3hWUFJTc1JoNDgwamp1MGZjQ3N2NmgNCnAvMHlYblRCLy9tV3V0QkdwZFVsSWJ3aUlUYkFtcnNiWW5qaWdSdm5QcVgxUk5KVWJpOUZwNkMyYy9ISUZKR0QNCnl3SURBUUFCTUEwR0NTcUdTSWIzRFFFQkJRVUFBNElCQVFDaE81aGdjdy80b1dmb0VGTHU5a0JhMUIvL2t4SDgNCmhRa0NoVk5uOEJSQzdZMFVSUWl0UGwzREtFZWQ5VVJCRGRnMktPQXo3N2JiNkVOUGlsaUQrYTM4VUpISVJNcWUNClVCSGhsbE9ISXp2RGhIRmJhb3ZBTEJRY2VlQnpka1F4c0tRRVNLbVFtUjgzMjk1MFVDb3ZveVJCNjFVeUFWN2gNCittWmhZUEdSS1hLU0pJNnMwRWdnL0NyaStDd2s0YmpKZnJiNWhWc2UxMXloNEQ5TUhod1NmQ09IKzB6NGhQVVQNCkZrdTdkR2F2VVJPNVNWeE1uL3NMNkVuNUQrb1NlWGthZEhwRHMrQWlyeW0yWUhoMTVoMCtqUFNPb1I2eWlWcC8NCjZ6WmVaa3JONDNrdVM3M0twS0RGamZGUGg4dDRyMWdPSWp0dGtOY1FxQmNjdXNucGxRN0hKcHNrDQotLS0tLUVORCBDRVJUSUZJQ0FURS0tLS0tDQoNCjwvY2VydD4NCg0KPGtleT4NCi0tLS0tQkVHSU4gUlNBIFBSSVZBVEUgS0VZLS0tLS0NCk1JSUVwQUlCQUFLQ0FRRUE1aDJsZ1FRWVVqd29LWUpielZaQTVWY0lHZDVvdFBjL3FaUk10MEtJdENGQTBzOVINCndSZU5WYTlmRFJGTFJCaGNJVE9sdjNGQmNXM0U4aDFVczdSRDRXOEdtSmU4emFwSm5Mc0QzOU9TTVJDelpKbmMNCnpXNE9DSDFQWlJaV0txRHRqbE5jYTlBRjhhNjVqVG1sRHhDUUNqbnRMSVdrNU9MTFZrRnQ5L3RTY2MxR0R0Y2kNCjU1b2ZoYU5BWU1QaUg3VjgrMWc2NnBHSFhBb1dLNkFRVkg2N1hDS0puR0I1bmxRK0hzTVlQVi9PNDlMZDkxWk4NCi8ydEhrY2FMTHlOdHl3eFZQUlNzUmg0ODBqanUwZmNDc3Y2aHAvMHlYblRCLy9tV3V0QkdwZFVsSWJ3aUlUYkENCm1yc2JZbmppZ1J2blBxWDFSTkpVYmk5RnA2QzJjL0hJRkpHRHl3SURBUUFCQW9JQkFFUlY3WDVBdnhBOHVSaUsNCms4U0lwc0QwZFgxcEpPTUl3YWtVVnl2YzRFZk4wRGhLUk5iNHJZb1NpRUdUTHl6THB5QmMvQTI4RGxrbTVlT1kNCmZqelhmWWtHdFlpL0Z0eGtnM085dmNyTVE0KzZpK3VHSGFJTDJyTCtzNE1yZk84djF4djYrV2t5MzNFRUdDb3UNClFpd1ZHUkZRWG5Sb1E2Mk5CQ0ZiVU5MaG1Yd2RqMWFrWnpMVTRwNVI0ekEzUWhkeHdFSWF0Vkx0MCs3b3dMUTMNCmxQOHNmWGhwcFBPWGpUcU1ENFFrWXd6UEFhOC96RjdhY240a3J5clVQN1E2UEFmZDB6RVZxTnk5WkNaOWZmaG8NCnpYZWRGajQ4NklGb2M1Z25UcDJONmpzblZqNExDR0lobFZIbFlHb3pLS0ZxSmNRVkdzSENxcTFvejJ6alc2TFMNCm9SWUlIZ0VDZ1lFQTh6WnJrQ3dOWVNYSnVPREozbS9oT0xWeGN4Z0p1d1hvaUVyV2QwRTQydlBhbmpqVk1obnQNCktZNWw4cUdNSjZGaEs5TFl4MnFDcmYvRTBYdFVBWjJ3VnEzT1JUeUduc01XcmU5dExZczU1WCtaTjEwVGM3NXoNCjRoYWNiVTBocUtOMUhpRG1zTVJZMy8yTmFaSG95N01LbndKSkJhRzQ4bDlDQ1RsVndNSG9jSUVDZ1lFQThqYnkNCmRHanhUSCs2WEhXTml6YjVTUmJaeEFueUVlSmVSd1RNaDBnR3p3R1BwSC9zWllHenl1MFN5U1hXQ25aaDNSZ3ENCjV1TGxOeHRyWHJsalpseWkyblFkUWdzcTJZcldVczAremdVKzIydVFzWnBTQWZ0bWhWcnR2ZXQ2TWpWamJCeVkNCkRBRGNpRVZVZEpZSVhrK3FuRlVKeWVyb0xJa1RqN1dZS1o2Umprc0NnWUJvQ0ZJd1JEZWc0Mm9LODlSRm1uT3INCkx5bU5BcTQrMm9NaHNXbFZiNGVqV0lXZUFrOW5jK0dYVWZyWHN6UmhTMDFtVW5VNXI1eWdVdlJjYXJWL1QzVTcNClRuTVorSTdZNERnV1JJRGQ1MXpuaHhJQnRZVjVqL0MvdDg1SGpxT2tIKzhiNlJUa2JjaGFYM21hdTdmcFVmZHMNCkZxMG5oSXE0MmZoRU84c3JmWVl3Z1FLQmdRQ3loaTFOLzh0YVJ3cGsrMy9JREV6UXdqYmZkelVrV1dTRGs5WHMNCkgvcGt1UkhXZlRNUDNmbFdxRVlnVy9MVzQwcGVXMkhEcTVpbWRWOCtBZ1p4ZS9YTWJhamk5TGd3ZjFSWTAwNW4NCkt4YVpRejd5cUh1cFdsTEdGNjhEUEh4a1pWVlNhZ0RuVi9zenRXWDZTRnNDcUZWbnhJWGlmWEdDNGNXNU5tOWcNCnZhOHE0UUtCZ1FDRWhMVmVVZmR3S3ZrWjk0Zy9HRno3MzFaMmhyZFZoZ01aYVUvdTZ0MFY5NStZZXpQTkNRWkINCndtRTlNbWxicTFlbURlUk9pdmpDZm9HaFIza1pYVzFwVEtsTGg2Wk1VUVVPcHB0ZFh2YThYeGZvcVF3YTNlbkENCk03bXVCYkYwWE43Vk84MGlKUHYrUG1JWmRFSUFrcHdLZmkyMDFZQitCYWZDSXVHeElGNTBWZz09DQotLS0tLUVORCBSU0EgUFJJVkFURSBLRVktLS0tLQ0KDQo8L2tleT4NCg0K
public-vpn-39,219.100.37.3,1461748,14,1489229837,Japan,JP,200,1076279918,19149750,1321037796905102,2weeks,Daiyuu Nobori_ Japan. Academic Use Only.,,IyMjIyMjIyMjIyMjIyMjIyMjIyMjIyMjIyMjIyMjIyMjIyMjIyMjIyMjIyMjIyMjIyMjIyMjIyMjIyMjIyMjIyMjIyMjIyMjIyMjIyMjIw0KIyBPcGVuVlBOIDIuMCBTYW1wbGUgQ29uZmlndXJhdGlvbiBGaWxlDQojIGZvciBQYWNrZXRpWCBWUE4gLyBTb2Z0RXRoZXIgVlBOIFNlcnZlcg0KIyANCiMgISEhIEFVVE8tR0VORVJBVEVEIEJZIFNPRlRFVEhFUiBWUE4gU0VSVkVSIE1BTkFHRU1FTlQgVE9PTCAhISENCiMgDQojICEhISBZT1UgSEFWRSBUTyBSRVZJRVcgSVQgQkVGT1JFIFVTRSBBTkQgTU9ESUZZIElUIEFTIE5FQ0VTU0FSWSAhISENCiMgDQojIFRoaXMgY29uZmlndXJhdGlvbiBmaWxlIGlzIGF1dG8tZ2VuZXJhdGVkLiBZb3UgbWlnaHQgdXNlIHRoaXMgY29uZmlnIGZpbGUNCiMgaW4gb3JkZXIgdG8gY29ubmVjdCB0byB0aGUgUGFja2V0aVggVlBOIC8gU29mdEV0aGVyIFZQTiBTZXJ2ZXIuDQojIEhvd2V2ZXIsIGJlZm9yZSB5b3UgdHJ5IGl0LCB5b3Ugc2hvdWxkIHJldmlldyB0aGUgZGVzY3JpcHRpb25zIG9mIHRoZSBmaWxlDQojIHRvIGRldGVybWluZSB0aGUgbmVjZXNzaXR5IHRvIG1vZGlmeSB0byBzdWl0YWJsZSBmb3IgeW91ciByZWFsIGVudmlyb25tZW50Lg0KIyBJZiBuZWNlc3NhcnksIHlvdSBoYXZlIHRvIG1vZGlmeSBhIGxpdHRsZSBhZGVxdWF0ZWx5IG9uIHRoZSBmaWxlLg0KIyBGb3IgZXhhbXBsZSwgdGhlIElQIGFkZHJlc3Mgb3IgdGhlIGhvc3RuYW1lIGFzIGEgZGVzdGluYXRpb24gVlBOIFNlcnZlcg0KIyBzaG91bGQgYmUgY29uZmlybWVkLg0KIyANCiMgTm90ZSB0aGF0IHRvIHVzZSBPcGVuVlBOIDIuMCwgeW91IGhhdmUgdG8gcHV0IHRoZSBjZXJ0aWZpY2F0aW9uIGZpbGUgb2YNCiMgdGhlIGRlc3RpbmF0aW9uIFZQTiBTZXJ2ZXIgb24gdGhlIE9wZW5WUE4gQ2xpZW50IGNvbXB1dGVyIHdoZW4geW91IHVzZSB0aGlzDQojIGNvbmZpZyBmaWxlLiBQbGVhc2UgcmVmZXIgdGhlIGJlbG93IGRlc2NyaXB0aW9ucyBjYXJlZnVsbHkuDQoNCg0KIyMjIyMjIyMjIyMjIyMjIyMjIyMjIyMjIyMjIyMjIyMjIyMjIyMjIyMjIyMjIyMjIyMjIyMjIyMjIyMjIyMjIyMjIyMjIyMjIyMjIyMjIw0KIyBTcGVjaWZ5IHRoZSB0eXBlIG9mIHRoZSBsYXllciBvZiB0aGUgVlBOIGNvbm5lY3Rpb24uDQojIA0KIyBUbyBjb25uZWN0IHRvIHRoZSBWUE4gU2VydmVyIGFzIGEgIlJlbW90ZS1BY2Nlc3MgVlBOIENsaWVudCBQQyIsDQojICBzcGVjaWZ5ICdkZXYgdHVuJy4gKExheWVyLTMgSVAgUm91dGluZyBNb2RlKQ0KIw0KIyBUbyBjb25uZWN0IHRvIHRoZSBWUE4gU2VydmVyIGFzIGEgYnJpZGdpbmcgZXF1aXBtZW50IG9mICJTaXRlLXRvLVNpdGUgVlBOIiwNCiMgIHNwZWNpZnkgJ2RldiB0YXAnLiAoTGF5ZXItMiBFdGhlcm5ldCBCcmlkZ2luZSBNb2RlKQ0KDQpkZXYgdHVuDQoNCg0KIyMjIyMjIyMjIyMjIyMjIyMjIyMjIyMjIyMjIyMjIyMjIyMjIyMjIyMjIyMjIyMjIyMjIyMjIyMjIyMjIyMjIyMjIyMjIyMjIyMjIyMjIw0KIyBTcGVjaWZ5IHRoZSB1bmRlcmx5aW5nIHByb3RvY29sIGJleW9uZCB0aGUgSW50ZXJuZXQuDQojIE5vdGUgdGhhdCB0aGlzIHNldHRpbmcgbXVzdCBiZSBjb3JyZXNwb25kIHdpdGggdGhlIGxpc3RlbmluZyBzZXR0aW5nIG9uDQojIHRoZSBWUE4gU2VydmVyLg0KIyANCiMgU3BlY2lmeSBlaXRoZXIgJ3Byb3RvIHRjcCcgb3IgJ3Byb3RvIHVkcCcuDQoNCnByb3RvIHRjcA0KDQoNCiMjIyMjIyMjIyMjIyMjIyMjIyMjIyMjIyMjIyMjIyMjIyMjIyMjIyMjIyMjIyMjIyMjIyMjIyMjIyMjIyMjIyMjIyMjIyMjIyMjIyMjIyMNCiMgVGhlIGRlc3RpbmF0aW9uIGhvc3RuYW1lIC8gSVAgYWRkcmVzcywgYW5kIHBvcnQgbnVtYmVyIG9mDQojIHRoZSB0YXJnZXQgVlBOIFNlcnZlci4NCiMgDQojIFlvdSBoYXZlIHRvIHNwZWNpZnkgYXMgJ3JlbW90ZSA8SE9TVE5BTUU+IDxQT1JUPicuIFlvdSBjYW4gYWxzbw0KIyBzcGVjaWZ5IHRoZSBJUCBhZGRyZXNzIGluc3RlYWQgb2YgdGhlIGhvc3RuYW1lLg0KIyANCiMgTm90ZSB0aGF0IHRoZSBhdXRvLWdlbmVyYXRlZCBiZWxvdyBob3N0bmFtZSBhcmUgYSAiYXV0by1kZXRlY3RlZA0KIyBJUCBhZGRyZXNzIiBvZiB0aGUgVlBOIFNlcnZlci4gWW91IGhhdmUgdG8gY29uZmlybSB0aGUgY29ycmVjdG5lc3MNCiMgYmVmb3JlaGFuZC4NCiMgDQojIFdoZW4geW91IHdhbnQgdG8gY29ubmVjdCB0byB0aGUgVlBOIFNlcnZlciBieSB1c2luZyBUQ1AgcHJvdG9jb2wsDQojIHRoZSBwb3J0IG51bWJlciBvZiB0aGUgZGVzdGluYXRpb24gVENQIHBvcnQgc2hvdWxkIGJlIHNhbWUgYXMgb25lIG9mDQojIHRoZSBhdmFpbGFibGUgVENQIGxpc3RlbmVycyBvbiB0aGUgVlBOIFNlcnZlci4NCiMgDQojIFdoZW4geW91IHVzZSBVRFAgcHJvdG9jb2wsIHRoZSBwb3J0IG51bWJlciBtdXN0IHNhbWUgYXMgdGhlIGNvbmZpZ3VyYXRpb24NCiMgc2V0dGluZyBvZiAiT3BlblZQTiBTZXJ2ZXIgQ29tcGF0aWJsZSBGdW5jdGlvbiIgb24gdGhlIFZQTiBTZXJ2ZXIuDQoNCnJlbW90ZSAyMTkuMTAwLjM3LjMgNDQzDQoNCg0KIyMjIyMjIyMjIyMjIyMjIyMjIyMjIyMjIyMjIyMjIyMjIyMjIyMjIyMjIyMjIyMjIyMjIyMjIyMjIyMjIyMjIyMjIyMjIyMjIyMjIyMjIw0KIyBUaGUgSFRUUC9IVFRQUyBwcm94eSBzZXR0aW5nLg0KIyANCiMgT25seSBpZiB5b3UgaGF2ZSB0byB1c2UgdGhlIEludGVybmV0IHZpYSBhIHByb3h5LCB1bmNvbW1lbnQgdGhlIGJlbG93DQojIHR3byBsaW5lcyBhbmQgc3BlY2lmeSB0aGUgcHJveHkgYWRkcmVzcyBhbmQgdGhlIHBvcnQgbnVtYmVyLg0KIyBJbiB0aGUgY2FzZSBvZiB1c2luZyBwcm94eS1hdXRoZW50aWNhdGlvbiwgcmVmZXIgdGhlIE9wZW5WUE4gbWFudWFsLg0KDQo7aHR0cC1wcm94eS1yZXRyeQ0KO2h0dHAtcHJveHkgW3Byb3h5IHNlcnZlcl0gW3Byb3h5IHBvcnRdDQoNCg0KIyMjIyMjIyMjIyMjIyMjIyMjIyMjIyMjIyMjIyMjIyMjIyMjIyMjIyMjIyMjIyMjIyMjIyMjIyMjIyMjIyMjIyMjIyMjIyMjIyMjIyMjIw0KIyBUaGUgZW5jcnlwdGlvbiBhbmQgYXV0aGVudGljYXRpb24gYWxnb3JpdGhtLg0KIyANCiMgRGVmYXVsdCBzZXR0aW5nIGlzIGdvb2QuIE1vZGlmeSBpdCBhcyB5b3UgcHJlZmVyLg0KIyBXaGVuIHlvdSBzcGVjaWZ5IGFuIHVuc3VwcG9ydGVkIGFsZ29yaXRobSwgdGhlIGVycm9yIHdpbGwgb2NjdXIuDQojIA0KIyBUaGUgc3VwcG9ydGVkIGFsZ29yaXRobXMgYXJlIGFzIGZvbGxvd3M6DQojICBjaXBoZXI6IFtOVUxMLUNJUEhFUl0gTlVMTCBBRVMtMTI4LUNCQyBBRVMtMTkyLUNCQyBBRVMtMjU2LUNCQyBCRi1DQkMNCiMgICAgICAgICAgQ0FTVC1DQkMgQ0FTVDUtQ0JDIERFUy1DQkMgREVTLUVERS1DQkMgREVTLUVERTMtQ0JDIERFU1gtQ0JDDQojICAgICAgICAgIFJDMi00MC1DQkMgUkMyLTY0LUNCQyBSQzItQ0JDDQojICBhdXRoOiAgIFNIQSBTSEExIE1ENSBNRDQgUk1EMTYwDQoNCmNpcGhlciBBRVMtMTI4LUNCQw0KYXV0aCBTSEExDQoNCg0KIyMjIyMjIyMjIyMjIyMjIyMjIyMjIyMjIyMjIyMjIyMjIyMjIyMjIyMjIyMjIyMjIyMjIyMjIyMjIyMjIyMjIyMjIyMjIyMjIyMjIyMjIw0KIyBPdGhlciBwYXJhbWV0ZXJzIG5lY2Vzc2FyeSB0byBjb25uZWN0IHRvIHRoZSBWUE4gU2VydmVyLg0KIyANCiMgSXQgaXMgbm90IHJlY29tbWVuZGVkIHRvIG1vZGlmeSBpdCB1bmxlc3MgeW91IGhhdmUgYSBwYXJ0aWN1bGFyIG5lZWQuDQoNCnJlc29sdi1yZXRyeSBpbmZpbml0ZQ0Kbm9iaW5kDQpwZXJzaXN0LWtleQ0KcGVyc2lzdC10dW4NCmNsaWVudA0KdmVyYiAzDQojYXV0aC11c2VyLXBhc3MNCg0KDQojIyMjIyMjIyMjIyMjIyMjIyMjIyMjIyMjIyMjIyMjIyMjIyMjIyMjIyMjIyMjIyMjIyMjIyMjIyMjIyMjIyMjIyMjIyMjIyMjIyMjIyMjDQojIFRoZSBjZXJ0aWZpY2F0ZSBmaWxlIG9mIHRoZSBkZXN0aW5hdGlvbiBWUE4gU2VydmVyLg0KIyANCiMgVGhlIENBIGNlcnRpZmljYXRlIGZpbGUgaXMgZW1iZWRkZWQgaW4gdGhlIGlubGluZSBmb3JtYXQuDQojIFlvdSBjYW4gcmVwbGFjZSB0aGlzIENBIGNvbnRlbnRzIGlmIG5lY2Vzc2FyeS4NCiMgUGxlYXNlIG5vdGUgdGhhdCBpZiB0aGUgc2VydmVyIGNlcnRpZmljYXRlIGlzIG5vdCBhIHNlbGYtc2lnbmVkLCB5b3UgaGF2ZSB0bw0KIyBzcGVjaWZ5IHRoZSBzaWduZXIncyByb290IGNlcnRpZmljYXRlIChDQSkgaGVyZS4NCg0KPGNhPg0KLS0tLS1CRUdJTiBDRVJUSUZJQ0FURS0tLS0tDQpNSUlGYXpDQ0ExT2dBd0lCQWdJUkFJSVF6N0RTUU9OWlJHUGd1Mk9DaXdBd0RRWUpLb1pJaHZjTkFRRUxCUUF3DQpUekVMTUFrR0ExVUVCaE1DVlZNeEtUQW5CZ05WQkFvVElFbHVkR1Z5Ym1WMElGTmxZM1Z5YVhSNUlGSmxjMlZoDQpjbU5vSUVkeWIzVndNUlV3RXdZRFZRUURFd3hKVTFKSElGSnZiM1FnV0RFd0hoY05NVFV3TmpBME1URXdORE00DQpXaGNOTXpVd05qQTBNVEV3TkRNNFdqQlBNUXN3Q1FZRFZRUUdFd0pWVXpFcE1DY0dBMVVFQ2hNZ1NXNTBaWEp1DQpaWFFnVTJWamRYSnBkSGtnVW1WelpXRnlZMmdnUjNKdmRYQXhGVEFUQmdOVkJBTVRERWxUVWtjZ1VtOXZkQ0JZDQpNVENDQWlJd0RRWUpLb1pJaHZjTkFRRUJCUUFEZ2dJUEFEQ0NBZ29DZ2dJQkFLM29KSFAwRkRmem01NHJWeWdjDQpoNzdjdDk4NGtJeHVQT1pYb0hqM2RjS2kvdlZxYnZZQVR5amIzbWlHYkVTVHRyRmovUlFTYTc4ZjB1b3hteUYrDQowVE04dWtqMTNYbmZzN2ovRXZFaG1rdkJpb1p4YVVwbVpteVBmanh3djYwcElnYno1TURtZ0s3aVM0KzNtWDZVDQpBNS9UUjVkOG1VZ2pVK2c0cms4S2I0TXUwVWxYaklCMHR0b3YwRGlOZXdOd0lSdDE4akE4K28rdTNkcGpxK3NXDQpUOEtPRVV0K3p3dm8vN1YzTHZTeWUwcmdUQklsREhDTkF5bWc0Vk1rN0JQWjdobS9FTE5LakQrSm8yRlIzcXlIDQpCNVQwWTNIc0x1SnZXNWlCNFlsY05IbHNkdTg3a0dKNTV0dWttaThteGRBUTRRN2UyUkNPRnZ1Mzk2ajN4K1VDDQpCNWlQTmdpVjUrSTNsZzAyZFo3N0RuS3hIWnU4QS9sSkJkaUIzUVcwS3RaQjZhd0JkcFVLRDlqZjFiMFNIelV2DQpLQmRzMHBqQnFBbGtkMjVITjdyT3JGbGVhSjEvY3RhSnhRWkJLVDVaUHQwbTlTVEpFYWRhbzB4QUgwYWhtYlduDQpPbEZ1aGp1ZWZYS25FZ1Y0V2UwK1VYZ1ZDd09QamRBdkJiSStlMG9jUzNNRkV2ekc2dUJRRTN4RGszU3p5blRuDQpqaDhCQ05BdzFGdHhOclFIdXNFd01GeEl0NEk3bUtaOVlJcWlveW1DekxxOWd3UWJvb01EUWFIV0JmRWJ3cmJ3DQpxSHlHTzBhb1NDcUkzSGFhZHI4ZmFxVTlHWS9yT1BOazNzZ3JEUW9vLy9mYjRoVkMxQ0xRSjEzaGVmNFk1M0NJDQpyVTdtMllzNnh0MG5VVzcvdkdUMU0wTlBBZ01CQUFHalFqQkFNQTRHQTFVZER3RUIvd1FFQXdJQkJqQVBCZ05WDQpIUk1CQWY4RUJUQURBUUgvTUIwR0ExVWREZ1FXQkJSNXRGbm1lN2JsNUFGemdBaUl5QnBZOXVtYmJqQU5CZ2txDQpoa2lHOXcwQkFRc0ZBQU9DQWdFQVZSOVlxYnl5cUZEUURMSFlHbWtnSnlrSXJHRjFYSXB1K0lMbGFTL1Y5bFpMDQp1Ymh6RUZuVElaZCs1MHh4KzdMU1lLMDVxQXZxRnlGV2hmRlFEbG5yenVCWjZickpGZStHblkrRWdQYms2WkdRDQozQmViWWh0RjhHYVYwbnh2d3VvNzd4L1B5OWF1Si9HcHNNaXUvWDErbXZvaUJPdi8yWC9xa1NzaXNSY09qL0tLDQpORnRZMlB3QnlWUzV1Q2JNaW9nemlVd3RoRHlDMys2V1Z3VzZMTHYzeExmSFRqdUN2akhJSW5Oemt0SENnS1E1DQpPUkF6STRKTVBKK0dzbFdZSGI0cGhvd2ltNTdpYXp0WE9vSndUZHdKeDRuTENnZE5iT2hkanNudnpxdkh1N1VyDQpUa1hXU3RBbXpPVnl5Z2hxcFpYakZhSDNwTzNKTEYrbCsvK3NLQUl1dnRkN3UrTnhlNUFXMHdkZVJsTjhOd2RDDQpqTlBFbHB6Vm1iVXE0SlVhZ0VpdVREa0h6c3hIcEZLVks3cTQrNjNTTTFOOTVSMU5iZFdoc2NkQ2IrWkFKelZjDQpveWkzQjQzbmpUT1E1eU9mKzFDY2VXeEcxYlFWczVadWZwc01sanE0VWkwLzFsdmgrd2pDaFA0a3FLT0oycXhxDQo0Umdxc2FoRFlWdlRIOXc3alhieUxlaU5kZDhYTTJ3OVUvdDd5MEZmLzl5aTBHRTQ0WmE0ckYyTE45ZDExVFBBDQptUkd1blVIQmNuV0V2Z0pCUWw5bkpFaVUwWnNudmdjL3ViaFBnWFJSNFhxMzdaMGo0cjdnMVNnRUV6d3hBNTdkDQplbXlQeGdjWXhuL2VSNDQvS0o0RUJzK2xWRFIzdmV5Sm0ra1hROTliMjEvK2poNVhvczFBblg1aUl0cmVHQ2M9DQotLS0tLUVORCBDRVJUSUZJQ0FURS0tLS0tDQoNCjwvY2E+DQoNCg0KIyMjIyMjIyMjIyMjIyMjIyMjIyMjIyMjIyMjIyMjIyMjIyMjIyMjIyMjIyMjIyMjIyMjIyMjIyMjIyMjIyMjIyMjIyMjIyMjIyMjIyMjIw0KIyBUaGUgY2xpZW50IGNlcnRpZmljYXRlIGZpbGUgKGR1bW15KS4NCiMgDQojIEluIHNvbWUgaW1wbGVtZW50YXRpb25zIG9mIE9wZW5WUE4gQ2xpZW50IHNvZnR3YXJlDQojIChmb3IgZXhhbXBsZTogT3BlblZQTiBDbGllbnQgZm9yIGlPUyksDQojIGEgcGFpciBvZiBjbGllbnQgY2VydGlmaWNhdGUgYW5kIHByaXZhdGUga2V5IG11c3QgYmUgaW5jbHVkZWQgb24gdGhlDQojIGNvbmZpZ3VyYXRpb24gZmlsZSBkdWUgdG8gdGhlIGxpbWl0YXRpb24gb2YgdGhlIGNsaWVudC4NCiMgU28gdGhpcyBzYW1wbGUgY29uZmlndXJhdGlvbiBmaWxlIGhhcyBhIGR1bW15IHBhaXIgb2YgY2xpZW50IGNlcnRpZmljYXRlDQojIGFuZCBwcml2YXRlIGtleSBhcyBmb2xsb3dzLg0KDQo8Y2VydD4NCi0tLS0tQkVHSU4gQ0VSVElGSUNBVEUtLS0tLQ0KTUlJQ3hqQ0NBYTRDQVFBd0RRWUpLb1pJaHZjTkFRRUZCUUF3S1RFYU1CZ0dBMVVFQXhNUlZsQk9SMkYwWlVOcw0KYVdWdWRFTmxjblF4Q3pBSkJnTlZCQVlUQWtwUU1CNFhEVEV6TURJeE1UQXpORGswT1ZvWERUTTNNREV4T1RBeg0KTVRRd04xb3dLVEVhTUJnR0ExVUVBeE1SVmxCT1IyRjBaVU5zYVdWdWRFTmxjblF4Q3pBSkJnTlZCQVlUQWtwUQ0KTUlJQklqQU5CZ2txaGtpRzl3MEJBUUVGQUFPQ0FROEFNSUlCQ2dLQ0FRRUE1aDJsZ1FRWVVqd29LWUpielZaQQ0KNVZjSUdkNW90UGMvcVpSTXQwS0l0Q0ZBMHM5UndSZU5WYTlmRFJGTFJCaGNJVE9sdjNGQmNXM0U4aDFVczdSRA0KNFc4R21KZTh6YXBKbkxzRDM5T1NNUkN6WkpuY3pXNE9DSDFQWlJaV0txRHRqbE5jYTlBRjhhNjVqVG1sRHhDUQ0KQ2pudExJV2s1T0xMVmtGdDkvdFNjYzFHRHRjaTU1b2ZoYU5BWU1QaUg3VjgrMWc2NnBHSFhBb1dLNkFRVkg2Nw0KWENLSm5HQjVubFErSHNNWVBWL080OUxkOTFaTi8ydEhrY2FMTHlOdHl3eFZQUlNzUmg0ODBqanUwZmNDc3Y2aA0KcC8weVhuVEIvL21XdXRCR3BkVWxJYndpSVRiQW1yc2JZbmppZ1J2blBxWDFSTkpVYmk5RnA2QzJjL0hJRkpHRA0KeXdJREFRQUJNQTBHQ1NxR1NJYjNEUUVCQlFVQUE0SUJBUUNoTzVoZ2N3LzRvV2ZvRUZMdTlrQmExQi8va3hIOA0KaFFrQ2hWTm44QlJDN1kwVVJRaXRQbDNES0VlZDlVUkJEZGcyS09Bejc3YmI2RU5QaWxpRCthMzhVSkhJUk1xZQ0KVUJIaGxsT0hJenZEaEhGYmFvdkFMQlFjZWVCemRrUXhzS1FFU0ttUW1SODMyOTUwVUNvdm95UkI2MVV5QVY3aA0KK21aaFlQR1JLWEtTSkk2czBFZ2cvQ3JpK0N3azRiakpmcmI1aFZzZTExeWg0RDlNSGh3U2ZDT0grMHo0aFBVVA0KRmt1N2RHYXZVUk81U1Z4TW4vc0w2RW41RCtvU2VYa2FkSHBEcytBaXJ5bTJZSGgxNWgwK2pQU09vUjZ5aVZwLw0KNnpaZVprck40M2t1UzczS3BLREZqZkZQaDh0NHIxZ09JanR0a05jUXFCY2N1c25wbFE3SEpwc2sNCi0tLS0tRU5EIENFUlRJRklDQVRFLS0tLS0NCg0KPC9jZXJ0Pg0KDQo8a2V5Pg0KLS0tLS1CRUdJTiBSU0EgUFJJVkFURSBLRVktLS0tLQ0KTUlJRXBBSUJBQUtDQVFFQTVoMmxnUVFZVWp3b0tZSmJ6VlpBNVZjSUdkNW90UGMvcVpSTXQwS0l0Q0ZBMHM5Ug0Kd1JlTlZhOWZEUkZMUkJoY0lUT2x2M0ZCY1czRThoMVVzN1JENFc4R21KZTh6YXBKbkxzRDM5T1NNUkN6WkpuYw0Kelc0T0NIMVBaUlpXS3FEdGpsTmNhOUFGOGE2NWpUbWxEeENRQ2pudExJV2s1T0xMVmtGdDkvdFNjYzFHRHRjaQ0KNTVvZmhhTkFZTVBpSDdWOCsxZzY2cEdIWEFvV0s2QVFWSDY3WENLSm5HQjVubFErSHNNWVBWL080OUxkOTFaTg0KLzJ0SGtjYUxMeU50eXd4VlBSU3NSaDQ4MGpqdTBmY0NzdjZocC8weVhuVEIvL21XdXRCR3BkVWxJYndpSVRiQQ0KbXJzYlluamlnUnZuUHFYMVJOSlViaTlGcDZDMmMvSElGSkdEeXdJREFRQUJBb0lCQUVSVjdYNUF2eEE4dVJpSw0KazhTSXBzRDBkWDFwSk9NSXdha1VWeXZjNEVmTjBEaEtSTmI0cllvU2lFR1RMeXpMcHlCYy9BMjhEbGttNWVPWQ0KZmp6WGZZa0d0WWkvRnR4a2czTzl2Y3JNUTQrNmkrdUdIYUlMMnJMK3M0TXJmTzh2MXh2NitXa3kzM0VFR0NvdQ0KUWl3VkdSRlFYblJvUTYyTkJDRmJVTkxobVh3ZGoxYWtaekxVNHA1UjR6QTNRaGR4d0VJYXRWTHQwKzdvd0xRMw0KbFA4c2ZYaHBwUE9YalRxTUQ0UWtZd3pQQWE4L3pGN2FjbjRrcnlyVVA3UTZQQWZkMHpFVnFOeTlaQ1o5ZmZobw0KelhlZEZqNDg2SUZvYzVnblRwMk42anNuVmo0TENHSWhsVkhsWUdvektLRnFKY1FWR3NIQ3FxMW96MnpqVzZMUw0Kb1JZSUhnRUNnWUVBOHpacmtDd05ZU1hKdU9ESjNtL2hPTFZ4Y3hnSnV3WG9pRXJXZDBFNDJ2UGFuampWTWhudA0KS1k1bDhxR01KNkZoSzlMWXgycUNyZi9FMFh0VUFaMndWcTNPUlR5R25zTVdyZTl0TFlzNTVYK1pOMTBUYzc1eg0KNGhhY2JVMGhxS04xSGlEbXNNUlkzLzJOYVpIb3k3TUtud0pKQmFHNDhsOUNDVGxWd01Ib2NJRUNnWUVBOGpieQ0KZEdqeFRIKzZYSFdOaXpiNVNSYlp4QW55RWVKZVJ3VE1oMGdHendHUHBIL3NaWUd6eXUwU3lTWFdDblpoM1JncQ0KNXVMbE54dHJYcmxqWmx5aTJuUWRRZ3NxMllyV1VzMCt6Z1UrMjJ1UXNacFNBZnRtaFZydHZldDZNalZqYkJ5WQ0KREFEY2lFVlVkSllJWGsrcW5GVUp5ZXJvTElrVGo3V1lLWjZSamtzQ2dZQm9DRkl3UkRlZzQyb0s4OVJGbW5Pcg0KTHltTkFxNCsyb01oc1dsVmI0ZWpXSVdlQWs5bmMrR1hVZnJYc3pSaFMwMW1VblU1cjV5Z1V2UmNhclYvVDNVNw0KVG5NWitJN1k0RGdXUklEZDUxem5oeElCdFlWNWovQy90ODVIanFPa0grOGI2UlRrYmNoYVgzbWF1N2ZwVWZkcw0KRnEwbmhJcTQyZmhFTzhzcmZZWXdnUUtCZ1FDeWhpMU4vOHRhUndwayszL0lERXpRd2piZmR6VWtXV1NEazlYcw0KSC9wa3VSSFdmVE1QM2ZsV3FFWWdXL0xXNDBwZVcySERxNWltZFY4K0FnWnhlL1hNYmFqaTlMZ3dmMVJZMDA1bg0KS3hhWlF6N3lxSHVwV2xMR0Y2OERQSHhrWlZWU2FnRG5WL3N6dFdYNlNGc0NxRlZueElYaWZYR0M0Y1c1Tm05Zw0KdmE4cTRRS0JnUUNFaExWZVVmZHdLdmtaOTRnL0dGejczMVoyaHJkVmhnTVphVS91NnQwVjk1K1llelBOQ1FaQg0Kd21FOU1tbGJxMWVtRGVST2l2akNmb0doUjNrWlhXMXBUS2xMaDZaTVVRVU9wcHRkWHZhOFh4Zm9xUXdhM2VuQQ0KTTdtdUJiRjBYTjdWTzgwaUpQditQbUlaZEVJQWtwd0tmaTIwMVlCK0JhZkNJdUd4SUY1MFZnPT0NCi0tLS0tRU5EIFJTQSBQUklWQVRFIEtFWS0tLS0tDQoNCjwva2V5Pg0KDQo=
vpn249226025,183.182.111.92,1454142,12,48903920,Lao People's Democratic Republic,LA,57,907423507,15825,3105302742264,2weeks,DESKTOP-Q8FLQV3's owner,,IyMjIyMjIyMjIyMjIyMjIyMjIyMjIyMjIyMjIyMjIyMjIyMjIyMjIyMjIyMjIyMjIyMjIyMjIyMjIyMjIyMjIyMjIyMjIyMjIyMjIyMjIw0KIyBPcGVuVlBOIDIuMCBTYW1wbGUgQ29uZmlndXJhdGlvbiBGaWxlDQojIGZvciBQYWNrZXRpWCBWUE4gLyBTb2Z0RXRoZXIgVlBOIFNlcnZlcg0KIyANCiMgISEhIEFVVE8tR0VORVJBVEVEIEJZIFNPRlRFVEhFUiBWUE4gU0VSVkVSIE1BTkFHRU1FTlQgVE9PTCAhISENCiMgDQojICEhISBZT1UgSEFWRSBUTyBSRVZJRVcgSVQgQkVGT1JFIFVTRSBBTkQgTU9ESUZZIElUIEFTIE5FQ0VTU0FSWSAhISENCiMgDQojIFRoaXMgY29uZmlndXJhdGlvbiBmaWxlIGlzIGF1dG8tZ2VuZXJhdGVkLiBZb3UgbWlnaHQgdXNlIHRoaXMgY29uZmlnIGZpbGUNCiMgaW4gb3JkZXIgdG8gY29ubmVjdCB0byB0aGUgUGFja2V0aVggVlBOIC8gU29mdEV0aGVyIFZQTiBTZXJ2ZXIuDQojIEhvd2V2ZXIsIGJlZm9yZSB5b3UgdHJ5IGl0LCB5b3Ugc2hvdWxkIHJldmlldyB0aGUgZGVzY3JpcHRpb25zIG9mIHRoZSBmaWxlDQojIHRvIGRldGVybWluZSB0aGUgbmVjZXNzaXR5IHRvIG1vZGlmeSB0byBzdWl0YWJsZSBmb3IgeW91ciByZWFsIGVudmlyb25tZW50Lg0KIyBJZiBuZWNlc3NhcnksIHlvdSBoYXZlIHRvIG1vZGlmeSBhIGxpdHRsZSBhZGVxdWF0ZWx5IG9uIHRoZSBmaWxlLg0KIyBGb3IgZXhhbXBsZSwgdGhlIElQIGFkZHJlc3Mgb3IgdGhlIGhvc3RuYW1lIGFzIGEgZGVzdGluYXRpb24gVlBOIFNlcnZlcg0KIyBzaG91bGQgYmUgY29uZmlybWVkLg0KIyANCiMgTm90ZSB0aGF0IHRvIHVzZSBPcGVuVlBOIDIuMCwgeW91IGhhdmUgdG8gcHV0IHRoZSBjZXJ0aWZpY2F0aW9uIGZpbGUgb2YNCiMgdGhlIGRlc3RpbmF0aW9uIFZQTiBTZXJ2ZXIgb24gdGhlIE9wZW5WUE4gQ2xpZW50IGNvbXB1dGVyIHdoZW4geW91IHVzZSB0aGlzDQojIGNvbmZpZyBmaWxlLiBQbGVhc2UgcmVmZXIgdGhlIGJlbG93IGRlc2NyaXB0aW9ucyBjYXJlZnVsbHkuDQoNCg0KIyMjIyMjIyMjIyMjIyMjIyMjIyMjIyMjIyMjIyMjIyMjIyMjIyMjIyMjIyMjIyMjIyMjIyMjIyMjIyMjIyMjIyMjIyMjIyMjIyMjIyMjIw0KIyBTcGVjaWZ5IHRoZSB0eXBlIG9mIHRoZSBsYXllciBvZiB0aGUgVlBOIGNvbm5lY3Rpb24uDQojIA0KIyBUbyBjb25uZWN0IHRvIHRoZSBWUE4gU2VydmVyIGFzIGEgIlJlbW90ZS1BY2Nlc3MgVlBOIENsaWVudCBQQyIsDQojICBzcGVjaWZ5ICdkZXYgdHVuJy4gKExheWVyLTMgSVAgUm91dGluZyBNb2RlKQ0KIw0KIyBUbyBjb25uZWN0IHRvIHRoZSBWUE4gU2VydmVyIGFzIGEgYnJpZGdpbmcgZXF1aXBtZW50IG9mICJTaXRlLXRvLVNpdGUgVlBOIiwNCiMgIHNwZWNpZnkgJ2RldiB0YXAnLiAoTGF5ZXItMiBFdGhlcm5ldCBCcmlkZ2luZSBNb2RlKQ0KDQpkZXYgdHVuDQoNCg0KIyMjIyMjIyMjIyMjIyMjIyMjIyMjIyMjIyMjIyMjIyMjIyMjIyMjIyMjIyMjIyMjIyMjIyMjIyMjIyMjIyMjIyMjIyMjIyMjIyMjIyMjIw0KIyBTcGVjaWZ5IHRoZSB1bmRlcmx5aW5nIHByb3RvY29sIGJleW9uZCB0aGUgSW50ZXJuZXQuDQojIE5vdGUgdGhhdCB0aGlzIHNldHRpbmcgbXVzdCBiZSBjb3JyZXNwb25kIHdpdGggdGhlIGxpc3RlbmluZyBzZXR0aW5nIG9uDQojIHRoZSBWUE4gU2VydmVyLg0KIyANCiMgU3BlY2lmeSBlaXRoZXIgJ3Byb3RvIHRjcCcgb3IgJ3Byb3RvIHVkcCcuDQoNCnByb3RvIHVkcA0KDQoNCiMjIyMjIyMjIyMjIyMjIyMjIyMjIyMjIyMjIyMjIyMjIyMjIyMjIyMjIyMjIyMjIyMjIyMjIyMjIyMjIyMjIyMjIyMjIyMjIyMjIyMjIyMNCiMgVGhlIGRlc3RpbmF0aW9uIGhvc3RuYW1lIC8gSVAgYWRkcmVzcywgYW5kIHBvcnQgbnVtYmVyIG9mDQojIHRoZSB0YXJnZXQgVlBOIFNlcnZlci4NCiMgDQojIFlvdSBoYXZlIHRvIHNwZWNpZnkgYXMgJ3JlbW90ZSA8SE9TVE5BTUU+IDxQT1JUPicuIFlvdSBjYW4gYWxzbw0KIyBzcGVjaWZ5IHRoZSBJUCBhZGRyZXNzIGluc3RlYWQgb2YgdGhlIGhvc3RuYW1lLg0KIyANCiMgTm90ZSB0aGF0IHRoZSBhdXRvLWdlbmVyYXRlZCBiZWxvdyBob3N0bmFtZSBhcmUgYSAiYXV0by1kZXRlY3RlZA0KIyBJUCBhZGRyZXNzIiBvZiB0aGUgVlBOIFNlcnZlci4gWW91IGhhdmUgdG8gY29uZmlybSB0aGUgY29ycmVjdG5lc3MNCiMgYmVmb3JlaGFuZC4NCiMgDQojIFdoZW4geW91IHdhbnQgdG8gY29ubmVjdCB0byB0aGUgVlBOIFNlcnZlciBieSB1c2luZyBUQ1AgcHJvdG9jb2wsDQojIHRoZSBwb3J0IG51bWJlciBvZiB0aGUgZGVzdGluYXRpb24gVENQIHBvcnQgc2hvdWxkIGJlIHNhbWUgYXMgb25lIG9mDQojIHRoZSBhdmFpbGFibGUgVENQIGxpc3RlbmVycyBvbiB0aGUgVlBOIFNlcnZlci4NCiMgDQojIFdoZW4geW91IHVzZSBVRFAgcHJvdG9jb2wsIHRoZSBwb3J0IG51bWJlciBtdXN0IHNhbWUgYXMgdGhlIGNvbmZpZ3VyYXRpb24NCiMgc2V0dGluZyBvZiAiT3BlblZQTiBTZXJ2ZXIgQ29tcGF0aWJsZSBGdW5jdGlvbiIgb24gdGhlIFZQTiBTZXJ2ZXIuDQoNCnJlbW90ZSAxODMuMTgyLjExMS45MiAxMDEyNg0KDQoNCiMjIyMjIyMjIyMjIyMjIyMjIyMjIyMjIyMjIyMjIyMjIyMjIyMjIyMjIyMjIyMjIyMjIyMjIyMjIyMjIyMjIyMjIyMjIyMjIyMjIyMjIyMNCiMgVGhlIEhUVFAvSFRUUFMgcHJveHkgc2V0dGluZy4NCiMgDQojIE9ubHkgaWYgeW91IGhhdmUgdG8gdXNlIHRoZSBJbnRlcm5ldCB2aWEgYSBwcm94eSwgdW5jb21tZW50IHRoZSBiZWxvdw0KIyB0d28gbGluZXMgYW5kIHNwZWNpZnkgdGhlIHByb3h5IGFkZHJlc3MgYW5kIHRoZSBwb3J0IG51bWJlci4NCiMgSW4gdGhlIGNhc2Ugb2YgdXNpbmcgcHJveHktYXV0aGVudGljYXRpb24sIHJlZmVyIHRoZSBPcGVuVlBOIG1hbnVhbC4NCg0KO2h0dHAtcHJveHktcmV0cnkNCjtodHRwLXByb3h5IFtwcm94eSBzZXJ2ZXJdIFtwcm94eSBwb3J0XQ0KDQoNCiMjIyMjIyMjIyMjIyMjIyMjIyMjIyMjIyMjIyMjIyMjIyMjIyMjIyMjIyMjIyMjIyMjIyMjIyMjIyMjIyMjIyMjIyMjIyMjIyMjIyMjIyMNCiMgVGhlIGVuY3J5cHRpb24gYW5kIGF1dGhlbnRpY2F0aW9uIGFsZ29yaXRobS4NCiMgDQojIERlZmF1bHQgc2V0dGluZyBpcyBnb29kLiBNb2RpZnkgaXQgYXMgeW91IHByZWZlci4NCiMgV2hlbiB5b3Ugc3BlY2lmeSBhbiB1bnN1cHBvcnRlZCBhbGdvcml0aG0sIHRoZSBlcnJvciB3aWxsIG9jY3VyLg0KIyANCiMgVGhlIHN1cHBvcnRlZCBhbGdvcml0aG1zIGFyZSBhcyBmb2xsb3dzOg0KIyAgY2lwaGVyOiBbTlVMTC1DSVBIRVJdIE5VTEwgQUVTLTEyOC1DQkMgQUVTLTE5Mi1DQkMgQUVTLTI1Ni1DQkMgQkYtQ0JDDQojICAgICAgICAgIENBU1QtQ0JDIENBU1Q1LUNCQyBERVMtQ0JDIERFUy1FREUtQ0JDIERFUy1FREUzLUNCQyBERVNYLUNCQw0KIyAgICAgICAgICBSQzItNDAtQ0JDIFJDMi02NC1DQkMgUkMyLUNCQw0KIyAgYXV0aDogICBTSEEgU0hBMSBNRDUgTUQ0IFJNRDE2MA0KDQpjaXBoZXIgQUVTLTEyOC1DQkMNCmF1dGggU0hBMQ0KDQoNCiMjIyMjIyMjIyMjIyMjIyMjIyMjIyMjIyMjIyMjIyMjIyMjIyMjIyMjIyMjIyMjIyMjIyMjIyMjIyMjIyMjIyMjIyMjIyMjIyMjIyMjIyMNCiMgT3RoZXIgcGFyYW1ldGVycyBuZWNlc3NhcnkgdG8gY29ubmVjdCB0byB0aGUgVlBOIFNlcnZlci4NCiMgDQojIEl0IGlzIG5vdCByZWNvbW1lbmRlZCB0byBtb2RpZnkgaXQgdW5sZXNzIHlvdSBoYXZlIGEgcGFydGljdWxhciBuZWVkLg0KDQpyZXNvbHYtcmV0cnkgaW5maW5pdGUNCm5vYmluZA0KcGVyc2lzdC1rZXkNCnBlcnNpc3QtdHVuDQpjbGllbnQNCnZlcmIgMw0KI2F1dGgtdXNlci1wYXNzDQoNCg0KIyMjIyMjIyMjIyMjIyMjIyMjIyMjIyMjIyMjIyMjIyMjIyMjIyMjIyMjIyMjIyMjIyMjIyMjIyMjIyMjIyMjIyMjIyMjIyMjIyMjIyMjIw0KIyBUaGUgY2VydGlmaWNhdGUgZmlsZSBvZiB0aGUgZGVzdGluYXRpb24gVlBOIFNlcnZlci4NCiMgDQojIFRoZSBDQSBjZXJ0aWZpY2F0ZSBmaWxlIGlzIGVtYmVkZGVkIGluIHRoZSBpbmxpbmUgZm9ybWF0Lg0KIyBZb3UgY2FuIHJlcGxhY2UgdGhpcyBDQSBjb250ZW50cyBpZiBuZWNlc3NhcnkuDQojIFBsZWFzZSBub3RlIHRoYXQgaWYgdGhlIHNlcnZlciBjZXJ0aWZpY2F0ZSBpcyBub3QgYSBzZWxmLXNpZ25lZCwgeW91IGhhdmUgdG8NCiMgc3BlY2lmeSB0aGUgc2lnbmVyJ3Mgcm9vdCBjZXJ0aWZpY2F0ZSAoQ0EpIGhlcmUuDQoNCjxjYT4NCi0tLS0tQkVHSU4gQ0VSVElGSUNBVEUtLS0tLQ0KTUlJRmF6Q0NBMU9nQXdJQkFnSVJBSUlRejdEU1FPTlpSR1BndTJPQ2l3QXdEUVlKS29aSWh2Y05BUUVMQlFBdw0KVHpFTE1Ba0dBMVVFQmhNQ1ZWTXhLVEFuQmdOVkJBb1RJRWx1ZEdWeWJtVjBJRk5sWTNWeWFYUjVJRkpsYzJWaA0KY21Ob0lFZHliM1Z3TVJVd0V3WURWUVFERXd4SlUxSkhJRkp2YjNRZ1dERXdIaGNOTVRVd05qQTBNVEV3TkRNNA0KV2hjTk16VXdOakEwTVRFd05ETTRXakJQTVFzd0NRWURWUVFHRXdKVlV6RXBNQ2NHQTFVRUNoTWdTVzUwWlhKdQ0KWlhRZ1UyVmpkWEpwZEhrZ1VtVnpaV0Z5WTJnZ1IzSnZkWEF4RlRBVEJnTlZCQU1UREVsVFVrY2dVbTl2ZENCWQ0KTVRDQ0FpSXdEUVlKS29aSWh2Y05BUUVCQlFBRGdnSVBBRENDQWdvQ2dnSUJBSzNvSkhQMEZEZnptNTRyVnlnYw0KaDc3Y3Q5ODRrSXh1UE9aWG9IajNkY0tpL3ZWcWJ2WUFUeWpiM21pR2JFU1R0ckZqL1JRU2E3OGYwdW94bXlGKw0KMFRNOHVrajEzWG5mczdqL0V2RWhta3ZCaW9aeGFVcG1abXlQZmp4d3Y2MHBJZ2J6NU1EbWdLN2lTNCszbVg2VQ0KQTUvVFI1ZDhtVWdqVStnNHJrOEtiNE11MFVsWGpJQjB0dG92MERpTmV3TndJUnQxOGpBOCtvK3UzZHBqcStzVw0KVDhLT0VVdCt6d3ZvLzdWM0x2U3llMHJnVEJJbERIQ05BeW1nNFZNazdCUFo3aG0vRUxOS2pEK0pvMkZSM3F5SA0KQjVUMFkzSHNMdUp2VzVpQjRZbGNOSGxzZHU4N2tHSjU1dHVrbWk4bXhkQVE0UTdlMlJDT0Z2dTM5NmozeCtVQw0KQjVpUE5naVY1K0kzbGcwMmRaNzdEbkt4SFp1OEEvbEpCZGlCM1FXMEt0WkI2YXdCZHBVS0Q5amYxYjBTSHpVdg0KS0JkczBwakJxQWxrZDI1SE43ck9yRmxlYUoxL2N0YUp4UVpCS1Q1WlB0MG05U1RKRWFkYW8weEFIMGFobWJXbg0KT2xGdWhqdWVmWEtuRWdWNFdlMCtVWGdWQ3dPUGpkQXZCYkkrZTBvY1MzTUZFdnpHNnVCUUUzeERrM1N6eW5Ubg0Kamg4QkNOQXcxRnR4TnJRSHVzRXdNRnhJdDRJN21LWjlZSXFpb3ltQ3pMcTlnd1Fib29NRFFhSFdCZkVid3Jidw0KcUh5R08wYW9TQ3FJM0hhYWRyOGZhcVU5R1kvck9QTmszc2dyRFFvby8vZmI0aFZDMUNMUUoxM2hlZjRZNTNDSQ0KclU3bTJZczZ4dDBuVVc3L3ZHVDFNME5QQWdNQkFBR2pRakJBTUE0R0ExVWREd0VCL3dRRUF3SUJCakFQQmdOVg0KSFJNQkFmOEVCVEFEQVFIL01CMEdBMVVkRGdRV0JCUjV0Rm5tZTdibDVBRnpnQWlJeUJwWTl1bWJiakFOQmdrcQ0KaGtpRzl3MEJBUXNGQUFPQ0FnRUFWUjlZcWJ5eXFGRFFETEhZR21rZ0p5a0lyR0YxWElwdStJTGxhUy9WOWxaTA0KdWJoekVGblRJWmQrNTB4eCs3TFNZSzA1cUF2cUZ5RldoZkZRRGxucnp1Qlo2YnJKRmUrR25ZK0VnUGJrNlpHUQ0KM0JlYllodEY4R2FWMG54dnd1bzc3eC9QeTlhdUovR3BzTWl1L1gxK212b2lCT3YvMlgvcWtTc2lzUmNPai9LSw0KTkZ0WTJQd0J5VlM1dUNiTWlvZ3ppVXd0aER5QzMrNldWd1c2TEx2M3hMZkhUanVDdmpISUluTnprdEhDZ0tRNQ0KT1JBekk0Sk1QSitHc2xXWUhiNHBob3dpbTU3aWF6dFhPb0p3VGR3Sng0bkxDZ2ROYk9oZGpzbnZ6cXZIdTdVcg0KVGtYV1N0QW16T1Z5eWdocXBaWGpGYUgzcE8zSkxGK2wrLytzS0FJdXZ0ZDd1K054ZTVBVzB3ZGVSbE44TndkQw0Kak5QRWxwelZtYlVxNEpVYWdFaXVURGtIenN4SHBGS1ZLN3E0KzYzU00xTjk1UjFOYmRXaHNjZENiK1pBSnpWYw0Kb3lpM0I0M25qVE9RNXlPZisxQ2NlV3hHMWJRVnM1WnVmcHNNbGpxNFVpMC8xbHZoK3dqQ2hQNGtxS09KMnF4cQ0KNFJncXNhaERZVnZUSDl3N2pYYnlMZWlOZGQ4WE0ydzlVL3Q3eTBGZi85eWkwR0U0NFphNHJGMkxOOWQxMVRQQQ0KbVJHdW5VSEJjbldFdmdKQlFsOW5KRWlVMFpzbnZnYy91YmhQZ1hSUjRYcTM3WjBqNHI3ZzFTZ0VFend4QTU3ZA0KZW15UHhnY1l4bi9lUjQ0L0tKNEVCcytsVkRSM3ZleUptK2tYUTk5YjIxLytqaDVYb3MxQW5YNWlJdHJlR0NjPQ0KLS0tLS1FTkQgQ0VSVElGSUNBVEUtLS0tLQ0KDQo8L2NhPg0KDQoNCiMjIyMjIyMjIyMjIyMjIyMjIyMjIyMjIyMjIyMjIyMjIyMjIyMjIyMjIyMjIyMjIyMjIyMjIyMjIyMjIyMjIyMjIyMjIyMjIyMjIyMjIyMNCiMgVGhlIGNsaWVudCBjZXJ0aWZpY2F0ZSBmaWxlIChkdW1teSkuDQojIA0KIyBJbiBzb21lIGltcGxlbWVudGF0aW9ucyBvZiBPcGVuVlBOIENsaWVudCBzb2Z0d2FyZQ0KIyAoZm9yIGV4YW1wbGU6IE9wZW5WUE4gQ2xpZW50IGZvciBpT1MpLA0KIyBhIHBhaXIgb2YgY2xpZW50IGNlcnRpZmljYXRlIGFuZCBwcml2YXRlIGtleSBtdXN0IGJlIGluY2x1ZGVkIG9uIHRoZQ0KIyBjb25maWd1cmF0aW9uIGZpbGUgZHVlIHRvIHRoZSBsaW1pdGF0aW9uIG9mIHRoZSBjbGllbnQuDQojIFNvIHRoaXMgc2FtcGxlIGNvbmZpZ3VyYXRpb24gZmlsZSBoYXMgYSBkdW1teSBwYWlyIG9mIGNsaWVudCBjZXJ0aWZpY2F0ZQ0KIyBhbmQgcHJpdmF0ZSBrZXkgYXMgZm9sbG93cy4NCg0KPGNlcnQ+DQotLS0tLUJFR0lOIENFUlRJRklDQVRFLS0tLS0NCk1JSUN4akNDQWE0Q0FRQXdEUVlKS29aSWh2Y05BUUVGQlFBd0tURWFNQmdHQTFVRUF4TVJWbEJPUjJGMFpVTnMNCmFXVnVkRU5sY25ReEN6QUpCZ05WQkFZVEFrcFFNQjRYRFRFek1ESXhNVEF6TkRrME9Wb1hEVE0zTURFeE9UQXoNCk1UUXdOMW93S1RFYU1CZ0dBMVVFQXhNUlZsQk9SMkYwWlVOc2FXVnVkRU5sY25ReEN6QUpCZ05WQkFZVEFrcFENCk1JSUJJakFOQmdrcWhraUc5dzBCQVFFRkFBT0NBUThBTUlJQkNnS0NBUUVBNWgybGdRUVlVandvS1lKYnpWWkENCjVWY0lHZDVvdFBjL3FaUk10MEtJdENGQTBzOVJ3UmVOVmE5ZkRSRkxSQmhjSVRPbHYzRkJjVzNFOGgxVXM3UkQNCjRXOEdtSmU4emFwSm5Mc0QzOU9TTVJDelpKbmN6VzRPQ0gxUFpSWldLcUR0amxOY2E5QUY4YTY1alRtbER4Q1ENCkNqbnRMSVdrNU9MTFZrRnQ5L3RTY2MxR0R0Y2k1NW9maGFOQVlNUGlIN1Y4KzFnNjZwR0hYQW9XSzZBUVZINjcNClhDS0puR0I1bmxRK0hzTVlQVi9PNDlMZDkxWk4vMnRIa2NhTEx5TnR5d3hWUFJTc1JoNDgwamp1MGZjQ3N2NmgNCnAvMHlYblRCLy9tV3V0QkdwZFVsSWJ3aUlUYkFtcnNiWW5qaWdSdm5QcVgxUk5KVWJpOUZwNkMyYy9ISUZKR0QNCnl3SURBUUFCTUEwR0NTcUdTSWIzRFFFQkJRVUFBNElCQVFDaE81aGdjdy80b1dmb0VGTHU5a0JhMUIvL2t4SDgNCmhRa0NoVk5uOEJSQzdZMFVSUWl0UGwzREtFZWQ5VVJCRGRnMktPQXo3N2JiNkVOUGlsaUQrYTM4VUpISVJNcWUNClVCSGhsbE9ISXp2RGhIRmJhb3ZBTEJRY2VlQnpka1F4c0tRRVNLbVFtUjgzMjk1MFVDb3ZveVJCNjFVeUFWN2gNCittWmhZUEdSS1hLU0pJNnMwRWdnL0NyaStDd2s0YmpKZnJiNWhWc2UxMXloNEQ5TUhod1NmQ09IKzB6NGhQVVQNCkZrdTdkR2F2VVJPNVNWeE1uL3NMNkVuNUQrb1NlWGthZEhwRHMrQWlyeW0yWUhoMTVoMCtqUFNPb1I2eWlWcC8NCjZ6WmVaa3JONDNrdVM3M0twS0RGamZGUGg4dDRyMWdPSWp0dGtOY1FxQmNjdXNucGxRN0hKcHNrDQotLS0tLUVORCBDRVJUSUZJQ0FURS0tLS0tDQoNCjwvY2VydD4NCg0KPGtleT4NCi0tLS0tQkVHSU4gUlNBIFBSSVZBVEUgS0VZLS0tLS0NCk1JSUVwQUlCQUFLQ0FRRUE1aDJsZ1FRWVVqd29LWUpielZaQTVWY0lHZDVvdFBjL3FaUk10MEtJdENGQTBzOVINCndSZU5WYTlmRFJGTFJCaGNJVE9sdjNGQmNXM0U4aDFVczdSRDRXOEdtSmU4emFwSm5Mc0QzOU9TTVJDelpKbmMNCnpXNE9DSDFQWlJaV0txRHRqbE5jYTlBRjhhNjVqVG1sRHhDUUNqbnRMSVdrNU9MTFZrRnQ5L3RTY2MxR0R0Y2kNCjU1b2ZoYU5BWU1QaUg3VjgrMWc2NnBHSFhBb1dLNkFRVkg2N1hDS0puR0I1bmxRK0hzTVlQVi9PNDlMZDkxWk4NCi8ydEhrY2FMTHlOdHl3eFZQUlNzUmg0ODBqanUwZmNDc3Y2aHAvMHlYblRCLy9tV3V0QkdwZFVsSWJ3aUlUYkENCm1yc2JZbmppZ1J2blBxWDFSTkpVYmk5RnA2QzJjL0hJRkpHRHl3SURBUUFCQW9JQkFFUlY3WDVBdnhBOHVSaUsNCms4U0lwc0QwZFgxcEpPTUl3YWtVVnl2YzRFZk4wRGhLUk5iNHJZb1NpRUdUTHl6THB5QmMvQTI4RGxrbTVlT1kNCmZqelhmWWtHdFlpL0Z0eGtnM085dmNyTVE0KzZpK3VHSGFJTDJyTCtzNE1yZk84djF4djYrV2t5MzNFRUdDb3UNClFpd1ZHUkZRWG5Sb1E2Mk5CQ0ZiVU5MaG1Yd2RqMWFrWnpMVTRwNVI0ekEzUWhkeHdFSWF0Vkx0MCs3b3dMUTMNCmxQOHNmWGhwcFBPWGpUcU1ENFFrWXd6UEFhOC96RjdhY240a3J5clVQN1E2UEFmZDB6RVZxTnk5WkNaOWZmaG8NCnpYZWRGajQ4NklGb2M1Z25UcDJONmpzblZqNExDR0lobFZIbFlHb3pLS0ZxSmNRVkdzSENxcTFvejJ6alc2TFMNCm9SWUlIZ0VDZ1lFQTh6WnJrQ3dOWVNYSnVPREozbS9oT0xWeGN4Z0p1d1hvaUVyV2QwRTQydlBhbmpqVk1obnQNCktZNWw4cUdNSjZGaEs5TFl4MnFDcmYvRTBYdFVBWjJ3VnEzT1JUeUduc01XcmU5dExZczU1WCtaTjEwVGM3NXoNCjRoYWNiVTBocUtOMUhpRG1zTVJZMy8yTmFaSG95N01LbndKSkJhRzQ4bDlDQ1RsVndNSG9jSUVDZ1lFQThqYnkNCmRHanhUSCs2WEhXTml6YjVTUmJaeEFueUVlSmVSd1RNaDBnR3p3R1BwSC9zWllHenl1MFN5U1hXQ25aaDNSZ3ENCjV1TGxOeHRyWHJsalpseWkyblFkUWdzcTJZcldVczAremdVKzIydVFzWnBTQWZ0bWhWcnR2ZXQ2TWpWamJCeVkNCkRBRGNpRVZVZEpZSVhrK3FuRlVKeWVyb0xJa1RqN1dZS1o2Umprc0NnWUJvQ0ZJd1JEZWc0Mm9LODlSRm1uT3INCkx5bU5BcTQrMm9NaHNXbFZiNGVqV0lXZUFrOW5jK0dYVWZyWHN6UmhTMDFtVW5VNXI1eWdVdlJjYXJWL1QzVTcNClRuTVorSTdZNERnV1JJRGQ1MXpuaHhJQnRZVjVqL0MvdDg1SGpxT2tIKzhiNlJUa2JjaGFYM21hdTdmcFVmZHMNCkZxMG5oSXE0MmZoRU84c3JmWVl3Z1FLQmdRQ3loaTFOLzh0YVJ3cGsrMy9JREV6UXdqYmZkelVrV1dTRGs5WHMNCkgvcGt1UkhXZlRNUDNmbFdxRVlnVy9MVzQwcGVXMkhEcTVpbWRWOCtBZ1p4ZS9YTWJhamk5TGd3ZjFSWTAwNW4NCkt4YVpRejd5cUh1cFdsTEdGNjhEUEh4a1pWVlNhZ0RuVi9zenRXWDZTRnNDcUZWbnhJWGlmWEdDNGNXNU5tOWcNCnZhOHE0UUtCZ1FDRWhMVmVVZmR3S3ZrWjk0Zy9HRno3MzFaMmhyZFZoZ01aYVUvdTZ0MFY5NStZZXpQTkNRWkINCndtRTlNbWxicTFlbURlUk9pdmpDZm9HaFIza1pYVzFwVEtsTGg2Wk1VUVVPcHB0ZFh2YThYeGZvcVF3YTNlbkENCk03bXVCYkYwWE43Vk84MGlKUHYrUG1JWmRFSUFrcHdLZmkyMDFZQitCYWZDSXVHeElGNTBWZz09DQotLS0tLUVORCBSU0EgUFJJVkFURSBLRVktLS0tLQ0KDQo8L2tleT4NCg0K
vpn711677985,143.189.43.87,1452679,3,772384830,Japan,JP,110,715536507,415479,168431231679621,2weeks,DESKTOP-T9O1UH6's owner,,IyMjIyMjIyMjIyMjIyMjIyMjIyMjIyMjIyMjIyMjIyMjIyMjIyMjIyMjIyMjIyMjIyMjIyMjIyMjIyMjIyMjIyMjIyMjIyMjIyMjIyMjIw0KIyBPcGVuVlBOIDIuMCBTYW1wbGUgQ29uZmlndXJhdGlvbiBGaWxlDQojIGZvciBQYWNrZXRpWCBWUE4gLyBTb2Z0RXRoZXIgVlBOIFNlcnZlcg0KIyANCiMgISEhIEFVVE8tR0VORVJBVEVEIEJZIFNPRlRFVEhFUiBWUE4gU0VSVkVSIE1BTkFHRU1FTlQgVE9PTCAhISENCiMgDQojICEhISBZT1UgSEFWRSBUTyBSRVZJRVcgSVQgQkVGT1JFIFVTRSBBTkQgTU9ESUZZIElUIEFTIE5FQ0VTU0FSWSAhISENCiMgDQojIFRoaXMgY29uZmlndXJhdGlvbiBmaWxlIGlzIGF1dG8tZ2VuZXJhdGVkLiBZb3UgbWlnaHQgdXNlIHRoaXMgY29uZmlnIGZpbGUNCiMgaW4gb3JkZXIgdG8gY29ubmVjdCB0byB0aGUgUGFja2V0aVggVlBOIC8gU29mdEV0aGVyIFZQTiBTZXJ2ZXIuDQojIEhvd2V2ZXIsIGJlZm9yZSB5b3UgdHJ5IGl0LCB5b3Ugc2hvdWxkIHJldmlldyB0aGUgZGVzY3JpcHRpb25zIG9mIHRoZSBmaWxlDQojIHRvIGRldGVybWluZSB0aGUgbmVjZXNzaXR5IHRvIG1vZGlmeSB0byBzdWl0YWJsZSBmb3IgeW91ciByZWFsIGVudmlyb25tZW50Lg0KIyBJZiBuZWNlc3NhcnksIHlvdSBoYXZlIHRvIG1vZGlmeSBhIGxpdHRsZSBhZGVxdWF0ZWx5IG9uIHRoZSBmaWxlLg0KIyBGb3IgZXhhbXBsZSwgdGhlIElQIGFkZHJlc3Mgb3IgdGhlIGhvc3RuYW1lIGFzIGEgZGVzdGluYXRpb24gVlBOIFNlcnZlcg0KIyBzaG91bGQgYmUgY29uZmlybWVkLg0KIyANCiMgTm90ZSB0aGF0IHRvIHVzZSBPcGVuVlBOIDIuMCwgeW91IGhhdmUgdG8gcHV0IHRoZSBjZXJ0aWZpY2F0aW9uIGZpbGUgb2YNCiMgdGhlIGRlc3RpbmF0aW9uIFZQTiBTZXJ2ZXIgb24gdGhlIE9wZW5WUE4gQ2xpZW50IGNvbXB1dGVyIHdoZW4geW91IHVzZSB0aGlzDQojIGNvbmZpZyBmaWxlLiBQbGVhc2UgcmVmZXIgdGhlIGJlbG93IGRlc2NyaXB0aW9ucyBjYXJlZnVsbHkuDQoNCg0KIyMjIyMjIyMjIyMjIyMjIyMjIyMjIyMjIyMjIyMjIyMjIyMjIyMjIyMjIyMjIyMjIyMjIyMjIyMjIyMjIyMjIyMjIyMjIyMjIyMjIyMjIw0KIyBTcGVjaWZ5IHRoZSB0eXBlIG9mIHRoZSBsYXllciBvZiB0aGUgVlBOIGNvbm5lY3Rpb24uDQojIA0KIyBUbyBjb25uZWN0IHRvIHRoZSBWUE4gU2VydmVyIGFzIGEgIlJlbW90ZS1BY2Nlc3MgVlBOIENsaWVudCBQQyIsDQojICBzcGVjaWZ5ICdkZXYgdHVuJy4gKExheWVyLTMgSVAgUm91dGluZyBNb2RlKQ0KIw0KIyBUbyBjb25uZWN0IHRvIHRoZSBWUE4gU2VydmVyIGFzIGEgYnJpZGdpbmcgZXF1aXBtZW50IG9mICJTaXRlLXRvLVNpdGUgVlBOIiwNCiMgIHNwZWNpZnkgJ2RldiB0YXAnLiAoTGF5ZXItMiBFdGhlcm5ldCBCcmlkZ2luZSBNb2RlKQ0KDQpkZXYgdHVuDQoNCg0KIyMjIyMjIyMjIyMjIyMjIyMjIyMjIyMjIyMjIyMjIyMjIyMjIyMjIyMjIyMjIyMjIyMjIyMjIyMjIyMjIyMjIyMjIyMjIyMjIyMjIyMjIw0KIyBTcGVjaWZ5IHRoZSB1bmRlcmx5aW5nIHByb3RvY29sIGJleW9uZCB0aGUgSW50ZXJuZXQuDQojIE5vdGUgdGhhdCB0aGlzIHNldHRpbmcgbXVzdCBiZSBjb3JyZXNwb25kIHdpdGggdGhlIGxpc3RlbmluZyBzZXR0aW5nIG9uDQojIHRoZSBWUE4gU2VydmVyLg0KIyANCiMgU3BlY2lmeSBlaXRoZXIgJ3Byb3RvIHRjcCcgb3IgJ3Byb3RvIHVkcCcuDQoNCnByb3RvIHRjcA0KDQoNCiMjIyMjIyMjIyMjIyMjIyMjIyMjIyMjIyMjIyMjIyMjIyMjIyMjIyMjIyMjIyMjIyMjIyMjIyMjIyMjIyMjIyMjIyMjIyMjIyMjIyMjIyMNCiMgVGhlIGRlc3RpbmF0aW9uIGhvc3RuYW1lIC8gSVAgYWRkcmVzcywgYW5kIHBvcnQgbnVtYmVyIG9mDQojIHRoZSB0YXJnZXQgVlBOIFNlcnZlci4NCiMgDQojIFlvdSBoYXZlIHRvIHNwZWNpZnkgYXMgJ3JlbW90ZSA8SE9TVE5BTUU+IDxQT1JUPicuIFlvdSBjYW4gYWxzbw0KIyBzcGVjaWZ5IHRoZSBJUCBhZGRyZXNzIGluc3RlYWQgb2YgdGhlIGhvc3RuYW1lLg0KIyANCiMgTm90ZSB0aGF0IHRoZSBhdXRvLWdlbmVyYXRlZCBiZWxvdyBob3N0bmFtZSBhcmUgYSAiYXV0by1kZXRlY3RlZA0KIyBJUCBhZGRyZXNzIiBvZiB0aGUgVlBOIFNlcnZlci4gWW91IGhhdmUgdG8gY29uZmlybSB0aGUgY29ycmVjdG5lc3MNCiMgYmVmb3JlaGFuZC4NCiMgDQojIFdoZW4geW91IHdhbnQgdG8gY29ubmVjdCB0byB0aGUgVlBOIFNlcnZlciBieSB1c2luZyBUQ1AgcHJvdG9jb2wsDQojIHRoZSBwb3J0IG51bWJlciBvZiB0aGUgZGVzdGluYXRpb24gVENQIHBvcnQgc2hvdWxkIGJlIHNhbWUgYXMgb25lIG9mDQojIHRoZSBhdmFpbGFibGUgVENQIGxpc3RlbmVycyBvbiB0aGUgVlBOIFNlcnZlci4NCiMgDQojIFdoZW4geW91IHVzZSBVRFAgcHJvdG9jb2wsIHRoZSBwb3J0IG51bWJlciBtdXN0IHNhbWUgYXMgdGhlIGNvbmZpZ3VyYXRpb24NCiMgc2V0dGluZyBvZiAiT3BlblZQTiBTZXJ2ZXIgQ29tcGF0aWJsZSBGdW5jdGlvbiIgb24gdGhlIFZQTiBTZXJ2ZXIuDQoNCnJlbW90ZSAxNDMuMTg5LjQzLjg3IDE3MzANCg0KDQojIyMjIyMjIyMjIyMjIyMjIyMjIyMjIyMjIyMjIyMjIyMjIyMjIyMjIyMjIyMjIyMjIyMjIyMjIyMjIyMjIyMjIyMjIyMjIyMjIyMjIyMjDQojIFRoZSBIVFRQL0hUVFBTIHByb3h5IHNldHRpbmcuDQojIA0KIyBPbmx5IGlmIHlvdSBoYXZlIHRvIHVzZSB0aGUgSW50ZXJuZXQgdmlhIGEgcHJveHksIHVuY29tbWVudCB0aGUgYmVsb3cNCiMgdHdvIGxpbmVzIGFuZCBzcGVjaWZ5IHRoZSBwcm94eSBhZGRyZXNzIGFuZCB0aGUgcG9ydCBudW1iZXIuDQojIEluIHRoZSBjYXNlIG9mIHVzaW5nIHByb3h5LWF1dGhlbnRpY2F0aW9uLCByZWZlciB0aGUgT3BlblZQTiBtYW51YWwuDQoNCjtodHRwLXByb3h5LXJldHJ5DQo7aHR0cC1wcm94eSBbcHJveHkgc2VydmVyXSBbcHJveHkgcG9ydF0NCg0KDQojIyMjIyMjIyMjIyMjIyMjIyMjIyMjIyMjIyMjIyMjIyMjIyMjIyMjIyMjIyMjIyMjIyMjIyMjIyMjIyMjIyMjIyMjIyMjIyMjIyMjIyMjDQojIFRoZSBlbmNyeXB0aW9uIGFuZCBhdXRoZW50aWNhdGlvbiBhbGdvcml0aG0uDQojIA0KIyBEZWZhdWx0IHNldHRpbmcgaXMgZ29vZC4gTW9kaWZ5IGl0IGFzIHlvdSBwcmVmZXIuDQojIFdoZW4geW91IHNwZWNpZnkgYW4gdW5zdXBwb3J0ZWQgYWxnb3JpdGhtLCB0aGUgZXJyb3Igd2lsbCBvY2N1ci4NCiMgDQojIFRoZSBzdXBwb3J0ZWQgYWxnb3JpdGhtcyBhcmUgYXMgZm9sbG93czoNCiMgIGNpcGhlcjogW05VTEwtQ0lQSEVSXSBOVUxMIEFFUy0xMjgtQ0JDIEFFUy0xOTItQ0JDIEFFUy0yNTYtQ0JDIEJGLUNCQw0KIyAgICAgICAgICBDQVNULUNCQyBDQVNUNS1DQkMgREVTLUNCQyBERVMtRURFLUNCQyBERVMtRURFMy1DQkMgREVTWC1DQkMNCiMgICAgICAgICAgUkMyLTQwLUNCQyBSQzItNjQtQ0JDIFJDMi1DQkMNCiMgIGF1dGg6ICAgU0hBIFNIQTEgTUQ1IE1ENCBSTUQxNjANCg0KY2lwaGVyIEFFUy0xMjgtQ0JDDQphdXRoIFNIQTENCg0KDQojIyMjIyMjIyMjIyMjIyMjIyMjIyMjIyMjIyMjIyMjIyMjIyMjIyMjIyMjIyMjIyMjIyMjIyMjIyMjIyMjIyMjIyMjIyMjIyMjIyMjIyMjDQojIE90aGVyIHBhcmFtZXRlcnMgbmVjZXNzYXJ5IHRvIGNvbm5lY3QgdG8gdGhlIFZQTiBTZXJ2ZXIuDQojIA0KIyBJdCBpcyBub3QgcmVjb21tZW5kZWQgdG8gbW9kaWZ5IGl0IHVubGVzcyB5b3UgaGF2ZSBhIHBhcnRpY3VsYXIgbmVlZC4NCg0KcmVzb2x2LXJldHJ5IGluZmluaXRlDQpub2JpbmQNCnBlcnNpc3Qta2V5DQpwZXJzaXN0LXR1bg0KY2xpZW50DQp2ZXJiIDMNCiNhdXRoLXVzZXItcGFzcw0KDQoNCiMjIyMjIyMjIyMjIyMjIyMjIyMjIyMjIyMjIyMjIyMjIyMjIyMjIyMjIyMjIyMjIyMjIyMjIyMjIyMjIyMjIyMjIyMjIyMjIyMjIyMjIyMNCiMgVGhlIGNlcnRpZmljYXRlIGZpbGUgb2YgdGhlIGRlc3RpbmF0aW9uIFZQTiBTZXJ2ZXIuDQojIA0KIyBUaGUgQ0EgY2VydGlmaWNhdGUgZmlsZSBpcyBlbWJlZGRlZCBpbiB0aGUgaW5saW5lIGZvcm1hdC4NCiMgWW91IGNhbiByZXBsYWNlIHRoaXMgQ0EgY29udGVudHMgaWYgbmVjZXNzYXJ5Lg0KIyBQbGVhc2Ugbm90ZSB0aGF0IGlmIHRoZSBzZXJ2ZXIgY2VydGlmaWNhdGUgaXMgbm90IGEgc2VsZi1zaWduZWQsIHlvdSBoYXZlIHRvDQojIHNwZWNpZnkgdGhlIHNpZ25lcidzIHJvb3QgY2VydGlmaWNhdGUgKENBKSBoZXJlLg0KDQo8Y2E+DQotLS0tLUJFR0lOIENFUlRJRklDQVRFLS0tLS0NCk1JSUZhekNDQTFPZ0F3SUJBZ0lSQUlJUXo3RFNRT05aUkdQZ3UyT0Npd0F3RFFZSktvWklodmNOQVFFTEJRQXcNClR6RUxNQWtHQTFVRUJoTUNWVk14S1RBbkJnTlZCQW9USUVsdWRHVnlibVYwSUZObFkzVnlhWFI1SUZKbGMyVmgNCmNtTm9JRWR5YjNWd01SVXdFd1lEVlFRREV3eEpVMUpISUZKdmIzUWdXREV3SGhjTk1UVXdOakEwTVRFd05ETTQNCldoY05NelV3TmpBME1URXdORE00V2pCUE1Rc3dDUVlEVlFRR0V3SlZVekVwTUNjR0ExVUVDaE1nU1c1MFpYSnUNClpYUWdVMlZqZFhKcGRIa2dVbVZ6WldGeVkyZ2dSM0p2ZFhBeEZUQVRCZ05WQkFNVERFbFRVa2NnVW05dmRDQlkNCk1UQ0NBaUl3RFFZSktvWklodmNOQVFFQkJRQURnZ0lQQURDQ0Fnb0NnZ0lCQUszb0pIUDBGRGZ6bTU0clZ5Z2MNCmg3N2N0OTg0a0l4dVBPWlhvSGozZGNLaS92VnFidllBVHlqYjNtaUdiRVNUdHJGai9SUVNhNzhmMHVveG15RisNCjBUTTh1a2oxM1huZnM3ai9FdkVobWt2QmlvWnhhVXBtWm15UGZqeHd2NjBwSWdiejVNRG1nSzdpUzQrM21YNlUNCkE1L1RSNWQ4bVVnalUrZzRyazhLYjRNdTBVbFhqSUIwdHRvdjBEaU5ld053SVJ0MThqQTgrbyt1M2RwanErc1cNClQ4S09FVXQrend2by83VjNMdlN5ZTByZ1RCSWxESENOQXltZzRWTWs3QlBaN2htL0VMTktqRCtKbzJGUjNxeUgNCkI1VDBZM0hzTHVKdlc1aUI0WWxjTkhsc2R1ODdrR0o1NXR1a21pOG14ZEFRNFE3ZTJSQ09GdnUzOTZqM3grVUMNCkI1aVBOZ2lWNStJM2xnMDJkWjc3RG5LeEhadThBL2xKQmRpQjNRVzBLdFpCNmF3QmRwVUtEOWpmMWIwU0h6VXYNCktCZHMwcGpCcUFsa2QyNUhON3JPckZsZWFKMS9jdGFKeFFaQktUNVpQdDBtOVNUSkVhZGFvMHhBSDBhaG1iV24NCk9sRnVoanVlZlhLbkVnVjRXZTArVVhnVkN3T1BqZEF2QmJJK2Uwb2NTM01GRXZ6RzZ1QlFFM3hEazNTenluVG4NCmpoOEJDTkF3MUZ0eE5yUUh1c0V3TUZ4SXQ0STdtS1o5WUlxaW95bUN6THE5Z3dRYm9vTURRYUhXQmZFYndyYncNCnFIeUdPMGFvU0NxSTNIYWFkcjhmYXFVOUdZL3JPUE5rM3NnckRRb28vL2ZiNGhWQzFDTFFKMTNoZWY0WTUzQ0kNCnJVN20yWXM2eHQwblVXNy92R1QxTTBOUEFnTUJBQUdqUWpCQU1BNEdBMVVkRHdFQi93UUVBd0lCQmpBUEJnTlYNCkhSTUJBZjhFQlRBREFRSC9NQjBHQTFVZERnUVdCQlI1dEZubWU3Ymw1QUZ6Z0FpSXlCcFk5dW1iYmpBTkJna3ENCmhraUc5dzBCQVFzRkFBT0NBZ0VBVlI5WXFieXlxRkRRRExIWUdta2dKeWtJckdGMVhJcHUrSUxsYVMvVjlsWkwNCnViaHpFRm5USVpkKzUweHgrN0xTWUswNXFBdnFGeUZXaGZGUURsbnJ6dUJaNmJySkZlK0duWStFZ1BiazZaR1ENCjNCZWJZaHRGOEdhVjBueHZ3dW83N3gvUHk5YXVKL0dwc01pdS9YMSttdm9pQk92LzJYL3FrU3Npc1JjT2ovS0sNCk5GdFkyUHdCeVZTNXVDYk1pb2d6aVV3dGhEeUMzKzZXVndXNkxMdjN4TGZIVGp1Q3ZqSElJbk56a3RIQ2dLUTUNCk9SQXpJNEpNUEorR3NsV1lIYjRwaG93aW01N2lhenRYT29Kd1Rkd0p4NG5MQ2dkTmJPaGRqc252enF2SHU3VXINClRrWFdTdEFtek9WeXlnaHFwWlhqRmFIM3BPM0pMRitsKy8rc0tBSXV2dGQ3dStOeGU1QVcwd2RlUmxOOE53ZEMNCmpOUEVscHpWbWJVcTRKVWFnRWl1VERrSHpzeEhwRktWSzdxNCs2M1NNMU45NVIxTmJkV2hzY2RDYitaQUp6VmMNCm95aTNCNDNualRPUTV5T2YrMUNjZVd4RzFiUVZzNVp1ZnBzTWxqcTRVaTAvMWx2aCt3akNoUDRrcUtPSjJxeHENCjRSZ3FzYWhEWVZ2VEg5dzdqWGJ5TGVpTmRkOFhNMnc5VS90N3kwRmYvOXlpMEdFNDRaYTRyRjJMTjlkMTFUUEENCm1SR3VuVUhCY25XRXZnSkJRbDluSkVpVTBac252Z2MvdWJoUGdYUlI0WHEzN1owajRyN2cxU2dFRXp3eEE1N2QNCmVteVB4Z2NZeG4vZVI0NC9LSjRFQnMrbFZEUjN2ZXlKbStrWFE5OWIyMS8ramg1WG9zMUFuWDVpSXRyZUdDYz0NCi0tLS0tRU5EIENFUlRJRklDQVRFLS0tLS0NCg0KPC9jYT4NCg0KDQojIyMjIyMjIyMjIyMjIyMjIyMjIyMjIyMjIyMjIyMjIyMjIyMjIyMjIyMjIyMjIyMjIyMjIyMjIyMjIyMjIyMjIyMjIyMjIyMjIyMjIyMjDQojIFRoZSBjbGllbnQgY2VydGlmaWNhdGUgZmlsZSAoZHVtbXkpLg0KIyANCiMgSW4gc29tZSBpbXBsZW1lbnRhdGlvbnMgb2YgT3BlblZQTiBDbGllbnQgc29mdHdhcmUNCiMgKGZvciBleGFtcGxlOiBPcGVuVlBOIENsaWVudCBmb3IgaU9TKSwNCiMgYSBwYWlyIG9mIGNsaWVudCBjZXJ0aWZpY2F0ZSBhbmQgcHJpdmF0ZSBrZXkgbXVzdCBiZSBpbmNsdWRlZCBvbiB0aGUNCiMgY29uZmlndXJhdGlvbiBmaWxlIGR1ZSB0byB0aGUgbGltaXRhdGlvbiBvZiB0aGUgY2xpZW50Lg0KIyBTbyB0aGlzIHNhbXBsZSBjb25maWd1cmF0aW9uIGZpbGUgaGFzIGEgZHVtbXkgcGFpciBvZiBjbGllbnQgY2VydGlmaWNhdGUNCiMgYW5kIHByaXZhdGUga2V5IGFzIGZvbGxvd3MuDQoNCjxjZXJ0Pg0KLS0tLS1CRUdJTiBDRVJUSUZJQ0FURS0tLS0tDQpNSUlDeGpDQ0FhNENBUUF3RFFZSktvWklodmNOQVFFRkJRQXdLVEVhTUJnR0ExVUVBeE1SVmxCT1IyRjBaVU5zDQphV1Z1ZEVObGNuUXhDekFKQmdOVkJBWVRBa3BRTUI0WERURXpNREl4TVRBek5EazBPVm9YRFRNM01ERXhPVEF6DQpNVFF3TjFvd0tURWFNQmdHQTFVRUF4TVJWbEJPUjJGMFpVTnNhV1Z1ZEVObGNuUXhDekFKQmdOVkJBWVRBa3BRDQpNSUlCSWpBTkJna3Foa2lHOXcwQkFRRUZBQU9DQVE4QU1JSUJDZ0tDQVFFQTVoMmxnUVFZVWp3b0tZSmJ6VlpBDQo1VmNJR2Q1b3RQYy9xWlJNdDBLSXRDRkEwczlSd1JlTlZhOWZEUkZMUkJoY0lUT2x2M0ZCY1czRThoMVVzN1JEDQo0VzhHbUplOHphcEpuTHNEMzlPU01SQ3paSm5jelc0T0NIMVBaUlpXS3FEdGpsTmNhOUFGOGE2NWpUbWxEeENRDQpDam50TElXazVPTExWa0Z0OS90U2NjMUdEdGNpNTVvZmhhTkFZTVBpSDdWOCsxZzY2cEdIWEFvV0s2QVFWSDY3DQpYQ0tKbkdCNW5sUStIc01ZUFYvTzQ5TGQ5MVpOLzJ0SGtjYUxMeU50eXd4VlBSU3NSaDQ4MGpqdTBmY0NzdjZoDQpwLzB5WG5UQi8vbVd1dEJHcGRVbElid2lJVGJBbXJzYlluamlnUnZuUHFYMVJOSlViaTlGcDZDMmMvSElGSkdEDQp5d0lEQVFBQk1BMEdDU3FHU0liM0RRRUJCUVVBQTRJQkFRQ2hPNWhnY3cvNG9XZm9FRkx1OWtCYTFCLy9reEg4DQpoUWtDaFZObjhCUkM3WTBVUlFpdFBsM0RLRWVkOVVSQkRkZzJLT0F6NzdiYjZFTlBpbGlEK2EzOFVKSElSTXFlDQpVQkhobGxPSEl6dkRoSEZiYW92QUxCUWNlZUJ6ZGtReHNLUUVTS21RbVI4MzI5NTBVQ292b3lSQjYxVXlBVjdoDQorbVpoWVBHUktYS1NKSTZzMEVnZy9DcmkrQ3drNGJqSmZyYjVoVnNlMTF5aDREOU1IaHdTZkNPSCswejRoUFVUDQpGa3U3ZEdhdlVSTzVTVnhNbi9zTDZFbjVEK29TZVhrYWRIcERzK0FpcnltMllIaDE1aDAralBTT29SNnlpVnAvDQo2elplWmtyTjQza3VTNzNLcEtERmpmRlBoOHQ0cjFnT0lqdHRrTmNRcUJjY3VzbnBsUTdISnBzaw0KLS0tLS1FTkQgQ0VSVElGSUNBVEUtLS0tLQ0KDQo8L2NlcnQ+DQoNCjxrZXk+DQotLS0tLUJFR0lOIFJTQSBQUklWQVRFIEtFWS0tLS0tDQpNSUlFcEFJQkFBS0NBUUVBNWgybGdRUVlVandvS1lKYnpWWkE1VmNJR2Q1b3RQYy9xWlJNdDBLSXRDRkEwczlSDQp3UmVOVmE5ZkRSRkxSQmhjSVRPbHYzRkJjVzNFOGgxVXM3UkQ0VzhHbUplOHphcEpuTHNEMzlPU01SQ3paSm5jDQp6VzRPQ0gxUFpSWldLcUR0amxOY2E5QUY4YTY1alRtbER4Q1FDam50TElXazVPTExWa0Z0OS90U2NjMUdEdGNpDQo1NW9maGFOQVlNUGlIN1Y4KzFnNjZwR0hYQW9XSzZBUVZINjdYQ0tKbkdCNW5sUStIc01ZUFYvTzQ5TGQ5MVpODQovMnRIa2NhTEx5TnR5d3hWUFJTc1JoNDgwamp1MGZjQ3N2NmhwLzB5WG5UQi8vbVd1dEJHcGRVbElid2lJVGJBDQptcnNiWW5qaWdSdm5QcVgxUk5KVWJpOUZwNkMyYy9ISUZKR0R5d0lEQVFBQkFvSUJBRVJWN1g1QXZ4QTh1UmlLDQprOFNJcHNEMGRYMXBKT01Jd2FrVVZ5dmM0RWZOMERoS1JOYjRyWW9TaUVHVEx5ekxweUJjL0EyOERsa201ZU9ZDQpmanpYZllrR3RZaS9GdHhrZzNPOXZjck1RNCs2aSt1R0hhSUwyckwrczRNcmZPOHYxeHY2K1dreTMzRUVHQ291DQpRaXdWR1JGUVhuUm9RNjJOQkNGYlVOTGhtWHdkajFha1p6TFU0cDVSNHpBM1FoZHh3RUlhdFZMdDArN293TFEzDQpsUDhzZlhocHBQT1hqVHFNRDRRa1l3elBBYTgvekY3YWNuNGtyeXJVUDdRNlBBZmQwekVWcU55OVpDWjlmZmhvDQp6WGVkRmo0ODZJRm9jNWduVHAyTjZqc25WajRMQ0dJaGxWSGxZR296S0tGcUpjUVZHc0hDcXExb3oyempXNkxTDQpvUllJSGdFQ2dZRUE4elpya0N3TllTWEp1T0RKM20vaE9MVnhjeGdKdXdYb2lFcldkMEU0MnZQYW5qalZNaG50DQpLWTVsOHFHTUo2RmhLOUxZeDJxQ3JmL0UwWHRVQVoyd1ZxM09SVHlHbnNNV3JlOXRMWXM1NVgrWk4xMFRjNzV6DQo0aGFjYlUwaHFLTjFIaURtc01SWTMvMk5hWkhveTdNS253SkpCYUc0OGw5Q0NUbFZ3TUhvY0lFQ2dZRUE4amJ5DQpkR2p4VEgrNlhIV05pemI1U1JiWnhBbnlFZUplUndUTWgwZ0d6d0dQcEgvc1pZR3p5dTBTeVNYV0NuWmgzUmdxDQo1dUxsTnh0clhybGpabHlpMm5RZFFnc3EyWXJXVXMwK3pnVSsyMnVRc1pwU0FmdG1oVnJ0dmV0Nk1qVmpiQnlZDQpEQURjaUVWVWRKWUlYaytxbkZVSnllcm9MSWtUajdXWUtaNlJqa3NDZ1lCb0NGSXdSRGVnNDJvSzg5UkZtbk9yDQpMeW1OQXE0KzJvTWhzV2xWYjRlaldJV2VBazluYytHWFVmclhzelJoUzAxbVVuVTVyNXlnVXZSY2FyVi9UM1U3DQpUbk1aK0k3WTREZ1dSSURkNTF6bmh4SUJ0WVY1ai9DL3Q4NUhqcU9rSCs4YjZSVGtiY2hhWDNtYXU3ZnBVZmRzDQpGcTBuaElxNDJmaEVPOHNyZllZd2dRS0JnUUN5aGkxTi84dGFSd3BrKzMvSURFelF3amJmZHpVa1dXU0RrOVhzDQpIL3BrdVJIV2ZUTVAzZmxXcUVZZ1cvTFc0MHBlVzJIRHE1aW1kVjgrQWdaeGUvWE1iYWppOUxnd2YxUlkwMDVuDQpLeGFaUXo3eXFIdXBXbExHRjY4RFBIeGtaVlZTYWdEblYvc3p0V1g2U0ZzQ3FGVm54SVhpZlhHQzRjVzVObTlnDQp2YThxNFFLQmdRQ0VoTFZlVWZkd0t2a1o5NGcvR0Z6NzMxWjJocmRWaGdNWmFVL3U2dDBWOTUrWWV6UE5DUVpCDQp3bUU5TW1sYnExZW1EZVJPaXZqQ2ZvR2hSM2taWFcxcFRLbExoNlpNVVFVT3BwdGRYdmE4WHhmb3FRd2EzZW5BDQpNN211QmJGMFhON1ZPODBpSlB2K1BtSVpkRUlBa3B3S2ZpMjAxWUIrQmFmQ0l1R3hJRjUwVmc9PQ0KLS0tLS1FTkQgUlNBIFBSSVZBVEUgS0VZLS0tLS0NCg0KPC9rZXk+DQoNCg==
vpn185070477,59.2.145.177,1432619,34,100561259,Korea Republic of,KR,93,2197987507,247299,31328799025871,2weeks,LAPTOP-145KBJ1H's owner,,IyMjIyMjIyMjIyMjIyMjIyMjIyMjIyMjIyMjIyMjIyMjIyMjIyMjIyMjIyMjIyMjIyMjIyMjIyMjIyMjIyMjIyMjIyMjIyMjIyMjIyMjIw0KIyBPcGVuVlBOIDIuMCBTYW1wbGUgQ29uZmlndXJhdGlvbiBGaWxlDQojIGZvciBQYWNrZXRpWCBWUE4gLyBTb2Z0RXRoZXIgVlBOIFNlcnZlcg0KIyANCiMgISEhIEFVVE8tR0VORVJBVEVEIEJZIFNPRlRFVEhFUiBWUE4gU0VSVkVSIE1BTkFHRU1FTlQgVE9PTCAhISENCiMgDQojICEhISBZT1UgSEFWRSBUTyBSRVZJRVcgSVQgQkVGT1JFIFVTRSBBTkQgTU9ESUZZIElUIEFTIE5FQ0VTU0FSWSAhISENCiMgDQojIFRoaXMgY29uZmlndXJhdGlvbiBmaWxlIGlzIGF1dG8tZ2VuZXJhdGVkLiBZb3UgbWlnaHQgdXNlIHRoaXMgY29uZmlnIGZpbGUNCiMgaW4gb3JkZXIgdG8gY29ubmVjdCB0byB0aGUgUGFja2V0aVggVlBOIC8gU29mdEV0aGVyIFZQTiBTZXJ2ZXIuDQojIEhvd2V2ZXIsIGJlZm9yZSB5b3UgdHJ5IGl0LCB5b3Ugc2hvdWxkIHJldmlldyB0aGUgZGVzY3JpcHRpb25zIG9mIHRoZSBmaWxlDQojIHRvIGRldGVybWluZSB0aGUgbmVjZXNzaXR5IHRvIG1vZGlmeSB0byBzdWl0YWJsZSBmb3IgeW91ciByZWFsIGVudmlyb25tZW50Lg0KIyBJZiBuZWNlc3NhcnksIHlvdSBoYXZlIHRvIG1vZGlmeSBhIGxpdHRsZSBhZGVxdWF0ZWx5IG9uIHRoZSBmaWxlLg0KIyBGb3IgZXhhbXBsZSwgdGhlIElQIGFkZHJlc3Mgb3IgdGhlIGhvc3RuYW1lIGFzIGEgZGVzdGluYXRpb24gVlBOIFNlcnZlcg0KIyBzaG91bGQgYmUgY29uZmlybWVkLg0KIyANCiMgTm90ZSB0aGF0IHRvIHVzZSBPcGVuVlBOIDIuMCwgeW91IGhhdmUgdG8gcHV0IHRoZSBjZXJ0aWZpY2F0aW9uIGZpbGUgb2YNCiMgdGhlIGRlc3RpbmF0aW9uIFZQTiBTZXJ2ZXIgb24gdGhlIE9wZW5WUE4gQ2xpZW50IGNvbXB1dGVyIHdoZW4geW91IHVzZSB0aGlzDQojIGNvbmZpZyBmaWxlLiBQbGVhc2UgcmVmZXIgdGhlIGJlbG93IGRlc2NyaXB0aW9ucyBjYXJlZnVsbHkuDQoNCg0KIyMjIyMjIyMjIyMjIyMjIyMjIyMjIyMjIyMjIyMjIyMjIyMjIyMjIyMjIyMjIyMjIyMjIyMjIyMjIyMjIyMjIyMjIyMjIyMjIyMjIyMjIw0KIyBTcGVjaWZ5IHRoZSB0eXBlIG9mIHRoZSBsYXllciBvZiB0aGUgVlBOIGNvbm5lY3Rpb24uDQojIA0KIyBUbyBjb25uZWN0IHRvIHRoZSBWUE4gU2VydmVyIGFzIGEgIlJlbW90ZS1BY2Nlc3MgVlBOIENsaWVudCBQQyIsDQojICBzcGVjaWZ5ICdkZXYgdHVuJy4gKExheWVyLTMgSVAgUm91dGluZyBNb2RlKQ0KIw0KIyBUbyBjb25uZWN0IHRvIHRoZSBWUE4gU2VydmVyIGFzIGEgYnJpZGdpbmcgZXF1aXBtZW50IG9mICJTaXRlLXRvLVNpdGUgVlBOIiwNCiMgIHNwZWNpZnkgJ2RldiB0YXAnLiAoTGF5ZXItMiBFdGhlcm5ldCBCcmlkZ2luZSBNb2RlKQ0KDQpkZXYgdHVuDQoNCg0KIyMjIyMjIyMjIyMjIyMjIyMjIyMjIyMjIyMjIyMjIyMjIyMjIyMjIyMjIyMjIyMjIyMjIyMjIyMjIyMjIyMjIyMjIyMjIyMjIyMjIyMjIw0KIyBTcGVjaWZ5IHRoZSB1bmRlcmx5aW5nIHByb3RvY29sIGJleW9uZCB0aGUgSW50ZXJuZXQuDQojIE5vdGUgdGhhdCB0aGlzIHNldHRpbmcgbXVzdCBiZSBjb3JyZXNwb25kIHdpdGggdGhlIGxpc3RlbmluZyBzZXR0aW5nIG9uDQojIHRoZSBWUE4gU2VydmVyLg0KIyANCiMgU3BlY2lmeSBlaXRoZXIgJ3Byb3RvIHRjcCcgb3IgJ3Byb3RvIHVkcCcuDQoNCnByb3RvIHRjcA0KDQoNCiMjIyMjIyMjIyMjIyMjIyMjIyMjIyMjIyMjIyMjIyMjIyMjIyMjIyMjIyMjIyMjIyMjIyMjIyMjIyMjIyMjIyMjIyMjIyMjIyMjIyMjIyMNCiMgVGhlIGRlc3RpbmF0aW9uIGhvc3RuYW1lIC8gSVAgYWRkcmVzcywgYW5kIHBvcnQgbnVtYmVyIG9mDQojIHRoZSB0YXJnZXQgVlBOIFNlcnZlci4NCiMgDQojIFlvdSBoYXZlIHRvIHNwZWNpZnkgYXMgJ3JlbW90ZSA8SE9TVE5BTUU+IDxQT1JUPicuIFlvdSBjYW4gYWxzbw0KIyBzcGVjaWZ5IHRoZSBJUCBhZGRyZXNzIGluc3RlYWQgb2YgdGhlIGhvc3RuYW1lLg0KIyANCiMgTm90ZSB0aGF0IHRoZSBhdXRvLWdlbmVyYXRlZCBiZWxvdyBob3N0bmFtZSBhcmUgYSAiYXV0by1kZXRlY3RlZA0KIyBJUCBhZGRyZXNzIiBvZiB0aGUgVlBOIFNlcnZlci4gWW91IGhhdmUgdG8gY29uZmlybSB0aGUgY29ycmVjdG5lc3MNCiMgYmVmb3JlaGFuZC4NCiMgDQojIFdoZW4geW91IHdhbnQgdG8gY29ubmVjdCB0byB0aGUgVlBOIFNlcnZlciBieSB1c2luZyBUQ1AgcHJvdG9jb2wsDQojIHRoZSBwb3J0IG51bWJlciBvZiB0aGUgZGVzdGluYXRpb24gVENQIHBvcnQgc2hvdWxkIGJlIHNhbWUgYXMgb25lIG9mDQojIHRoZSBhdmFpbGFibGUgVENQIGxpc3RlbmVycyBvbiB0aGUgVlBOIFNlcnZlci4NCiMgDQojIFdoZW4geW91IHVzZSBVRFAgcHJvdG9jb2wsIHRoZSBwb3J0IG51bWJlciBtdXN0IHNhbWUgYXMgdGhlIGNvbmZpZ3VyYXRpb24NCiMgc2V0dGluZyBvZiAiT3BlblZQTiBTZXJ2ZXIgQ29tcGF0aWJsZSBGdW5jdGlvbiIgb24gdGhlIFZQTiBTZXJ2ZXIuDQoNCnJlbW90ZSA1OS4yLjE0NS4xNzcgOTk1DQoNCg0KIyMjIyMjIyMjIyMjIyMjIyMjIyMjIyMjIyMjIyMjIyMjIyMjIyMjIyMjIyMjIyMjIyMjIyMjIyMjIyMjIyMjIyMjIyMjIyMjIyMjIyMjIw0KIyBUaGUgSFRUUC9IVFRQUyBwcm94eSBzZXR0aW5nLg0KIyANCiMgT25seSBpZiB5b3UgaGF2ZSB0byB1c2UgdGhlIEludGVybmV0IHZpYSBhIHByb3h5LCB1bmNvbW1lbnQgdGhlIGJlbG93DQojIHR3byBsaW5lcyBhbmQgc3BlY2lmeSB0aGUgcHJveHkgYWRkcmVzcyBhbmQgdGhlIHBvcnQgbnVtYmVyLg0KIyBJbiB0aGUgY2FzZSBvZiB1c2luZyBwcm94eS1hdXRoZW50aWNhdGlvbiwgcmVmZXIgdGhlIE9wZW5WUE4gbWFudWFsLg0KDQo7aHR0cC1wcm94eS1yZXRyeQ0KO2h0dHAtcHJveHkgW3Byb3h5IHNlcnZlcl0gW3Byb3h5IHBvcnRdDQoNCg0KIyMjIyMjIyMjIyMjIyMjIyMjIyMjIyMjIyMjIyMjIyMjIyMjIyMjIyMjIyMjIyMjIyMjIyMjIyMjIyMjIyMjIyMjIyMjIyMjIyMjIyMjIw0KIyBUaGUgZW5jcnlwdGlvbiBhbmQgYXV0aGVudGljYXRpb24gYWxnb3JpdGhtLg0KIyANCiMgRGVmYXVsdCBzZXR0aW5nIGlzIGdvb2QuIE1vZGlmeSBpdCBhcyB5b3UgcHJlZmVyLg0KIyBXaGVuIHlvdSBzcGVjaWZ5IGFuIHVuc3VwcG9ydGVkIGFsZ29yaXRobSwgdGhlIGVycm9yIHdpbGwgb2NjdXIuDQojIA0KIyBUaGUgc3VwcG9ydGVkIGFsZ29yaXRobXMgYXJlIGFzIGZvbGxvd3M6DQojICBjaXBoZXI6IFtOVUxMLUNJUEhFUl0gTlVMTCBBRVMtMTI4LUNCQyBBRVMtMTkyLUNCQyBBRVMtMjU2LUNCQyBCRi1DQkMNCiMgICAgICAgICAgQ0FTVC1DQkMgQ0FTVDUtQ0JDIERFUy1DQkMgREVTLUVERS1DQkMgREVTLUVERTMtQ0JDIERFU1gtQ0JDDQojICAgICAgICAgIFJDMi00MC1DQkMgUkMyLTY0LUNCQyBSQzItQ0JDDQojICBhdXRoOiAgIFNIQSBTSEExIE1ENSBNRDQgUk1EMTYwDQoNCmNpcGhlciBBRVMtMTI4LUNCQw0KYXV0aCBTSEExDQoNCg0KIyMjIyMjIyMjIyMjIyMjIyMjIyMjIyMjIyMjIyMjIyMjIyMjIyMjIyMjIyMjIyMjIyMjIyMjIyMjIyMjIyMjIyMjIyMjIyMjIyMjIyMjIw0KIyBPdGhlciBwYXJhbWV0ZXJzIG5lY2Vzc2FyeSB0byBjb25uZWN0IHRvIHRoZSBWUE4gU2VydmVyLg0KIyANCiMgSXQgaXMgbm90IHJlY29tbWVuZGVkIHRvIG1vZGlmeSBpdCB1bmxlc3MgeW91IGhhdmUgYSBwYXJ0aWN1bGFyIG5lZWQuDQoNCnJlc29sdi1yZXRyeSBpbmZpbml0ZQ0Kbm9iaW5kDQpwZXJzaXN0LWtleQ0KcGVyc2lzdC10dW4NCmNsaWVudA0KdmVyYiAzDQojYXV0aC11c2VyLXBhc3MNCg0KDQojIyMjIyMjIyMjIyMjIyMjIyMjIyMjIyMjIyMjIyMjIyMjIyMjIyMjIyMjIyMjIyMjIyMjIyMjIyMjIyMjIyMjIyMjIyMjIyMjIyMjIyMjDQojIFRoZSBjZXJ0aWZpY2F0ZSBmaWxlIG9mIHRoZSBkZXN0aW5hdGlvbiBWUE4gU2VydmVyLg0KIyANCiMgVGhlIENBIGNlcnRpZmljYXRlIGZpbGUgaXMgZW1iZWRkZWQgaW4gdGhlIGlubGluZSBmb3JtYXQuDQojIFlvdSBjYW4gcmVwbGFjZSB0aGlzIENBIGNvbnRlbnRzIGlmIG5lY2Vzc2FyeS4NCiMgUGxlYXNlIG5vdGUgdGhhdCBpZiB0aGUgc2VydmVyIGNlcnRpZmljYXRlIGlzIG5vdCBhIHNlbGYtc2lnbmVkLCB5b3UgaGF2ZSB0bw0KIyBzcGVjaWZ5IHRoZSBzaWduZXIncyByb290IGNlcnRpZmljYXRlIChDQSkgaGVyZS4NCg0KPGNhPg0KLS0tLS1CRUdJTiBDRVJUSUZJQ0FURS0tLS0tDQpNSUlGYXpDQ0ExT2dBd0lCQWdJUkFJSVF6N0RTUU9OWlJHUGd1Mk9DaXdBd0RRWUpLb1pJaHZjTkFRRUxCUUF3DQpUekVMTUFrR0ExVUVCaE1DVlZNeEtUQW5CZ05WQkFvVElFbHVkR1Z5Ym1WMElGTmxZM1Z5YVhSNUlGSmxjMlZoDQpjbU5vSUVkeWIzVndNUlV3RXdZRFZRUURFd3hKVTFKSElGSnZiM1FnV0RFd0hoY05NVFV3TmpBME1URXdORE00DQpXaGNOTXpVd05qQTBNVEV3TkRNNFdqQlBNUXN3Q1FZRFZRUUdFd0pWVXpFcE1DY0dBMVVFQ2hNZ1NXNTBaWEp1DQpaWFFnVTJWamRYSnBkSGtnVW1WelpXRnlZMmdnUjNKdmRYQXhGVEFUQmdOVkJBTVRERWxUVWtjZ1VtOXZkQ0JZDQpNVENDQWlJd0RRWUpLb1pJaHZjTkFRRUJCUUFEZ2dJUEFEQ0NBZ29DZ2dJQkFLM29KSFAwRkRmem01NHJWeWdjDQpoNzdjdDk4NGtJeHVQT1pYb0hqM2RjS2kvdlZxYnZZQVR5amIzbWlHYkVTVHRyRmovUlFTYTc4ZjB1b3hteUYrDQowVE04dWtqMTNYbmZzN2ovRXZFaG1rdkJpb1p4YVVwbVpteVBmanh3djYwcElnYno1TURtZ0s3aVM0KzNtWDZVDQpBNS9UUjVkOG1VZ2pVK2c0cms4S2I0TXUwVWxYaklCMHR0b3YwRGlOZXdOd0lSdDE4akE4K28rdTNkcGpxK3NXDQpUOEtPRVV0K3p3dm8vN1YzTHZTeWUwcmdUQklsREhDTkF5bWc0Vk1rN0JQWjdobS9FTE5LakQrSm8yRlIzcXlIDQpCNVQwWTNIc0x1SnZXNWlCNFlsY05IbHNkdTg3a0dKNTV0dWttaThteGRBUTRRN2UyUkNPRnZ1Mzk2ajN4K1VDDQpCNWlQTmdpVjUrSTNsZzAyZFo3N0RuS3hIWnU4QS9sSkJkaUIzUVcwS3RaQjZhd0JkcFVLRDlqZjFiMFNIelV2DQpLQmRzMHBqQnFBbGtkMjVITjdyT3JGbGVhSjEvY3RhSnhRWkJLVDVaUHQwbTlTVEpFYWRhbzB4QUgwYWhtYlduDQpPbEZ1aGp1ZWZYS25FZ1Y0V2UwK1VYZ1ZDd09QamRBdkJiSStlMG9jUzNNRkV2ekc2dUJRRTN4RGszU3p5blRuDQpqaDhCQ05BdzFGdHhOclFIdXNFd01GeEl0NEk3bUtaOVlJcWlveW1DekxxOWd3UWJvb01EUWFIV0JmRWJ3cmJ3DQpxSHlHTzBhb1NDcUkzSGFhZHI4ZmFxVTlHWS9yT1BOazNzZ3JEUW9vLy9mYjRoVkMxQ0xRSjEzaGVmNFk1M0NJDQpyVTdtMllzNnh0MG5VVzcvdkdUMU0wTlBBZ01CQUFHalFqQkFNQTRHQTFVZER3RUIvd1FFQXdJQkJqQVBCZ05WDQpIUk1CQWY4RUJUQURBUUgvTUIwR0ExVWREZ1FXQkJSNXRGbm1lN2JsNUFGemdBaUl5QnBZOXVtYmJqQU5CZ2txDQpoa2lHOXcwQkFRc0ZBQU9DQWdFQVZSOVlxYnl5cUZEUURMSFlHbWtnSnlrSXJHRjFYSXB1K0lMbGFTL1Y5bFpMDQp1Ymh6RUZuVElaZCs1MHh4KzdMU1lLMDVxQXZxRnlGV2hmRlFEbG5yenVCWjZickpGZStHblkrRWdQYms2WkdRDQozQmViWWh0RjhHYVYwbnh2d3VvNzd4L1B5OWF1Si9HcHNNaXUvWDErbXZvaUJPdi8yWC9xa1NzaXNSY09qL0tLDQpORnRZMlB3QnlWUzV1Q2JNaW9nemlVd3RoRHlDMys2V1Z3VzZMTHYzeExmSFRqdUN2akhJSW5Oemt0SENnS1E1DQpPUkF6STRKTVBKK0dzbFdZSGI0cGhvd2ltNTdpYXp0WE9vSndUZHdKeDRuTENnZE5iT2hkanNudnpxdkh1N1VyDQpUa1hXU3RBbXpPVnl5Z2hxcFpYakZhSDNwTzNKTEYrbCsvK3NLQUl1dnRkN3UrTnhlNUFXMHdkZVJsTjhOd2RDDQpqTlBFbHB6Vm1iVXE0SlVhZ0VpdVREa0h6c3hIcEZLVks3cTQrNjNTTTFOOTVSMU5iZFdoc2NkQ2IrWkFKelZjDQpveWkzQjQzbmpUT1E1eU9mKzFDY2VXeEcxYlFWczVadWZwc01sanE0VWkwLzFsdmgrd2pDaFA0a3FLT0oycXhxDQo0Umdxc2FoRFlWdlRIOXc3alhieUxlaU5kZDhYTTJ3OVUvdDd5MEZmLzl5aTBHRTQ0WmE0ckYyTE45ZDExVFBBDQptUkd1blVIQmNuV0V2Z0pCUWw5bkpFaVUwWnNudmdjL3ViaFBnWFJSNFhxMzdaMGo0cjdnMVNnRUV6d3hBNTdkDQplbXlQeGdjWXhuL2VSNDQvS0o0RUJzK2xWRFIzdmV5Sm0ra1hROTliMjEvK2poNVhvczFBblg1aUl0cmVHQ2M9DQotLS0tLUVORCBDRVJUSUZJQ0FURS0tLS0tDQoNCjwvY2E+DQoNCg0KIyMjIyMjIyMjIyMjIyMjIyMjIyMjIyMjIyMjIyMjIyMjIyMjIyMjIyMjIyMjIyMjIyMjIyMjIyMjIyMjIyMjIyMjIyMjIyMjIyMjIyMjIw0KIyBUaGUgY2xpZW50IGNlcnRpZmljYXRlIGZpbGUgKGR1bW15KS4NCiMgDQojIEluIHNvbWUgaW1wbGVtZW50YXRpb25zIG9mIE9wZW5WUE4gQ2xpZW50IHNvZnR3YXJlDQojIChmb3IgZXhhbXBsZTogT3BlblZQTiBDbGllbnQgZm9yIGlPUyksDQojIGEgcGFpciBvZiBjbGllbnQgY2VydGlmaWNhdGUgYW5kIHByaXZhdGUga2V5IG11c3QgYmUgaW5jbHVkZWQgb24gdGhlDQojIGNvbmZpZ3VyYXRpb24gZmlsZSBkdWUgdG8gdGhlIGxpbWl0YXRpb24gb2YgdGhlIGNsaWVudC4NCiMgU28gdGhpcyBzYW1wbGUgY29uZmlndXJhdGlvbiBmaWxlIGhhcyBhIGR1bW15IHBhaXIgb2YgY2xpZW50IGNlcnRpZmljYXRlDQojIGFuZCBwcml2YXRlIGtleSBhcyBmb2xsb3dzLg0KDQo8Y2VydD4NCi0tLS0tQkVHSU4gQ0VSVElGSUNBVEUtLS0tLQ0KTUlJQ3hqQ0NBYTRDQVFBd0RRWUpLb1pJaHZjTkFRRUZCUUF3S1RFYU1CZ0dBMVVFQXhNUlZsQk9SMkYwWlVOcw0KYVdWdWRFTmxjblF4Q3pBSkJnTlZCQVlUQWtwUU1CNFhEVEV6TURJeE1UQXpORGswT1ZvWERUTTNNREV4T1RBeg0KTVRRd04xb3dLVEVhTUJnR0ExVUVBeE1SVmxCT1IyRjBaVU5zYVdWdWRFTmxjblF4Q3pBSkJnTlZCQVlUQWtwUQ0KTUlJQklqQU5CZ2txaGtpRzl3MEJBUUVGQUFPQ0FROEFNSUlCQ2dLQ0FRRUE1aDJsZ1FRWVVqd29LWUpielZaQQ0KNVZjSUdkNW90UGMvcVpSTXQwS0l0Q0ZBMHM5UndSZU5WYTlmRFJGTFJCaGNJVE9sdjNGQmNXM0U4aDFVczdSRA0KNFc4R21KZTh6YXBKbkxzRDM5T1NNUkN6WkpuY3pXNE9DSDFQWlJaV0txRHRqbE5jYTlBRjhhNjVqVG1sRHhDUQ0KQ2pudExJV2s1T0xMVmtGdDkvdFNjYzFHRHRjaTU1b2ZoYU5BWU1QaUg3VjgrMWc2NnBHSFhBb1dLNkFRVkg2Nw0KWENLSm5HQjVubFErSHNNWVBWL080OUxkOTFaTi8ydEhrY2FMTHlOdHl3eFZQUlNzUmg0ODBqanUwZmNDc3Y2aA0KcC8weVhuVEIvL21XdXRCR3BkVWxJYndpSVRiQW1yc2JZbmppZ1J2blBxWDFSTkpVYmk5RnA2QzJjL0hJRkpHRA0KeXdJREFRQUJNQTBHQ1NxR1NJYjNEUUVCQlFVQUE0SUJBUUNoTzVoZ2N3LzRvV2ZvRUZMdTlrQmExQi8va3hIOA0KaFFrQ2hWTm44QlJDN1kwVVJRaXRQbDNES0VlZDlVUkJEZGcyS09Bejc3YmI2RU5QaWxpRCthMzhVSkhJUk1xZQ0KVUJIaGxsT0hJenZEaEhGYmFvdkFMQlFjZWVCemRrUXhzS1FFU0ttUW1SODMyOTUwVUNvdm95UkI2MVV5QVY3aA0KK21aaFlQR1JLWEtTSkk2czBFZ2cvQ3JpK0N3azRiakpmcmI1aFZzZTExeWg0RDlNSGh3U2ZDT0grMHo0aFBVVA0KRmt1N2RHYXZVUk81U1Z4TW4vc0w2RW41RCtvU2VYa2FkSHBEcytBaXJ5bTJZSGgxNWgwK2pQU09vUjZ5aVZwLw0KNnpaZVprck40M2t1UzczS3BLREZqZkZQaDh0NHIxZ09JanR0a05jUXFCY2N1c25wbFE3SEpwc2sNCi0tLS0tRU5EIENFUlRJRklDQVRFLS0tLS0NCg0KPC9jZXJ0Pg0KDQo8a2V5Pg0KLS0tLS1CRUdJTiBSU0EgUFJJVkFURSBLRVktLS0tLQ0KTUlJRXBBSUJBQUtDQVFFQTVoMmxnUVFZVWp3b0tZSmJ6VlpBNVZjSUdkNW90UGMvcVpSTXQwS0l0Q0ZBMHM5Ug0Kd1JlTlZhOWZEUkZMUkJoY0lUT2x2M0ZCY1czRThoMVVzN1JENFc4R21KZTh6YXBKbkxzRDM5T1NNUkN6WkpuYw0Kelc0T0NIMVBaUlpXS3FEdGpsTmNhOUFGOGE2NWpUbWxEeENRQ2pudExJV2s1T0xMVmtGdDkvdFNjYzFHRHRjaQ0KNTVvZmhhTkFZTVBpSDdWOCsxZzY2cEdIWEFvV0s2QVFWSDY3WENLSm5HQjVubFErSHNNWVBWL080OUxkOTFaTg0KLzJ0SGtjYUxMeU50eXd4VlBSU3NSaDQ4MGpqdTBmY0NzdjZocC8weVhuVEIvL21XdXRCR3BkVWxJYndpSVRiQQ0KbXJzYlluamlnUnZuUHFYMVJOSlViaTlGcDZDMmMvSElGSkdEeXdJREFRQUJBb0lCQUVSVjdYNUF2eEE4dVJpSw0KazhTSXBzRDBkWDFwSk9NSXdha1VWeXZjNEVmTjBEaEtSTmI0cllvU2lFR1RMeXpMcHlCYy9BMjhEbGttNWVPWQ0KZmp6WGZZa0d0WWkvRnR4a2czTzl2Y3JNUTQrNmkrdUdIYUlMMnJMK3M0TXJmTzh2MXh2NitXa3kzM0VFR0NvdQ0KUWl3VkdSRlFYblJvUTYyTkJDRmJVTkxobVh3ZGoxYWtaekxVNHA1UjR6QTNRaGR4d0VJYXRWTHQwKzdvd0xRMw0KbFA4c2ZYaHBwUE9YalRxTUQ0UWtZd3pQQWE4L3pGN2FjbjRrcnlyVVA3UTZQQWZkMHpFVnFOeTlaQ1o5ZmZobw0KelhlZEZqNDg2SUZvYzVnblRwMk42anNuVmo0TENHSWhsVkhsWUdvektLRnFKY1FWR3NIQ3FxMW96MnpqVzZMUw0Kb1JZSUhnRUNnWUVBOHpacmtDd05ZU1hKdU9ESjNtL2hPTFZ4Y3hnSnV3WG9pRXJXZDBFNDJ2UGFuampWTWhudA0KS1k1bDhxR01KNkZoSzlMWXgycUNyZi9FMFh0VUFaMndWcTNPUlR5R25zTVdyZTl0TFlzNTVYK1pOMTBUYzc1eg0KNGhhY2JVMGhxS04xSGlEbXNNUlkzLzJOYVpIb3k3TUtud0pKQmFHNDhsOUNDVGxWd01Ib2NJRUNnWUVBOGpieQ0KZEdqeFRIKzZYSFdOaXpiNVNSYlp4QW55RWVKZVJ3VE1oMGdHendHUHBIL3NaWUd6eXUwU3lTWFdDblpoM1JncQ0KNXVMbE54dHJYcmxqWmx5aTJuUWRRZ3NxMllyV1VzMCt6Z1UrMjJ1UXNacFNBZnRtaFZydHZldDZNalZqYkJ5WQ0KREFEY2lFVlVkSllJWGsrcW5GVUp5ZXJvTElrVGo3V1lLWjZSamtzQ2dZQm9DRkl3UkRlZzQyb0s4OVJGbW5Pcg0KTHltTkFxNCsyb01oc1dsVmI0ZWpXSVdlQWs5bmMrR1hVZnJYc3pSaFMwMW1VblU1cjV5Z1V2UmNhclYvVDNVNw0KVG5NWitJN1k0RGdXUklEZDUxem5oeElCdFlWNWovQy90ODVIanFPa0grOGI2UlRrYmNoYVgzbWF1N2ZwVWZkcw0KRnEwbmhJcTQyZmhFTzhzcmZZWXdnUUtCZ1FDeWhpMU4vOHRhUndwayszL0lERXpRd2piZmR6VWtXV1NEazlYcw0KSC9wa3VSSFdmVE1QM2ZsV3FFWWdXL0xXNDBwZVcySERxNWltZFY4K0FnWnhlL1hNYmFqaTlMZ3dmMVJZMDA1bg0KS3hhWlF6N3lxSHVwV2xMR0Y2OERQSHhrWlZWU2FnRG5WL3N6dFdYNlNGc0NxRlZueElYaWZYR0M0Y1c1Tm05Zw0KdmE4cTRRS0JnUUNFaExWZVVmZHdLdmtaOTRnL0dGejczMVoyaHJkVmhnTVphVS91NnQwVjk1K1llelBOQ1FaQg0Kd21FOU1tbGJxMWVtRGVST2l2akNmb0doUjNrWlhXMXBUS2xMaDZaTVVRVU9wcHRkWHZhOFh4Zm9xUXdhM2VuQQ0KTTdtdUJiRjBYTjdWTzgwaUpQditQbUlaZEVJQWtwd0tmaTIwMVlCK0JhZkNJdUd4SUY1MFZnPT0NCi0tLS0tRU5EIFJTQSBQUklWQVRFIEtFWS0tLS0tDQoNCjwva2V5Pg0KDQo=
vpn491348575,184.68.30.116,1421246,20,28077435,Canada,CA,74,3174946507,797393,70956071989771,2weeks,takamidellhome's owner,,IyMjIyMjIyMjIyMjIyMjIyMjIyMjIyMjIyMjIyMjIyMjIyMjIyMjIyMjIyMjIyMjIyMjIyMjIyMjIyMjIyMjIyMjIyMjIyMjIyMjIyMjIw0KIyBPcGVuVlBOIDIuMCBTYW1wbGUgQ29uZmlndXJhdGlvbiBGaWxlDQojIGZvciBQYWNrZXRpWCBWUE4gLyBTb2Z0RXRoZXIgVlBOIFNlcnZlcg0KIyANCiMgISEhIEFVVE8tR0VORVJBVEVEIEJZIFNPRlRFVEhFUiBWUE4gU0VSVkVSIE1BTkFHRU1FTlQgVE9PTCAhISENCiMgDQojICEhISBZT1UgSEFWRSBUTyBSRVZJRVcgSVQgQkVGT1JFIFVTRSBBTkQgTU9ESUZZIElUIEFTIE5FQ0VTU0FSWSAhISENCiMgDQojIFRoaXMgY29uZmlndXJhdGlvbiBmaWxlIGlzIGF1dG8tZ2VuZXJhdGVkLiBZb3UgbWlnaHQgdXNlIHRoaXMgY29uZmlnIGZpbGUNCiMgaW4gb3JkZXIgdG8gY29ubmVjdCB0byB0aGUgUGFja2V0aVggVlBOIC8gU29mdEV0aGVyIFZQTiBTZXJ2ZXIuDQojIEhvd2V2ZXIsIGJlZm9yZSB5b3UgdHJ5IGl0LCB5b3Ugc2hvdWxkIHJldmlldyB0aGUgZGVzY3JpcHRpb25zIG9mIHRoZSBmaWxlDQojIHRvIGRldGVybWluZSB0aGUgbmVjZXNzaXR5IHRvIG1vZGlmeSB0byBzdWl0YWJsZSBmb3IgeW91ciByZWFsIGVudmlyb25tZW50Lg0KIyBJZiBuZWNlc3NhcnksIHlvdSBoYXZlIHRvIG1vZGlmeSBhIGxpdHRsZSBhZGVxdWF0ZWx5IG9uIHRoZSBmaWxlLg0KIyBGb3IgZXhhbXBsZSwgdGhlIElQIGFkZHJlc3Mgb3IgdGhlIGhvc3RuYW1lIGFzIGEgZGVzdGluYXRpb24gVlBOIFNlcnZlcg0KIyBzaG91bGQgYmUgY29uZmlybWVkLg0KIyANCiMgTm90ZSB0aGF0IHRvIHVzZSBPcGVuVlBOIDIuMCwgeW91IGhhdmUgdG8gcHV0IHRoZSBjZXJ0aWZpY2F0aW9uIGZpbGUgb2YNCiMgdGhlIGRlc3RpbmF0aW9uIFZQTiBTZXJ2ZXIgb24gdGhlIE9wZW5WUE4gQ2xpZW50IGNvbXB1dGVyIHdoZW4geW91IHVzZSB0aGlzDQojIGNvbmZpZyBmaWxlLiBQbGVhc2UgcmVmZXIgdGhlIGJlbG93IGRlc2NyaXB0aW9ucyBjYXJlZnVsbHkuDQoNCg0KIyMjIyMjIyMjIyMjIyMjIyMjIyMjIyMjIyMjIyMjIyMjIyMjIyMjIyMjIyMjIyMjIyMjIyMjIyMjIyMjIyMjIyMjIyMjIyMjIyMjIyMjIw0KIyBTcGVjaWZ5IHRoZSB0eXBlIG9mIHRoZSBsYXllciBvZiB0aGUgVlBOIGNvbm5lY3Rpb24uDQojIA0KIyBUbyBjb25uZWN0IHRvIHRoZSBWUE4gU2VydmVyIGFzIGEgIlJlbW90ZS1BY2Nlc3MgVlBOIENsaWVudCBQQyIsDQojICBzcGVjaWZ5ICdkZXYgdHVuJy4gKExheWVyLTMgSVAgUm91dGluZyBNb2RlKQ0KIw0KIyBUbyBjb25uZWN0IHRvIHRoZSBWUE4gU2VydmVyIGFzIGEgYnJpZGdpbmcgZXF1aXBtZW50IG9mICJTaXRlLXRvLVNpdGUgVlBOIiwNCiMgIHNwZWNpZnkgJ2RldiB0YXAnLiAoTGF5ZXItMiBFdGhlcm5ldCBCcmlkZ2luZSBNb2RlKQ0KDQpkZXYgdHVuDQoNCg0KIyMjIyMjIyMjIyMjIyMjIyMjIyMjIyMjIyMjIyMjIyMjIyMjIyMjIyMjIyMjIyMjIyMjIyMjIyMjIyMjIyMjIyMjIyMjIyMjIyMjIyMjIw0KIyBTcGVjaWZ5IHRoZSB1bmRlcmx5aW5nIHByb3RvY29sIGJleW9uZCB0aGUgSW50ZXJuZXQuDQojIE5vdGUgdGhhdCB0aGlzIHNldHRpbmcgbXVzdCBiZSBjb3JyZXNwb25kIHdpdGggdGhlIGxpc3RlbmluZyBzZXR0aW5nIG9uDQojIHRoZSBWUE4gU2VydmVyLg0KIyANCiMgU3BlY2lmeSBlaXRoZXIgJ3Byb3RvIHRjcCcgb3IgJ3Byb3RvIHVkcCcuDQoNCnByb3RvIHRjcA0KDQoNCiMjIyMjIyMjIyMjIyMjIyMjIyMjIyMjIyMjIyMjIyMjIyMjIyMjIyMjIyMjIyMjIyMjIyMjIyMjIyMjIyMjIyMjIyMjIyMjIyMjIyMjIyMNCiMgVGhlIGRlc3RpbmF0aW9uIGhvc3RuYW1lIC8gSVAgYWRkcmVzcywgYW5kIHBvcnQgbnVtYmVyIG9mDQojIHRoZSB0YXJnZXQgVlBOIFNlcnZlci4NCiMgDQojIFlvdSBoYXZlIHRvIHNwZWNpZnkgYXMgJ3JlbW90ZSA8SE9TVE5BTUU+IDxQT1JUPicuIFlvdSBjYW4gYWxzbw0KIyBzcGVjaWZ5IHRoZSBJUCBhZGRyZXNzIGluc3RlYWQgb2YgdGhlIGhvc3RuYW1lLg0KIyANCiMgTm90ZSB0aGF0IHRoZSBhdXRvLWdlbmVyYXRlZCBiZWxvdyBob3N0bmFtZSBhcmUgYSAiYXV0by1kZXRlY3RlZA0KIyBJUCBhZGRyZXNzIiBvZiB0aGUgVlBOIFNlcnZlci4gWW91IGhhdmUgdG8gY29uZmlybSB0aGUgY29ycmVjdG5lc3MNCiMgYmVmb3JlaGFuZC4NCiMgDQojIFdoZW4geW91IHdhbnQgdG8gY29ubmVjdCB0byB0aGUgVlBOIFNlcnZlciBieSB1c2luZyBUQ1AgcHJvdG9jb2wsDQojIHRoZSBwb3J0IG51bWJlciBvZiB0aGUgZGVzdGluYXRpb24gVENQIHBvcnQgc2hvdWxkIGJlIHNhbWUgYXMgb25lIG9mDQojIHRoZSBhdmFpbGFibGUgVENQIGxpc3RlbmVycyBvbiB0aGUgVlBOIFNlcnZlci4NCiMgDQojIFdoZW4geW91IHVzZSBVRFAgcHJvdG9jb2wsIHRoZSBwb3J0IG51bWJlciBtdXN0IHNhbWUgYXMgdGhlIGNvbmZpZ3VyYXRpb24NCiMgc2V0dGluZyBvZiAiT3BlblZQTiBTZXJ2ZXIgQ29tcGF0aWJsZSBGdW5jdGlvbiIgb24gdGhlIFZQTiBTZXJ2ZXIuDQoNCnJlbW90ZSAxODQuNjguMzAuMTE2IDE2OTcNCg0KDQojIyMjIyMjIyMjIyMjIyMjIyMjIyMjIyMjIyMjIyMjIyMjIyMjIyMjIyMjIyMjIyMjIyMjIyMjIyMjIyMjIyMjIyMjIyMjIyMjIyMjIyMjDQojIFRoZSBIVFRQL0hUVFBTIHByb3h5IHNldHRpbmcuDQojIA0KIyBPbmx5IGlmIHlvdSBoYXZlIHRvIHVzZSB0aGUgSW50ZXJuZXQgdmlhIGEgcHJveHksIHVuY29tbWVudCB0aGUgYmVsb3cNCiMgdHdvIGxpbmVzIGFuZCBzcGVjaWZ5IHRoZSBwcm94eSBhZGRyZXNzIGFuZCB0aGUgcG9ydCBudW1iZXIuDQojIEluIHRoZSBjYXNlIG9mIHVzaW5nIHByb3h5LWF1dGhlbnRpY2F0aW9uLCByZWZlciB0aGUgT3BlblZQTiBtYW51YWwuDQoNCjtodHRwLXByb3h5LXJldHJ5DQo7aHR0cC1wcm94eSBbcHJveHkgc2VydmVyXSBbcHJveHkgcG9ydF0NCg0KDQojIyMjIyMjIyMjIyMjIyMjIyMjIyMjIyMjIyMjIyMjIyMjIyMjIyMjIyMjIyMjIyMjIyMjIyMjIyMjIyMjIyMjIyMjIyMjIyMjIyMjIyMjDQojIFRoZSBlbmNyeXB0aW9uIGFuZCBhdXRoZW50aWNhdGlvbiBhbGdvcml0aG0uDQojIA0KIyBEZWZhdWx0IHNldHRpbmcgaXMgZ29vZC4gTW9kaWZ5IGl0IGFzIHlvdSBwcmVmZXIuDQojIFdoZW4geW91IHNwZWNpZnkgYW4gdW5zdXBwb3J0ZWQgYWxnb3JpdGhtLCB0aGUgZXJyb3Igd2lsbCBvY2N1ci4NCiMgDQojIFRoZSBzdXBwb3J0ZWQgYWxnb3JpdGhtcyBhcmUgYXMgZm9sbG93czoNCiMgIGNpcGhlcjogW05VTEwtQ0lQSEVSXSBOVUxMIEFFUy0xMjgtQ0JDIEFFUy0xOTItQ0JDIEFFUy0yNTYtQ0JDIEJGLUNCQw0KIyAgICAgICAgICBDQVNULUNCQyBDQVNUNS1DQkMgREVTLUNCQyBERVMtRURFLUNCQyBERVMtRURFMy1DQkMgREVTWC1DQkMNCiMgICAgICAgICAgUkMyLTQwLUNCQyBSQzItNjQtQ0JDIFJDMi1DQkMNCiMgIGF1dGg6ICAgU0hBIFNIQTEgTUQ1IE1ENCBSTUQxNjANCg0KY2lwaGVyIEFFUy0xMjgtQ0JDDQphdXRoIFNIQTENCg0KDQojIyMjIyMjIyMjIyMjIyMjIyMjIyMjIyMjIyMjIyMjIyMjIyMjIyMjIyMjIyMjIyMjIyMjIyMjIyMjIyMjIyMjIyMjIyMjIyMjIyMjIyMjDQojIE90aGVyIHBhcmFtZXRlcnMgbmVjZXNzYXJ5IHRvIGNvbm5lY3QgdG8gdGhlIFZQTiBTZXJ2ZXIuDQojIA0KIyBJdCBpcyBub3QgcmVjb21tZW5kZWQgdG8gbW9kaWZ5IGl0IHVubGVzcyB5b3UgaGF2ZSBhIHBhcnRpY3VsYXIgbmVlZC4NCg0KcmVzb2x2LXJldHJ5IGluZmluaXRlDQpub2JpbmQNCnBlcnNpc3Qta2V5DQpwZXJzaXN0LXR1bg0KY2xpZW50DQp2ZXJiIDMNCiNhdXRoLXVzZXItcGFzcw0KDQoNCiMjIyMjIyMjIyMjIyMjIyMjIyMjIyMjIyMjIyMjIyMjIyMjIyMjIyMjIyMjIyMjIyMjIyMjIyMjIyMjIyMjIyMjIyMjIyMjIyMjIyMjIyMNCiMgVGhlIGNlcnRpZmljYXRlIGZpbGUgb2YgdGhlIGRlc3RpbmF0aW9uIFZQTiBTZXJ2ZXIuDQojIA0KIyBUaGUgQ0EgY2VydGlmaWNhdGUgZmlsZSBpcyBlbWJlZGRlZCBpbiB0aGUgaW5saW5lIGZvcm1hdC4NCiMgWW91IGNhbiByZXBsYWNlIHRoaXMgQ0EgY29udGVudHMgaWYgbmVjZXNzYXJ5Lg0KIyBQbGVhc2Ugbm90ZSB0aGF0IGlmIHRoZSBzZXJ2ZXIgY2VydGlmaWNhdGUgaXMgbm90IGEgc2VsZi1zaWduZWQsIHlvdSBoYXZlIHRvDQojIHNwZWNpZnkgdGhlIHNpZ25lcidzIHJvb3QgY2VydGlmaWNhdGUgKENBKSBoZXJlLg0KDQo8Y2E+DQotLS0tLUJFR0lOIENFUlRJRklDQVRFLS0tLS0NCk1JSUZhekNDQTFPZ0F3SUJBZ0lSQUlJUXo3RFNRT05aUkdQZ3UyT0Npd0F3RFFZSktvWklodmNOQVFFTEJRQXcNClR6RUxNQWtHQTFVRUJoTUNWVk14S1RBbkJnTlZCQW9USUVsdWRHVnlibVYwSUZObFkzVnlhWFI1SUZKbGMyVmgNCmNtTm9JRWR5YjNWd01SVXdFd1lEVlFRREV3eEpVMUpISUZKdmIzUWdXREV3SGhjTk1UVXdOakEwTVRFd05ETTQNCldoY05NelV3TmpBME1URXdORE00V2pCUE1Rc3dDUVlEVlFRR0V3SlZVekVwTUNjR0ExVUVDaE1nU1c1MFpYSnUNClpYUWdVMlZqZFhKcGRIa2dVbVZ6WldGeVkyZ2dSM0p2ZFhBeEZUQVRCZ05WQkFNVERFbFRVa2NnVW05dmRDQlkNCk1UQ0NBaUl3RFFZSktvWklodmNOQVFFQkJRQURnZ0lQQURDQ0Fnb0NnZ0lCQUszb0pIUDBGRGZ6bTU0clZ5Z2MNCmg3N2N0OTg0a0l4dVBPWlhvSGozZGNLaS92VnFidllBVHlqYjNtaUdiRVNUdHJGai9SUVNhNzhmMHVveG15RisNCjBUTTh1a2oxM1huZnM3ai9FdkVobWt2QmlvWnhhVXBtWm15UGZqeHd2NjBwSWdiejVNRG1nSzdpUzQrM21YNlUNCkE1L1RSNWQ4bVVnalUrZzRyazhLYjRNdTBVbFhqSUIwdHRvdjBEaU5ld053SVJ0MThqQTgrbyt1M2RwanErc1cNClQ4S09FVXQrend2by83VjNMdlN5ZTByZ1RCSWxESENOQXltZzRWTWs3QlBaN2htL0VMTktqRCtKbzJGUjNxeUgNCkI1VDBZM0hzTHVKdlc1aUI0WWxjTkhsc2R1ODdrR0o1NXR1a21pOG14ZEFRNFE3ZTJSQ09GdnUzOTZqM3grVUMNCkI1aVBOZ2lWNStJM2xnMDJkWjc3RG5LeEhadThBL2xKQmRpQjNRVzBLdFpCNmF3QmRwVUtEOWpmMWIwU0h6VXYNCktCZHMwcGpCcUFsa2QyNUhON3JPckZsZWFKMS9jdGFKeFFaQktUNVpQdDBtOVNUSkVhZGFvMHhBSDBhaG1iV24NCk9sRnVoanVlZlhLbkVnVjRXZTArVVhnVkN3T1BqZEF2QmJJK2Uwb2NTM01GRXZ6RzZ1QlFFM3hEazNTenluVG4NCmpoOEJDTkF3MUZ0eE5yUUh1c0V3TUZ4SXQ0STdtS1o5WUlxaW95bUN6THE5Z3dRYm9vTURRYUhXQmZFYndyYncNCnFIeUdPMGFvU0NxSTNIYWFkcjhmYXFVOUdZL3JPUE5rM3NnckRRb28vL2ZiNGhWQzFDTFFKMTNoZWY0WTUzQ0kNCnJVN20yWXM2eHQwblVXNy92R1QxTTBOUEFnTUJBQUdqUWpCQU1BNEdBMVVkRHdFQi93UUVBd0lCQmpBUEJnTlYNCkhSTUJBZjhFQlRBREFRSC9NQjBHQTFVZERnUVdCQlI1dEZubWU3Ymw1QUZ6Z0FpSXlCcFk5dW1iYmpBTkJna3ENCmhraUc5dzBCQVFzRkFBT0NBZ0VBVlI5WXFieXlxRkRRRExIWUdta2dKeWtJckdGMVhJcHUrSUxsYVMvVjlsWkwNCnViaHpFRm5USVpkKzUweHgrN0xTWUswNXFBdnFGeUZXaGZGUURsbnJ6dUJaNmJySkZlK0duWStFZ1BiazZaR1ENCjNCZWJZaHRGOEdhVjBueHZ3dW83N3gvUHk5YXVKL0dwc01pdS9YMSttdm9pQk92LzJYL3FrU3Npc1JjT2ovS0sNCk5GdFkyUHdCeVZTNXVDYk1pb2d6aVV3dGhEeUMzKzZXVndXNkxMdjN4TGZIVGp1Q3ZqSElJbk56a3RIQ2dLUTUNCk9SQXpJNEpNUEorR3NsV1lIYjRwaG93aW01N2lhenRYT29Kd1Rkd0p4NG5MQ2dkTmJPaGRqc252enF2SHU3VXINClRrWFdTdEFtek9WeXlnaHFwWlhqRmFIM3BPM0pMRitsKy8rc0tBSXV2dGQ3dStOeGU1QVcwd2RlUmxOOE53ZEMNCmpOUEVscHpWbWJVcTRKVWFnRWl1VERrSHpzeEhwRktWSzdxNCs2M1NNMU45NVIxTmJkV2hzY2RDYitaQUp6VmMNCm95aTNCNDNualRPUTV5T2YrMUNjZVd4RzFiUVZzNVp1ZnBzTWxqcTRVaTAvMWx2aCt3akNoUDRrcUtPSjJxeHENCjRSZ3FzYWhEWVZ2VEg5dzdqWGJ5TGVpTmRkOFhNMnc5VS90N3kwRmYvOXlpMEdFNDRaYTRyRjJMTjlkMTFUUEENCm1SR3VuVUhCY25XRXZnSkJRbDluSkVpVTBac252Z2MvdWJoUGdYUlI0WHEzN1owajRyN2cxU2dFRXp3eEE1N2QNCmVteVB4Z2NZeG4vZVI0NC9LSjRFQnMrbFZEUjN2ZXlKbStrWFE5OWIyMS8ramg1WG9zMUFuWDVpSXRyZUdDYz0NCi0tLS0tRU5EIENFUlRJRklDQVRFLS0tLS0NCg0KPC9jYT4NCg0KDQojIyMjIyMjIyMjIyMjIyMjIyMjIyMjIyMjIyMjIyMjIyMjIyMjIyMjIyMjIyMjIyMjIyMjIyMjIyMjIyMjIyMjIyMjIyMjIyMjIyMjIyMjDQojIFRoZSBjbGllbnQgY2VydGlmaWNhdGUgZmlsZSAoZHVtbXkpLg0KIyANCiMgSW4gc29tZSBpbXBsZW1lbnRhdGlvbnMgb2YgT3BlblZQTiBDbGllbnQgc29mdHdhcmUNCiMgKGZvciBleGFtcGxlOiBPcGVuVlBOIENsaWVudCBmb3IgaU9TKSwNCiMgYSBwYWlyIG9mIGNsaWVudCBjZXJ0aWZpY2F0ZSBhbmQgcHJpdmF0ZSBrZXkgbXVzdCBiZSBpbmNsdWRlZCBvbiB0aGUNCiMgY29uZmlndXJhdGlvbiBmaWxlIGR1ZSB0byB0aGUgbGltaXRhdGlvbiBvZiB0aGUgY2xpZW50Lg0KIyBTbyB0aGlzIHNhbXBsZSBjb25maWd1cmF0aW9uIGZpbGUgaGFzIGEgZHVtbXkgcGFpciBvZiBjbGllbnQgY2VydGlmaWNhdGUNCiMgYW5kIHByaXZhdGUga2V5IGFzIGZvbGxvd3MuDQoNCjxjZXJ0Pg0KLS0tLS1CRUdJTiBDRVJUSUZJQ0FURS0tLS0tDQpNSUlDeGpDQ0FhNENBUUF3RFFZSktvWklodmNOQVFFRkJRQXdLVEVhTUJnR0ExVUVBeE1SVmxCT1IyRjBaVU5zDQphV1Z1ZEVObGNuUXhDekFKQmdOVkJBWVRBa3BRTUI0WERURXpNREl4TVRBek5EazBPVm9YRFRNM01ERXhPVEF6DQpNVFF3TjFvd0tURWFNQmdHQTFVRUF4TVJWbEJPUjJGMFpVTnNhV1Z1ZEVObGNuUXhDekFKQmdOVkJBWVRBa3BRDQpNSUlCSWpBTkJna3Foa2lHOXcwQkFRRUZBQU9DQVE4QU1JSUJDZ0tDQVFFQTVoMmxnUVFZVWp3b0tZSmJ6VlpBDQo1VmNJR2Q1b3RQYy9xWlJNdDBLSXRDRkEwczlSd1JlTlZhOWZEUkZMUkJoY0lUT2x2M0ZCY1czRThoMVVzN1JEDQo0VzhHbUplOHphcEpuTHNEMzlPU01SQ3paSm5jelc0T0NIMVBaUlpXS3FEdGpsTmNhOUFGOGE2NWpUbWxEeENRDQpDam50TElXazVPTExWa0Z0OS90U2NjMUdEdGNpNTVvZmhhTkFZTVBpSDdWOCsxZzY2cEdIWEFvV0s2QVFWSDY3DQpYQ0tKbkdCNW5sUStIc01ZUFYvTzQ5TGQ5MVpOLzJ0SGtjYUxMeU50eXd4VlBSU3NSaDQ4MGpqdTBmY0NzdjZoDQpwLzB5WG5UQi8vbVd1dEJHcGRVbElid2lJVGJBbXJzYlluamlnUnZuUHFYMVJOSlViaTlGcDZDMmMvSElGSkdEDQp5d0lEQVFBQk1BMEdDU3FHU0liM0RRRUJCUVVBQTRJQkFRQ2hPNWhnY3cvNG9XZm9FRkx1OWtCYTFCLy9reEg4DQpoUWtDaFZObjhCUkM3WTBVUlFpdFBsM0RLRWVkOVVSQkRkZzJLT0F6NzdiYjZFTlBpbGlEK2EzOFVKSElSTXFlDQpVQkhobGxPSEl6dkRoSEZiYW92QUxCUWNlZUJ6ZGtReHNLUUVTS21RbVI4MzI5NTBVQ292b3lSQjYxVXlBVjdoDQorbVpoWVBHUktYS1NKSTZzMEVnZy9DcmkrQ3drNGJqSmZyYjVoVnNlMTF5aDREOU1IaHdTZkNPSCswejRoUFVUDQpGa3U3ZEdhdlVSTzVTVnhNbi9zTDZFbjVEK29TZVhrYWRIcERzK0FpcnltMllIaDE1aDAralBTT29SNnlpVnAvDQo2elplWmtyTjQza3VTNzNLcEtERmpmRlBoOHQ0cjFnT0lqdHRrTmNRcUJjY3VzbnBsUTdISnBzaw0KLS0tLS1FTkQgQ0VSVElGSUNBVEUtLS0tLQ0KDQo8L2NlcnQ+DQoNCjxrZXk+DQotLS0tLUJFR0lOIFJTQSBQUklWQVRFIEtFWS0tLS0tDQpNSUlFcEFJQkFBS0NBUUVBNWgybGdRUVlVandvS1lKYnpWWkE1VmNJR2Q1b3RQYy9xWlJNdDBLSXRDRkEwczlSDQp3UmVOVmE5ZkRSRkxSQmhjSVRPbHYzRkJjVzNFOGgxVXM3UkQ0VzhHbUplOHphcEpuTHNEMzlPU01SQ3paSm5jDQp6VzRPQ0gxUFpSWldLcUR0amxOY2E5QUY4YTY1alRtbER4Q1FDam50TElXazVPTExWa0Z0OS90U2NjMUdEdGNpDQo1NW9maGFOQVlNUGlIN1Y4KzFnNjZwR0hYQW9XSzZBUVZINjdYQ0tKbkdCNW5sUStIc01ZUFYvTzQ5TGQ5MVpODQovMnRIa2NhTEx5TnR5d3hWUFJTc1JoNDgwamp1MGZjQ3N2NmhwLzB5WG5UQi8vbVd1dEJHcGRVbElid2lJVGJBDQptcnNiWW5qaWdSdm5QcVgxUk5KVWJpOUZwNkMyYy9ISUZKR0R5d0lEQVFBQkFvSUJBRVJWN1g1QXZ4QTh1UmlLDQprOFNJcHNEMGRYMXBKT01Jd2FrVVZ5dmM0RWZOMERoS1JOYjRyWW9TaUVHVEx5ekxweUJjL0EyOERsa201ZU9ZDQpmanpYZllrR3RZaS9GdHhrZzNPOXZjck1RNCs2aSt1R0hhSUwyckwrczRNcmZPOHYxeHY2K1dreTMzRUVHQ291DQpRaXdWR1JGUVhuUm9RNjJOQkNGYlVOTGhtWHdkajFha1p6TFU0cDVSNHpBM1FoZHh3RUlhdFZMdDArN293TFEzDQpsUDhzZlhocHBQT1hqVHFNRDRRa1l3elBBYTgvekY3YWNuNGtyeXJVUDdRNlBBZmQwekVWcU55OVpDWjlmZmhvDQp6WGVkRmo0ODZJRm9jNWduVHAyTjZqc25WajRMQ0dJaGxWSGxZR296S0tGcUpjUVZHc0hDcXExb3oyempXNkxTDQpvUllJSGdFQ2dZRUE4elpya0N3TllTWEp1T0RKM20vaE9MVnhjeGdKdXdYb2lFcldkMEU0MnZQYW5qalZNaG50DQpLWTVsOHFHTUo2RmhLOUxZeDJxQ3JmL0UwWHRVQVoyd1ZxM09SVHlHbnNNV3JlOXRMWXM1NVgrWk4xMFRjNzV6DQo0aGFjYlUwaHFLTjFIaURtc01SWTMvMk5hWkhveTdNS253SkpCYUc0OGw5Q0NUbFZ3TUhvY0lFQ2dZRUE4amJ5DQpkR2p4VEgrNlhIV05pemI1U1JiWnhBbnlFZUplUndUTWgwZ0d6d0dQcEgvc1pZR3p5dTBTeVNYV0NuWmgzUmdxDQo1dUxsTnh0clhybGpabHlpMm5RZFFnc3EyWXJXVXMwK3pnVSsyMnVRc1pwU0FmdG1oVnJ0dmV0Nk1qVmpiQnlZDQpEQURjaUVWVWRKWUlYaytxbkZVSnllcm9MSWtUajdXWUtaNlJqa3NDZ1lCb0NGSXdSRGVnNDJvSzg5UkZtbk9yDQpMeW1OQXE0KzJvTWhzV2xWYjRlaldJV2VBazluYytHWFVmclhzelJoUzAxbVVuVTVyNXlnVXZSY2FyVi9UM1U3DQpUbk1aK0k3WTREZ1dSSURkNTF6bmh4SUJ0WVY1ai9DL3Q4NUhqcU9rSCs4YjZSVGtiY2hhWDNtYXU3ZnBVZmRzDQpGcTBuaElxNDJmaEVPOHNyZllZd2dRS0JnUUN5aGkxTi84dGFSd3BrKzMvSURFelF3amJmZHpVa1dXU0RrOVhzDQpIL3BrdVJIV2ZUTVAzZmxXcUVZZ1cvTFc0MHBlVzJIRHE1aW1kVjgrQWdaeGUvWE1iYWppOUxnd2YxUlkwMDVuDQpLeGFaUXo3eXFIdXBXbExHRjY4RFBIeGtaVlZTYWdEblYvc3p0V1g2U0ZzQ3FGVm54SVhpZlhHQzRjVzVObTlnDQp2YThxNFFLQmdRQ0VoTFZlVWZkd0t2a1o5NGcvR0Z6NzMxWjJocmRWaGdNWmFVL3U2dDBWOTUrWWV6UE5DUVpCDQp3bUU5TW1sYnExZW1EZVJPaXZqQ2ZvR2hSM2taWFcxcFRLbExoNlpNVVFVT3BwdGRYdmE4WHhmb3FRd2EzZW5BDQpNN211QmJGMFhON1ZPODBpSlB2K1BtSVpkRUlBa3B3S2ZpMjAxWUIrQmFmQ0l1R3hJRjUwVmc9PQ0KLS0tLS1FTkQgUlNBIFBSSVZBVEUgS0VZLS0tLS0NCg0KPC9rZXk+DQoNCg==
vpn214710245,133.175.174.202,1416235,13,367723980,Japan,JP,52,7744829507,1583059,190935882531108,2weeks,ritsuo-pc's owner,,IyMjIyMjIyMjIyMjIyMjIyMjIyMjIyMjIyMjIyMjIyMjIyMjIyMjIyMjIyMjIyMjIyMjIyMjIyMjIyMjIyMjIyMjIyMjIyMjIyMjIyMjIw0KIyBPcGVuVlBOIDIuMCBTYW1wbGUgQ29uZmlndXJhdGlvbiBGaWxlDQojIGZvciBQYWNrZXRpWCBWUE4gLyBTb2Z0RXRoZXIgVlBOIFNlcnZlcg0KIyANCiMgISEhIEFVVE8tR0VORVJBVEVEIEJZIFNPRlRFVEhFUiBWUE4gU0VSVkVSIE1BTkFHRU1FTlQgVE9PTCAhISENCiMgDQojICEhISBZT1UgSEFWRSBUTyBSRVZJRVcgSVQgQkVGT1JFIFVTRSBBTkQgTU9ESUZZIElUIEFTIE5FQ0VTU0FSWSAhISENCiMgDQojIFRoaXMgY29uZmlndXJhdGlvbiBmaWxlIGlzIGF1dG8tZ2VuZXJhdGVkLiBZb3UgbWlnaHQgdXNlIHRoaXMgY29uZmlnIGZpbGUNCiMgaW4gb3JkZXIgdG8gY29ubmVjdCB0byB0aGUgUGFja2V0aVggVlBOIC8gU29mdEV0aGVyIFZQTiBTZXJ2ZXIuDQojIEhvd2V2ZXIsIGJlZm9yZSB5b3UgdHJ5IGl0LCB5b3Ugc2hvdWxkIHJldmlldyB0aGUgZGVzY3JpcHRpb25zIG9mIHRoZSBmaWxlDQojIHRvIGRldGVybWluZSB0aGUgbmVjZXNzaXR5IHRvIG1vZGlmeSB0byBzdWl0YWJsZSBmb3IgeW91ciByZWFsIGVudmlyb25tZW50Lg0KIyBJZiBuZWNlc3NhcnksIHlvdSBoYXZlIHRvIG1vZGlmeSBhIGxpdHRsZSBhZGVxdWF0ZWx5IG9uIHRoZSBmaWxlLg0KIyBGb3IgZXhhbXBsZSwgdGhlIElQIGFkZHJlc3Mgb3IgdGhlIGhvc3RuYW1lIGFzIGEgZGVzdGluYXRpb24gVlBOIFNlcnZlcg0KIyBzaG91bGQgYmUgY29uZmlybWVkLg0KIyANCiMgTm90ZSB0aGF0IHRvIHVzZSBPcGVuVlBOIDIuMCwgeW91IGhhdmUgdG8gcHV0IHRoZSBjZXJ0aWZpY2F0aW9uIGZpbGUgb2YNCiMgdGhlIGRlc3RpbmF0aW9uIFZQTiBTZXJ2ZXIgb24gdGhlIE9wZW5WUE4gQ2xpZW50IGNvbXB1dGVyIHdoZW4geW91IHVzZSB0aGlzDQojIGNvbmZpZyBmaWxlLiBQbGVhc2UgcmVmZXIgdGhlIGJlbG93IGRlc2NyaXB0aW9ucyBjYXJlZnVsbHkuDQoNCg0KIyMjIyMjIyMjIyMjIyMjIyMjIyMjIyMjIyMjIyMjIyMjIyMjIyMjIyMjIyMjIyMjIyMjIyMjIyMjIyMjIyMjIyMjIyMjIyMjIyMjIyMjIw0KIyBTcGVjaWZ5IHRoZSB0eXBlIG9mIHRoZSBsYXllciBvZiB0aGUgVlBOIGNvbm5lY3Rpb24uDQojIA0KIyBUbyBjb25uZWN0IHRvIHRoZSBWUE4gU2VydmVyIGFzIGEgIlJlbW90ZS1BY2Nlc3MgVlBOIENsaWVudCBQQyIsDQojICBzcGVjaWZ5ICdkZXYgdHVuJy4gKExheWVyLTMgSVAgUm91dGluZyBNb2RlKQ0KIw0KIyBUbyBjb25uZWN0IHRvIHRoZSBWUE4gU2VydmVyIGFzIGEgYnJpZGdpbmcgZXF1aXBtZW50IG9mICJTaXRlLXRvLVNpdGUgVlBOIiwNCiMgIHNwZWNpZnkgJ2RldiB0YXAnLiAoTGF5ZXItMiBFdGhlcm5ldCBCcmlkZ2luZSBNb2RlKQ0KDQpkZXYgdHVuDQoNCg0KIyMjIyMjIyMjIyMjIyMjIyMjIyMjIyMjIyMjIyMjIyMjIyMjIyMjIyMjIyMjIyMjIyMjIyMjIyMjIyMjIyMjIyMjIyMjIyMjIyMjIyMjIw0KIyBTcGVjaWZ5IHRoZSB1bmRlcmx5aW5nIHByb3RvY29sIGJleW9uZCB0aGUgSW50ZXJuZXQuDQojIE5vdGUgdGhhdCB0aGlzIHNldHRpbmcgbXVzdCBiZSBjb3JyZXNwb25kIHdpdGggdGhlIGxpc3RlbmluZyBzZXR0aW5nIG9uDQojIHRoZSBWUE4gU2VydmVyLg0KIyANCiMgU3BlY2lmeSBlaXRoZXIgJ3Byb3RvIHRjcCcgb3IgJ3Byb3RvIHVkcCcuDQoNCnByb3RvIHVkcA0KDQoNCiMjIyMjIyMjIyMjIyMjIyMjIyMjIyMjIyMjIyMjIyMjIyMjIyMjIyMjIyMjIyMjIyMjIyMjIyMjIyMjIyMjIyMjIyMjIyMjIyMjIyMjIyMNCiMgVGhlIGRlc3RpbmF0aW9uIGhvc3RuYW1lIC8gSVAgYWRkcmVzcywgYW5kIHBvcnQgbnVtYmVyIG9mDQojIHRoZSB0YXJnZXQgVlBOIFNlcnZlci4NCiMgDQojIFlvdSBoYXZlIHRvIHNwZWNpZnkgYXMgJ3JlbW90ZSA8SE9TVE5BTUU+IDxQT1JUPicuIFlvdSBjYW4gYWxzbw0KIyBzcGVjaWZ5IHRoZSBJUCBhZGRyZXNzIGluc3RlYWQgb2YgdGhlIGhvc3RuYW1lLg0KIyANCiMgTm90ZSB0aGF0IHRoZSBhdXRvLWdlbmVyYXRlZCBiZWxvdyBob3N0bmFtZSBhcmUgYSAiYXV0by1kZXRlY3RlZA0KIyBJUCBhZGRyZXNzIiBvZiB0aGUgVlBOIFNlcnZlci4gWW91IGhhdmUgdG8gY29uZmlybSB0aGUgY29ycmVjdG5lc3MNCiMgYmVmb3JlaGFuZC4NCiMgDQojIFdoZW4geW91IHdhbnQgdG8gY29ubmVjdCB0byB0aGUgVlBOIFNlcnZlciBieSB1c2luZyBUQ1AgcHJvdG9jb2wsDQojIHRoZSBwb3J0IG51bWJlciBvZiB0aGUgZGVzdGluYXRpb24gVENQIHBvcnQgc2hvdWxkIGJlIHNhbWUgYXMgb25lIG9mDQojIHRoZSBhdmFpbGFibGUgVENQIGxpc3RlbmVycyBvbiB0aGUgVlBOIFNlcnZlci4NCiMgDQojIFdoZW4geW91IHVzZSBVRFAgcHJvdG9jb2wsIHRoZSBwb3J0IG51bWJlciBtdXN0IHNhbWUgYXMgdGhlIGNvbmZpZ3VyYXRpb24NCiMgc2V0dGluZyBvZiAiT3BlblZQTiBTZXJ2ZXIgQ29tcGF0aWJsZSBGdW5jdGlvbiIgb24gdGhlIFZQTiBTZXJ2ZXIuDQoNCnJlbW90ZSAxMzMuMTc1LjE3NC4yMDIgMTYxNA0KDQoNCiMjIyMjIyMjIyMjIyMjIyMjIyMjIyMjIyMjIyMjIyMjIyMjIyMjIyMjIyMjIyMjIyMjIyMjIyMjIyMjIyMjIyMjIyMjIyMjIyMjIyMjIyMNCiMgVGhlIEhUVFAvSFRUUFMgcHJveHkgc2V0dGluZy4NCiMgDQojIE9ubHkgaWYgeW91IGhhdmUgdG8gdXNlIHRoZSBJbnRlcm5ldCB2aWEgYSBwcm94eSwgdW5jb21tZW50IHRoZSBiZWxvdw0KIyB0d28gbGluZXMgYW5kIHNwZWNpZnkgdGhlIHByb3h5IGFkZHJlc3MgYW5kIHRoZSBwb3J0IG51bWJlci4NCiMgSW4gdGhlIGNhc2Ugb2YgdXNpbmcgcHJveHktYXV0aGVudGljYXRpb24sIHJlZmVyIHRoZSBPcGVuVlBOIG1hbnVhbC4NCg0KO2h0dHAtcHJveHktcmV0cnkNCjtodHRwLXByb3h5IFtwcm94eSBzZXJ2ZXJdIFtwcm94eSBwb3J0XQ0KDQoNCiMjIyMjIyMjIyMjIyMjIyMjIyMjIyMjIyMjIyMjIyMjIyMjIyMjIyMjIyMjIyMjIyMjIyMjIyMjIyMjIyMjIyMjIyMjIyMjIyMjIyMjIyMNCiMgVGhlIGVuY3J5cHRpb24gYW5kIGF1dGhlbnRpY2F0aW9uIGFsZ29yaXRobS4NCiMgDQojIERlZmF1bHQgc2V0dGluZyBpcyBnb29kLiBNb2RpZnkgaXQgYXMgeW91IHByZWZlci4NCiMgV2hlbiB5b3Ugc3BlY2lmeSBhbiB1bnN1cHBvcnRlZCBhbGdvcml0aG0sIHRoZSBlcnJvciB3aWxsIG9jY3VyLg0KIyANCiMgVGhlIHN1cHBvcnRlZCBhbGdvcml0aG1zIGFyZSBhcyBmb2xsb3dzOg0KIyAgY2lwaGVyOiBbTlVMTC1DSVBIRVJdIE5VTEwgQUVTLTEyOC1DQkMgQUVTLTE5Mi1DQkMgQUVTLTI1Ni1DQkMgQkYtQ0JDDQojICAgICAgICAgIENBU1QtQ0JDIENBU1Q1LUNCQyBERVMtQ0JDIERFUy1FREUtQ0JDIERFUy1FREUzLUNCQyBERVNYLUNCQw0KIyAgICAgICAgICBSQzItNDAtQ0JDIFJDMi02NC1DQkMgUkMyLUNCQw0KIyAgYXV0aDogICBTSEEgU0hBMSBNRDUgTUQ0IFJNRDE2MA0KDQpjaXBoZXIgQUVTLTEyOC1DQkMNCmF1dGggU0hBMQ0KDQoNCiMjIyMjIyMjIyMjIyMjIyMjIyMjIyMjIyMjIyMjIyMjIyMjIyMjIyMjIyMjIyMjIyMjIyMjIyMjIyMjIyMjIyMjIyMjIyMjIyMjIyMjIyMNCiMgT3RoZXIgcGFyYW1ldGVycyBuZWNlc3NhcnkgdG8gY29ubmVjdCB0byB0aGUgVlBOIFNlcnZlci4NCiMgDQojIEl0IGlzIG5vdCByZWNvbW1lbmRlZCB0byBtb2RpZnkgaXQgdW5sZXNzIHlvdSBoYXZlIGEgcGFydGljdWxhciBuZWVkLg0KDQpyZXNvbHYtcmV0cnkgaW5maW5pdGUNCm5vYmluZA0KcGVyc2lzdC1rZXkNCnBlcnNpc3QtdHVuDQpjbGllbnQNCnZlcmIgMw0KI2F1dGgtdXNlci1wYXNzDQoNCg0KIyMjIyMjIyMjIyMjIyMjIyMjIyMjIyMjIyMjIyMjIyMjIyMjIyMjIyMjIyMjIyMjIyMjIyMjIyMjIyMjIyMjIyMjIyMjIyMjIyMjIyMjIw0KIyBUaGUgY2VydGlmaWNhdGUgZmlsZSBvZiB0aGUgZGVzdGluYXRpb24gVlBOIFNlcnZlci4NCiMgDQojIFRoZSBDQSBjZXJ0aWZpY2F0ZSBmaWxlIGlzIGVtYmVkZGVkIGluIHRoZSBpbmxpbmUgZm9ybWF0Lg0KIyBZb3UgY2FuIHJlcGxhY2UgdGhpcyBDQSBjb250ZW50cyBpZiBuZWNlc3NhcnkuDQojIFBsZWFzZSBub3RlIHRoYXQgaWYgdGhlIHNlcnZlciBjZXJ0aWZpY2F0ZSBpcyBub3QgYSBzZWxmLXNpZ25lZCwgeW91IGhhdmUgdG8NCiMgc3BlY2lmeSB0aGUgc2lnbmVyJ3Mgcm9vdCBjZXJ0aWZpY2F0ZSAoQ0EpIGhlcmUuDQoNCjxjYT4NCi0tLS0tQkVHSU4gQ0VSVElGSUNBVEUtLS0tLQ0KTUlJRmF6Q0NBMU9nQXdJQkFnSVJBSUlRejdEU1FPTlpSR1BndTJPQ2l3QXdEUVlKS29aSWh2Y05BUUVMQlFBdw0KVHpFTE1Ba0dBMVVFQmhNQ1ZWTXhLVEFuQmdOVkJBb1RJRWx1ZEdWeWJtVjBJRk5sWTNWeWFYUjVJRkpsYzJWaA0KY21Ob0lFZHliM1Z3TVJVd0V3WURWUVFERXd4SlUxSkhJRkp2YjNRZ1dERXdIaGNOTVRVd05qQTBNVEV3TkRNNA0KV2hjTk16VXdOakEwTVRFd05ETTRXakJQTVFzd0NRWURWUVFHRXdKVlV6RXBNQ2NHQTFVRUNoTWdTVzUwWlhKdQ0KWlhRZ1UyVmpkWEpwZEhrZ1VtVnpaV0Z5WTJnZ1IzSnZkWEF4RlRBVEJnTlZCQU1UREVsVFVrY2dVbTl2ZENCWQ0KTVRDQ0FpSXdEUVlKS29aSWh2Y05BUUVCQlFBRGdnSVBBRENDQWdvQ2dnSUJBSzNvSkhQMEZEZnptNTRyVnlnYw0KaDc3Y3Q5ODRrSXh1UE9aWG9IajNkY0tpL3ZWcWJ2WUFUeWpiM21pR2JFU1R0ckZqL1JRU2E3OGYwdW94bXlGKw0KMFRNOHVrajEzWG5mczdqL0V2RWhta3ZCaW9aeGFVcG1abXlQZmp4d3Y2MHBJZ2J6NU1EbWdLN2lTNCszbVg2VQ0KQTUvVFI1ZDhtVWdqVStnNHJrOEtiNE11MFVsWGpJQjB0dG92MERpTmV3TndJUnQxOGpBOCtvK3UzZHBqcStzVw0KVDhLT0VVdCt6d3ZvLzdWM0x2U3llMHJnVEJJbERIQ05BeW1nNFZNazdCUFo3aG0vRUxOS2pEK0pvMkZSM3F5SA0KQjVUMFkzSHNMdUp2VzVpQjRZbGNOSGxzZHU4N2tHSjU1dHVrbWk4bXhkQVE0UTdlMlJDT0Z2dTM5NmozeCtVQw0KQjVpUE5naVY1K0kzbGcwMmRaNzdEbkt4SFp1OEEvbEpCZGlCM1FXMEt0WkI2YXdCZHBVS0Q5amYxYjBTSHpVdg0KS0JkczBwakJxQWxrZDI1SE43ck9yRmxlYUoxL2N0YUp4UVpCS1Q1WlB0MG05U1RKRWFkYW8weEFIMGFobWJXbg0KT2xGdWhqdWVmWEtuRWdWNFdlMCtVWGdWQ3dPUGpkQXZCYkkrZTBvY1MzTUZFdnpHNnVCUUUzeERrM1N6eW5Ubg0Kamg4QkNOQXcxRnR4TnJRSHVzRXdNRnhJdDRJN21LWjlZSXFpb3ltQ3pMcTlnd1Fib29NRFFhSFdCZkVid3Jidw0KcUh5R08wYW9TQ3FJM0hhYWRyOGZhcVU5R1kvck9QTmszc2dyRFFvby8vZmI0aFZDMUNMUUoxM2hlZjRZNTNDSQ0KclU3bTJZczZ4dDBuVVc3L3ZHVDFNME5QQWdNQkFBR2pRakJBTUE0R0ExVWREd0VCL3dRRUF3SUJCakFQQmdOVg0KSFJNQkFmOEVCVEFEQVFIL01CMEdBMVVkRGdRV0JCUjV0Rm5tZTdibDVBRnpnQWlJeUJwWTl1bWJiakFOQmdrcQ0KaGtpRzl3MEJBUXNGQUFPQ0FnRUFWUjlZcWJ5eXFGRFFETEhZR21rZ0p5a0lyR0YxWElwdStJTGxhUy9WOWxaTA0KdWJoekVGblRJWmQrNTB4eCs3TFNZSzA1cUF2cUZ5RldoZkZRRGxucnp1Qlo2YnJKRmUrR25ZK0VnUGJrNlpHUQ0KM0JlYllodEY4R2FWMG54dnd1bzc3eC9QeTlhdUovR3BzTWl1L1gxK212b2lCT3YvMlgvcWtTc2lzUmNPai9LSw0KTkZ0WTJQd0J5VlM1dUNiTWlvZ3ppVXd0aER5QzMrNldWd1c2TEx2M3hMZkhUanVDdmpISUluTnprdEhDZ0tRNQ0KT1JBekk0Sk1QSitHc2xXWUhiNHBob3dpbTU3aWF6dFhPb0p3VGR3Sng0bkxDZ2ROYk9oZGpzbnZ6cXZIdTdVcg0KVGtYV1N0QW16T1Z5eWdocXBaWGpGYUgzcE8zSkxGK2wrLytzS0FJdXZ0ZDd1K054ZTVBVzB3ZGVSbE44TndkQw0Kak5QRWxwelZtYlVxNEpVYWdFaXVURGtIenN4SHBGS1ZLN3E0KzYzU00xTjk1UjFOYmRXaHNjZENiK1pBSnpWYw0Kb3lpM0I0M25qVE9RNXlPZisxQ2NlV3hHMWJRVnM1WnVmcHNNbGpxNFVpMC8xbHZoK3dqQ2hQNGtxS09KMnF4cQ0KNFJncXNhaERZVnZUSDl3N2pYYnlMZWlOZGQ4WE0ydzlVL3Q3eTBGZi85eWkwR0U0NFphNHJGMkxOOWQxMVRQQQ0KbVJHdW5VSEJjbldFdmdKQlFsOW5KRWlVMFpzbnZnYy91YmhQZ1hSUjRYcTM3WjBqNHI3ZzFTZ0VFend4QTU3ZA0KZW15UHhnY1l4bi9lUjQ0L0tKNEVCcytsVkRSM3ZleUptK2tYUTk5YjIxLytqaDVYb3MxQW5YNWlJdHJlR0NjPQ0KLS0tLS1FTkQgQ0VSVElGSUNBVEUtLS0tLQ0KDQo8L2NhPg0KDQoNCiMjIyMjIyMjIyMjIyMjIyMjIyMjIyMjIyMjIyMjIyMjIyMjIyMjIyMjIyMjIyMjIyMjIyMjIyMjIyMjIyMjIyMjIyMjIyMjIyMjIyMjIyMNCiMgVGhlIGNsaWVudCBjZXJ0aWZpY2F0ZSBmaWxlIChkdW1teSkuDQojIA0KIyBJbiBzb21lIGltcGxlbWVudGF0aW9ucyBvZiBPcGVuVlBOIENsaWVudCBzb2Z0d2FyZQ0KIyAoZm9yIGV4YW1wbGU6IE9wZW5WUE4gQ2xpZW50IGZvciBpT1MpLA0KIyBhIHBhaXIgb2YgY2xpZW50IGNlcnRpZmljYXRlIGFuZCBwcml2YXRlIGtleSBtdXN0IGJlIGluY2x1ZGVkIG9uIHRoZQ0KIyBjb25maWd1cmF0aW9uIGZpbGUgZHVlIHRvIHRoZSBsaW1pdGF0aW9uIG9mIHRoZSBjbGllbnQuDQojIFNvIHRoaXMgc2FtcGxlIGNvbmZpZ3VyYXRpb24gZmlsZSBoYXMgYSBkdW1teSBwYWlyIG9mIGNsaWVudCBjZXJ0aWZpY2F0ZQ0KIyBhbmQgcHJpdmF0ZSBrZXkgYXMgZm9sbG93cy4NCg0KPGNlcnQ+DQotLS0tLUJFR0lOIENFUlRJRklDQVRFLS0tLS0NCk1JSUN4akNDQWE0Q0FRQXdEUVlKS29aSWh2Y05BUUVGQlFBd0tURWFNQmdHQTFVRUF4TVJWbEJPUjJGMFpVTnMNCmFXVnVkRU5sY25ReEN6QUpCZ05WQkFZVEFrcFFNQjRYRFRFek1ESXhNVEF6TkRrME9Wb1hEVE0zTURFeE9UQXoNCk1UUXdOMW93S1RFYU1CZ0dBMVVFQXhNUlZsQk9SMkYwWlVOc2FXVnVkRU5sY25ReEN6QUpCZ05WQkFZVEFrcFENCk1JSUJJakFOQmdrcWhraUc5dzBCQVFFRkFBT0NBUThBTUlJQkNnS0NBUUVBNWgybGdRUVlVandvS1lKYnpWWkENCjVWY0lHZDVvdFBjL3FaUk10MEtJdENGQTBzOVJ3UmVOVmE5ZkRSRkxSQmhjSVRPbHYzRkJjVzNFOGgxVXM3UkQNCjRXOEdtSmU4emFwSm5Mc0QzOU9TTVJDelpKbmN6VzRPQ0gxUFpSWldLcUR0amxOY2E5QUY4YTY1alRtbER4Q1ENCkNqbnRMSVdrNU9MTFZrRnQ5L3RTY2MxR0R0Y2k1NW9maGFOQVlNUGlIN1Y4KzFnNjZwR0hYQW9XSzZBUVZINjcNClhDS0puR0I1bmxRK0hzTVlQVi9PNDlMZDkxWk4vMnRIa2NhTEx5TnR5d3hWUFJTc1JoNDgwamp1MGZjQ3N2NmgNCnAvMHlYblRCLy9tV3V0QkdwZFVsSWJ3aUlUYkFtcnNiWW5qaWdSdm5QcVgxUk5KVWJpOUZwNkMyYy9ISUZKR0QNCnl3SURBUUFCTUEwR0NTcUdTSWIzRFFFQkJRVUFBNElCQVFDaE81aGdjdy80b1dmb0VGTHU5a0JhMUIvL2t4SDgNCmhRa0NoVk5uOEJSQzdZMFVSUWl0UGwzREtFZWQ5VVJCRGRnMktPQXo3N2JiNkVOUGlsaUQrYTM4VUpISVJNcWUNClVCSGhsbE9ISXp2RGhIRmJhb3ZBTEJRY2VlQnpka1F4c0tRRVNLbVFtUjgzMjk1MFVDb3ZveVJCNjFVeUFWN2gNCittWmhZUEdSS1hLU0pJNnMwRWdnL0NyaStDd2s0YmpKZnJiNWhWc2UxMXloNEQ5TUhod1NmQ09IKzB6NGhQVVQNCkZrdTdkR2F2VVJPNVNWeE1uL3NMNkVuNUQrb1NlWGthZEhwRHMrQWlyeW0yWUhoMTVoMCtqUFNPb1I2eWlWcC8NCjZ6WmVaa3JONDNrdVM3M0twS0RGamZGUGg4dDRyMWdPSWp0dGtOY1FxQmNjdXNucGxRN0hKcHNrDQotLS0tLUVORCBDRVJUSUZJQ0FURS0tLS0tDQoNCjwvY2VydD4NCg0KPGtleT4NCi0tLS0tQkVHSU4gUlNBIFBSSVZBVEUgS0VZLS0tLS0NCk1JSUVwQUlCQUFLQ0FRRUE1aDJsZ1FRWVVqd29LWUpielZaQTVWY0lHZDVvdFBjL3FaUk10MEtJdENGQTBzOVINCndSZU5WYTlmRFJGTFJCaGNJVE9sdjNGQmNXM0U4aDFVczdSRDRXOEdtSmU4emFwSm5Mc0QzOU9TTVJDelpKbmMNCnpXNE9DSDFQWlJaV0txRHRqbE5jYTlBRjhhNjVqVG1sRHhDUUNqbnRMSVdrNU9MTFZrRnQ5L3RTY2MxR0R0Y2kNCjU1b2ZoYU5BWU1QaUg3VjgrMWc2NnBHSFhBb1dLNkFRVkg2N1hDS0puR0I1bmxRK0hzTVlQVi9PNDlMZDkxWk4NCi8ydEhrY2FMTHlOdHl3eFZQUlNzUmg0ODBqanUwZmNDc3Y2aHAvMHlYblRCLy9tV3V0QkdwZFVsSWJ3aUlUYkENCm1yc2JZbmppZ1J2blBxWDFSTkpVYmk5RnA2QzJjL0hJRkpHRHl3SURBUUFCQW9JQkFFUlY3WDVBdnhBOHVSaUsNCms4U0lwc0QwZFgxcEpPTUl3YWtVVnl2YzRFZk4wRGhLUk5iNHJZb1NpRUdUTHl6THB5QmMvQTI4RGxrbTVlT1kNCmZqelhmWWtHdFlpL0Z0eGtnM085dmNyTVE0KzZpK3VHSGFJTDJyTCtzNE1yZk84djF4djYrV2t5MzNFRUdDb3UNClFpd1ZHUkZRWG5Sb1E2Mk5CQ0ZiVU5MaG1Yd2RqMWFrWnpMVTRwNVI0ekEzUWhkeHdFSWF0Vkx0MCs3b3dMUTMNCmxQOHNmWGhwcFBPWGpUcU1ENFFrWXd6UEFhOC96RjdhY240a3J5clVQN1E2UEFmZDB6RVZxTnk5WkNaOWZmaG8NCnpYZWRGajQ4NklGb2M1Z25UcDJONmpzblZqNExDR0lobFZIbFlHb3pLS0ZxSmNRVkdzSENxcTFvejJ6alc2TFMNCm9SWUlIZ0VDZ1lFQTh6WnJrQ3dOWVNYSnVPREozbS9oT0xWeGN4Z0p1d1hvaUVyV2QwRTQydlBhbmpqVk1obnQNCktZNWw4cUdNSjZGaEs5TFl4MnFDcmYvRTBYdFVBWjJ3VnEzT1JUeUduc01XcmU5dExZczU1WCtaTjEwVGM3NXoNCjRoYWNiVTBocUtOMUhpRG1zTVJZMy8yTmFaSG95N01LbndKSkJhRzQ4bDlDQ1RsVndNSG9jSUVDZ1lFQThqYnkNCmRHanhUSCs2WEhXTml6YjVTUmJaeEFueUVlSmVSd1RNaDBnR3p3R1BwSC9zWllHenl1MFN5U1hXQ25aaDNSZ3ENCjV1TGxOeHRyWHJsalpseWkyblFkUWdzcTJZcldVczAremdVKzIydVFzWnBTQWZ0bWhWcnR2ZXQ2TWpWamJCeVkNCkRBRGNpRVZVZEpZSVhrK3FuRlVKeWVyb0xJa1RqN1dZS1o2Umprc0NnWUJvQ0ZJd1JEZWc0Mm9LODlSRm1uT3INCkx5bU5BcTQrMm9NaHNXbFZiNGVqV0lXZUFrOW5jK0dYVWZyWHN6UmhTMDFtVW5VNXI1eWdVdlJjYXJWL1QzVTcNClRuTVorSTdZNERnV1JJRGQ1MXpuaHhJQnRZVjVqL0MvdDg1SGpxT2tIKzhiNlJUa2JjaGFYM21hdTdmcFVmZHMNCkZxMG5oSXE0MmZoRU84c3JmWVl3Z1FLQmdRQ3loaTFOLzh0YVJ3cGsrMy9JREV6UXdqYmZkelVrV1dTRGs5WHMNCkgvcGt1UkhXZlRNUDNmbFdxRVlnVy9MVzQwcGVXMkhEcTVpbWRWOCtBZ1p4ZS9YTWJhamk5TGd3ZjFSWTAwNW4NCkt4YVpRejd5cUh1cFdsTEdGNjhEUEh4a1pWVlNhZ0RuVi9zenRXWDZTRnNDcUZWbnhJWGlmWEdDNGNXNU5tOWcNCnZhOHE0UUtCZ1FDRWhMVmVVZmR3S3ZrWjk0Zy9HRno3MzFaMmhyZFZoZ01aYVUvdTZ0MFY5NStZZXpQTkNRWkINCndtRTlNbWxicTFlbURlUk9pdmpDZm9HaFIza1pYVzFwVEtsTGg2Wk1VUVVPcHB0ZFh2YThYeGZvcVF3YTNlbkENCk03bXVCYkYwWE43Vk84MGlKUHYrUG1JWmRFSUFrcHdLZmkyMDFZQitCYWZDSXVHeElGNTBWZz09DQotLS0tLUVORCBSU0EgUFJJVkFURSBLRVktLS0tLQ0KDQo8L2tleT4NCg0K
vpn748359672,182.237.221.37,1388725,61,57929441,Korea Republic of,KR,68,895842507,2796759,102245177293732,2weeks,WXP-06071333's owner,,IyMjIyMjIyMjIyMjIyMjIyMjIyMjIyMjIyMjIyMjIyMjIyMjIyMjIyMjIyMjIyMjIyMjIyMjIyMjIyMjIyMjIyMjIyMjIyMjIyMjIyMjIw0KIyBPcGVuVlBOIDIuMCBTYW1wbGUgQ29uZmlndXJhdGlvbiBGaWxlDQojIGZvciBQYWNrZXRpWCBWUE4gLyBTb2Z0RXRoZXIgVlBOIFNlcnZlcg0KIyANCiMgISEhIEFVVE8tR0VORVJBVEVEIEJZIFNPRlRFVEhFUiBWUE4gU0VSVkVSIE1BTkFHRU1FTlQgVE9PTCAhISENCiMgDQojICEhISBZT1UgSEFWRSBUTyBSRVZJRVcgSVQgQkVGT1JFIFVTRSBBTkQgTU9ESUZZIElUIEFTIE5FQ0VTU0FSWSAhISENCiMgDQojIFRoaXMgY29uZmlndXJhdGlvbiBmaWxlIGlzIGF1dG8tZ2VuZXJhdGVkLiBZb3UgbWlnaHQgdXNlIHRoaXMgY29uZmlnIGZpbGUNCiMgaW4gb3JkZXIgdG8gY29ubmVjdCB0byB0aGUgUGFja2V0aVggVlBOIC8gU29mdEV0aGVyIFZQTiBTZXJ2ZXIuDQojIEhvd2V2ZXIsIGJlZm9yZSB5b3UgdHJ5IGl0LCB5b3Ugc2hvdWxkIHJldmlldyB0aGUgZGVzY3JpcHRpb25zIG9mIHRoZSBmaWxlDQojIHRvIGRldGVybWluZSB0aGUgbmVjZXNzaXR5IHRvIG1vZGlmeSB0byBzdWl0YWJsZSBmb3IgeW91ciByZWFsIGVudmlyb25tZW50Lg0KIyBJZiBuZWNlc3NhcnksIHlvdSBoYXZlIHRvIG1vZGlmeSBhIGxpdHRsZSBhZGVxdWF0ZWx5IG9uIHRoZSBmaWxlLg0KIyBGb3IgZXhhbXBsZSwgdGhlIElQIGFkZHJlc3Mgb3IgdGhlIGhvc3RuYW1lIGFzIGEgZGVzdGluYXRpb24gVlBOIFNlcnZlcg0KIyBzaG91bGQgYmUgY29uZmlybWVkLg0KIyANCiMgTm90ZSB0aGF0IHRvIHVzZSBPcGVuVlBOIDIuMCwgeW91IGhhdmUgdG8gcHV0IHRoZSBjZXJ0aWZpY2F0aW9uIGZpbGUgb2YNCiMgdGhlIGRlc3RpbmF0aW9uIFZQTiBTZXJ2ZXIgb24gdGhlIE9wZW5WUE4gQ2xpZW50IGNvbXB1dGVyIHdoZW4geW91IHVzZSB0aGlzDQojIGNvbmZpZyBmaWxlLiBQbGVhc2UgcmVmZXIgdGhlIGJlbG93IGRlc2NyaXB0aW9ucyBjYXJlZnVsbHkuDQoNCg0KIyMjIyMjIyMjIyMjIyMjIyMjIyMjIyMjIyMjIyMjIyMjIyMjIyMjIyMjIyMjIyMjIyMjIyMjIyMjIyMjIyMjIyMjIyMjIyMjIyMjIyMjIw0KIyBTcGVjaWZ5IHRoZSB0eXBlIG9mIHRoZSBsYXllciBvZiB0aGUgVlBOIGNvbm5lY3Rpb24uDQojIA0KIyBUbyBjb25uZWN0IHRvIHRoZSBWUE4gU2VydmVyIGFzIGEgIlJlbW90ZS1BY2Nlc3MgVlBOIENsaWVudCBQQyIsDQojICBzcGVjaWZ5ICdkZXYgdHVuJy4gKExheWVyLTMgSVAgUm91dGluZyBNb2RlKQ0KIw0KIyBUbyBjb25uZWN0IHRvIHRoZSBWUE4gU2VydmVyIGFzIGEgYnJpZGdpbmcgZXF1aXBtZW50IG9mICJTaXRlLXRvLVNpdGUgVlBOIiwNCiMgIHNwZWNpZnkgJ2RldiB0YXAnLiAoTGF5ZXItMiBFdGhlcm5ldCBCcmlkZ2luZSBNb2RlKQ0KDQpkZXYgdHVuDQoNCg0KIyMjIyMjIyMjIyMjIyMjIyMjIyMjIyMjIyMjIyMjIyMjIyMjIyMjIyMjIyMjIyMjIyMjIyMjIyMjIyMjIyMjIyMjIyMjIyMjIyMjIyMjIw0KIyBTcGVjaWZ5IHRoZSB1bmRlcmx5aW5nIHByb3RvY29sIGJleW9uZCB0aGUgSW50ZXJuZXQuDQojIE5vdGUgdGhhdCB0aGlzIHNldHRpbmcgbXVzdCBiZSBjb3JyZXNwb25kIHdpdGggdGhlIGxpc3RlbmluZyBzZXR0aW5nIG9uDQojIHRoZSBWUE4gU2VydmVyLg0KIyANCiMgU3BlY2lmeSBlaXRoZXIgJ3Byb3RvIHRjcCcgb3IgJ3Byb3RvIHVkcCcuDQoNCnByb3RvIHRjcA0KDQoNCiMjIyMjIyMjIyMjIyMjIyMjIyMjIyMjIyMjIyMjIyMjIyMjIyMjIyMjIyMjIyMjIyMjIyMjIyMjIyMjIyMjIyMjIyMjIyMjIyMjIyMjIyMNCiMgVGhlIGRlc3RpbmF0aW9uIGhvc3RuYW1lIC8gSVAgYWRkcmVzcywgYW5kIHBvcnQgbnVtYmVyIG9mDQojIHRoZSB0YXJnZXQgVlBOIFNlcnZlci4NCiMgDQojIFlvdSBoYXZlIHRvIHNwZWNpZnkgYXMgJ3JlbW90ZSA8SE9TVE5BTUU+IDxQT1JUPicuIFlvdSBjYW4gYWxzbw0KIyBzcGVjaWZ5IHRoZSBJUCBhZGRyZXNzIGluc3RlYWQgb2YgdGhlIGhvc3RuYW1lLg0KIyANCiMgTm90ZSB0aGF0IHRoZSBhdXRvLWdlbmVyYXRlZCBiZWxvdyBob3N0bmFtZSBhcmUgYSAiYXV0by1kZXRlY3RlZA0KIyBJUCBhZGRyZXNzIiBvZiB0aGUgVlBOIFNlcnZlci4gWW91IGhhdmUgdG8gY29uZmlybSB0aGUgY29ycmVjdG5lc3MNCiMgYmVmb3JlaGFuZC4NCiMgDQojIFdoZW4geW91IHdhbnQgdG8gY29ubmVjdCB0byB0aGUgVlBOIFNlcnZlciBieSB1c2luZyBUQ1AgcHJvdG9jb2wsDQojIHRoZSBwb3J0IG51bWJlciBvZiB0aGUgZGVzdGluYXRpb24gVENQIHBvcnQgc2hvdWxkIGJlIHNhbWUgYXMgb25lIG9mDQojIHRoZSBhdmFpbGFibGUgVENQIGxpc3RlbmVycyBvbiB0aGUgVlBOIFNlcnZlci4NCiMgDQojIFdoZW4geW91IHVzZSBVRFAgcHJvdG9jb2wsIHRoZSBwb3J0IG51bWJlciBtdXN0IHNhbWUgYXMgdGhlIGNvbmZpZ3VyYXRpb24NCiMgc2V0dGluZyBvZiAiT3BlblZQTiBTZXJ2ZXIgQ29tcGF0aWJsZSBGdW5jdGlvbiIgb24gdGhlIFZQTiBTZXJ2ZXIuDQoNCnJlbW90ZSAxODIuMjM3LjIyMS4zNyAxNDU4DQoNCg0KIyMjIyMjIyMjIyMjIyMjIyMjIyMjIyMjIyMjIyMjIyMjIyMjIyMjIyMjIyMjIyMjIyMjIyMjIyMjIyMjIyMjIyMjIyMjIyMjIyMjIyMjIw0KIyBUaGUgSFRUUC9IVFRQUyBwcm94eSBzZXR0aW5nLg0KIyANCiMgT25seSBpZiB5b3UgaGF2ZSB0byB1c2UgdGhlIEludGVybmV0IHZpYSBhIHByb3h5LCB1bmNvbW1lbnQgdGhlIGJlbG93DQojIHR3byBsaW5lcyBhbmQgc3BlY2lmeSB0aGUgcHJveHkgYWRkcmVzcyBhbmQgdGhlIHBvcnQgbnVtYmVyLg0KIyBJbiB0aGUgY2FzZSBvZiB1c2luZyBwcm94eS1hdXRoZW50aWNhdGlvbiwgcmVmZXIgdGhlIE9wZW5WUE4gbWFudWFsLg0KDQo7aHR0cC1wcm94eS1yZXRyeQ0KO2h0dHAtcHJveHkgW3Byb3h5IHNlcnZlcl0gW3Byb3h5IHBvcnRdDQoNCg0KIyMjIyMjIyMjIyMjIyMjIyMjIyMjIyMjIyMjIyMjIyMjIyMjIyMjIyMjIyMjIyMjIyMjIyMjIyMjIyMjIyMjIyMjIyMjIyMjIyMjIyMjIw0KIyBUaGUgZW5jcnlwdGlvbiBhbmQgYXV0aGVudGljYXRpb24gYWxnb3JpdGhtLg0KIyANCiMgRGVmYXVsdCBzZXR0aW5nIGlzIGdvb2QuIE1vZGlmeSBpdCBhcyB5b3UgcHJlZmVyLg0KIyBXaGVuIHlvdSBzcGVjaWZ5IGFuIHVuc3VwcG9ydGVkIGFsZ29yaXRobSwgdGhlIGVycm9yIHdpbGwgb2NjdXIuDQojIA0KIyBUaGUgc3VwcG9ydGVkIGFsZ29yaXRobXMgYXJlIGFzIGZvbGxvd3M6DQojICBjaXBoZXI6IFtOVUxMLUNJUEhFUl0gTlVMTCBBRVMtMTI4LUNCQyBBRVMtMTkyLUNCQyBBRVMtMjU2LUNCQyBCRi1DQkMNCiMgICAgICAgICAgQ0FTVC1DQkMgQ0FTVDUtQ0JDIERFUy1DQkMgREVTLUVERS1DQkMgREVTLUVERTMtQ0JDIERFU1gtQ0JDDQojICAgICAgICAgIFJDMi00MC1DQkMgUkMyLTY0LUNCQyBSQzItQ0JDDQojICBhdXRoOiAgIFNIQSBTSEExIE1ENSBNRDQgUk1EMTYwDQoNCmNpcGhlciBBRVMtMTI4LUNCQw0KYXV0aCBTSEExDQoNCg0KIyMjIyMjIyMjIyMjIyMjIyMjIyMjIyMjIyMjIyMjIyMjIyMjIyMjIyMjIyMjIyMjIyMjIyMjIyMjIyMjIyMjIyMjIyMjIyMjIyMjIyMjIw0KIyBPdGhlciBwYXJhbWV0ZXJzIG5lY2Vzc2FyeSB0byBjb25uZWN0IHRvIHRoZSBWUE4gU2VydmVyLg0KIyANCiMgSXQgaXMgbm90IHJlY29tbWVuZGVkIHRvIG1vZGlmeSBpdCB1bmxlc3MgeW91IGhhdmUgYSBwYXJ0aWN1bGFyIG5lZWQuDQoNCnJlc29sdi1yZXRyeSBpbmZpbml0ZQ0Kbm9iaW5kDQpwZXJzaXN0LWtleQ0KcGVyc2lzdC10dW4NCmNsaWVudA0KdmVyYiAzDQojYXV0aC11c2VyLXBhc3MNCg0KDQojIyMjIyMjIyMjIyMjIyMjIyMjIyMjIyMjIyMjIyMjIyMjIyMjIyMjIyMjIyMjIyMjIyMjIyMjIyMjIyMjIyMjIyMjIyMjIyMjIyMjIyMjDQojIFRoZSBjZXJ0aWZpY2F0ZSBmaWxlIG9mIHRoZSBkZXN0aW5hdGlvbiBWUE4gU2VydmVyLg0KIyANCiMgVGhlIENBIGNlcnRpZmljYXRlIGZpbGUgaXMgZW1iZWRkZWQgaW4gdGhlIGlubGluZSBmb3JtYXQuDQojIFlvdSBjYW4gcmVwbGFjZSB0aGlzIENBIGNvbnRlbnRzIGlmIG5lY2Vzc2FyeS4NCiMgUGxlYXNlIG5vdGUgdGhhdCBpZiB0aGUgc2VydmVyIGNlcnRpZmljYXRlIGlzIG5vdCBhIHNlbGYtc2lnbmVkLCB5b3UgaGF2ZSB0bw0KIyBzcGVjaWZ5IHRoZSBzaWduZXIncyByb290IGNlcnRpZmljYXRlIChDQSkgaGVyZS4NCg0KPGNhPg0KLS0tLS1CRUdJTiBDRVJUSUZJQ0FURS0tLS0tDQpNSUlGYXpDQ0ExT2dBd0lCQWdJUkFJSVF6N0RTUU9OWlJHUGd1Mk9DaXdBd0RRWUpLb1pJaHZjTkFRRUxCUUF3DQpUekVMTUFrR0ExVUVCaE1DVlZNeEtUQW5CZ05WQkFvVElFbHVkR1Z5Ym1WMElGTmxZM1Z5YVhSNUlGSmxjMlZoDQpjbU5vSUVkeWIzVndNUlV3RXdZRFZRUURFd3hKVTFKSElGSnZiM1FnV0RFd0hoY05NVFV3TmpBME1URXdORE00DQpXaGNOTXpVd05qQTBNVEV3TkRNNFdqQlBNUXN3Q1FZRFZRUUdFd0pWVXpFcE1DY0dBMVVFQ2hNZ1NXNTBaWEp1DQpaWFFnVTJWamRYSnBkSGtnVW1WelpXRnlZMmdnUjNKdmRYQXhGVEFUQmdOVkJBTVRERWxUVWtjZ1VtOXZkQ0JZDQpNVENDQWlJd0RRWUpLb1pJaHZjTkFRRUJCUUFEZ2dJUEFEQ0NBZ29DZ2dJQkFLM29KSFAwRkRmem01NHJWeWdjDQpoNzdjdDk4NGtJeHVQT1pYb0hqM2RjS2kvdlZxYnZZQVR5amIzbWlHYkVTVHRyRmovUlFTYTc4ZjB1b3hteUYrDQowVE04dWtqMTNYbmZzN2ovRXZFaG1rdkJpb1p4YVVwbVpteVBmanh3djYwcElnYno1TURtZ0s3aVM0KzNtWDZVDQpBNS9UUjVkOG1VZ2pVK2c0cms4S2I0TXUwVWxYaklCMHR0b3YwRGlOZXdOd0lSdDE4akE4K28rdTNkcGpxK3NXDQpUOEtPRVV0K3p3dm8vN1YzTHZTeWUwcmdUQklsREhDTkF5bWc0Vk1rN0JQWjdobS9FTE5LakQrSm8yRlIzcXlIDQpCNVQwWTNIc0x1SnZXNWlCNFlsY05IbHNkdTg3a0dKNTV0dWttaThteGRBUTRRN2UyUkNPRnZ1Mzk2ajN4K1VDDQpCNWlQTmdpVjUrSTNsZzAyZFo3N0RuS3hIWnU4QS9sSkJkaUIzUVcwS3RaQjZhd0JkcFVLRDlqZjFiMFNIelV2DQpLQmRzMHBqQnFBbGtkMjVITjdyT3JGbGVhSjEvY3RhSnhRWkJLVDVaUHQwbTlTVEpFYWRhbzB4QUgwYWhtYlduDQpPbEZ1aGp1ZWZYS25FZ1Y0V2UwK1VYZ1ZDd09QamRBdkJiSStlMG9jUzNNRkV2ekc2dUJRRTN4RGszU3p5blRuDQpqaDhCQ05BdzFGdHhOclFIdXNFd01GeEl0NEk3bUtaOVlJcWlveW1DekxxOWd3UWJvb01EUWFIV0JmRWJ3cmJ3DQpxSHlHTzBhb1NDcUkzSGFhZHI4ZmFxVTlHWS9yT1BOazNzZ3JEUW9vLy9mYjRoVkMxQ0xRSjEzaGVmNFk1M0NJDQpyVTdtMllzNnh0MG5VVzcvdkdUMU0wTlBBZ01CQUFHalFqQkFNQTRHQTFVZER3RUIvd1FFQXdJQkJqQVBCZ05WDQpIUk1CQWY4RUJUQURBUUgvTUIwR0ExVWREZ1FXQkJSNXRGbm1lN2JsNUFGemdBaUl5QnBZOXVtYmJqQU5CZ2txDQpoa2lHOXcwQkFRc0ZBQU9DQWdFQVZSOVlxYnl5cUZEUURMSFlHbWtnSnlrSXJHRjFYSXB1K0lMbGFTL1Y5bFpMDQp1Ymh6RUZuVElaZCs1MHh4KzdMU1lLMDVxQXZxRnlGV2hmRlFEbG5yenVCWjZickpGZStHblkrRWdQYms2WkdRDQozQmViWWh0RjhHYVYwbnh2d3VvNzd4L1B5OWF1Si9HcHNNaXUvWDErbXZvaUJPdi8yWC9xa1NzaXNSY09qL0tLDQpORnRZMlB3QnlWUzV1Q2JNaW9nemlVd3RoRHlDMys2V1Z3VzZMTHYzeExmSFRqdUN2akhJSW5Oemt0SENnS1E1DQpPUkF6STRKTVBKK0dzbFdZSGI0cGhvd2ltNTdpYXp0WE9vSndUZHdKeDRuTENnZE5iT2hkanNudnpxdkh1N1VyDQpUa1hXU3RBbXpPVnl5Z2hxcFpYakZhSDNwTzNKTEYrbCsvK3NLQUl1dnRkN3UrTnhlNUFXMHdkZVJsTjhOd2RDDQpqTlBFbHB6Vm1iVXE0SlVhZ0VpdVREa0h6c3hIcEZLVks3cTQrNjNTTTFOOTVSMU5iZFdoc2NkQ2IrWkFKelZjDQpveWkzQjQzbmpUT1E1eU9mKzFDY2VXeEcxYlFWczVadWZwc01sanE0VWkwLzFsdmgrd2pDaFA0a3FLT0oycXhxDQo0Umdxc2FoRFlWdlRIOXc3alhieUxlaU5kZDhYTTJ3OVUvdDd5MEZmLzl5aTBHRTQ0WmE0ckYyTE45ZDExVFBBDQptUkd1blVIQmNuV0V2Z0pCUWw5bkpFaVUwWnNudmdjL3ViaFBnWFJSNFhxMzdaMGo0cjdnMVNnRUV6d3hBNTdkDQplbXlQeGdjWXhuL2VSNDQvS0o0RUJzK2xWRFIzdmV5Sm0ra1hROTliMjEvK2poNVhvczFBblg1aUl0cmVHQ2M9DQotLS0tLUVORCBDRVJUSUZJQ0FURS0tLS0tDQoNCjwvY2E+DQoNCg0KIyMjIyMjIyMjIyMjIyMjIyMjIyMjIyMjIyMjIyMjIyMjIyMjIyMjIyMjIyMjIyMjIyMjIyMjIyMjIyMjIyMjIyMjIyMjIyMjIyMjIyMjIw0KIyBUaGUgY2xpZW50IGNlcnRpZmljYXRlIGZpbGUgKGR1bW15KS4NCiMgDQojIEluIHNvbWUgaW1wbGVtZW50YXRpb25zIG9mIE9wZW5WUE4gQ2xpZW50IHNvZnR3YXJlDQojIChmb3IgZXhhbXBsZTogT3BlblZQTiBDbGllbnQgZm9yIGlPUyksDQojIGEgcGFpciBvZiBjbGllbnQgY2VydGlmaWNhdGUgYW5kIHByaXZhdGUga2V5IG11c3QgYmUgaW5jbHVkZWQgb24gdGhlDQojIGNvbmZpZ3VyYXRpb24gZmlsZSBkdWUgdG8gdGhlIGxpbWl0YXRpb24gb2YgdGhlIGNsaWVudC4NCiMgU28gdGhpcyBzYW1wbGUgY29uZmlndXJhdGlvbiBmaWxlIGhhcyBhIGR1bW15IHBhaXIgb2YgY2xpZW50IGNlcnRpZmljYXRlDQojIGFuZCBwcml2YXRlIGtleSBhcyBmb2xsb3dzLg0KDQo8Y2VydD4NCi0tLS0tQkVHSU4gQ0VSVElGSUNBVEUtLS0tLQ0KTUlJQ3hqQ0NBYTRDQVFBd0RRWUpLb1pJaHZjTkFRRUZCUUF3S1RFYU1CZ0dBMVVFQXhNUlZsQk9SMkYwWlVOcw0KYVdWdWRFTmxjblF4Q3pBSkJnTlZCQVlUQWtwUU1CNFhEVEV6TURJeE1UQXpORGswT1ZvWERUTTNNREV4T1RBeg0KTVRRd04xb3dLVEVhTUJnR0ExVUVBeE1SVmxCT1IyRjBaVU5zYVdWdWRFTmxjblF4Q3pBSkJnTlZCQVlUQWtwUQ0KTUlJQklqQU5CZ2txaGtpRzl3MEJBUUVGQUFPQ0FROEFNSUlCQ2dLQ0FRRUE1aDJsZ1FRWVVqd29LWUpielZaQQ0KNVZjSUdkNW90UGMvcVpSTXQwS0l0Q0ZBMHM5UndSZU5WYTlmRFJGTFJCaGNJVE9sdjNGQmNXM0U4aDFVczdSRA0KNFc4R21KZTh6YXBKbkxzRDM5T1NNUkN6WkpuY3pXNE9DSDFQWlJaV0txRHRqbE5jYTlBRjhhNjVqVG1sRHhDUQ0KQ2pudExJV2s1T0xMVmtGdDkvdFNjYzFHRHRjaTU1b2ZoYU5BWU1QaUg3VjgrMWc2NnBHSFhBb1dLNkFRVkg2Nw0KWENLSm5HQjVubFErSHNNWVBWL080OUxkOTFaTi8ydEhrY2FMTHlOdHl3eFZQUlNzUmg0ODBqanUwZmNDc3Y2aA0KcC8weVhuVEIvL21XdXRCR3BkVWxJYndpSVRiQW1yc2JZbmppZ1J2blBxWDFSTkpVYmk5RnA2QzJjL0hJRkpHRA0KeXdJREFRQUJNQTBHQ1NxR1NJYjNEUUVCQlFVQUE0SUJBUUNoTzVoZ2N3LzRvV2ZvRUZMdTlrQmExQi8va3hIOA0KaFFrQ2hWTm44QlJDN1kwVVJRaXRQbDNES0VlZDlVUkJEZGcyS09Bejc3YmI2RU5QaWxpRCthMzhVSkhJUk1xZQ0KVUJIaGxsT0hJenZEaEhGYmFvdkFMQlFjZWVCemRrUXhzS1FFU0ttUW1SODMyOTUwVUNvdm95UkI2MVV5QVY3aA0KK21aaFlQR1JLWEtTSkk2czBFZ2cvQ3JpK0N3azRiakpmcmI1aFZzZTExeWg0RDlNSGh3U2ZDT0grMHo0aFBVVA0KRmt1N2RHYXZVUk81U1Z4TW4vc0w2RW41RCtvU2VYa2FkSHBEcytBaXJ5bTJZSGgxNWgwK2pQU09vUjZ5aVZwLw0KNnpaZVprck40M2t1UzczS3BLREZqZkZQaDh0NHIxZ09JanR0a05jUXFCY2N1c25wbFE3SEpwc2sNCi0tLS0tRU5EIENFUlRJRklDQVRFLS0tLS0NCg0KPC9jZXJ0Pg0KDQo8a2V5Pg0KLS0tLS1CRUdJTiBSU0EgUFJJVkFURSBLRVktLS0tLQ0KTUlJRXBBSUJBQUtDQVFFQTVoMmxnUVFZVWp3b0tZSmJ6VlpBNVZjSUdkNW90UGMvcVpSTXQwS0l0Q0ZBMHM5Ug0Kd1JlTlZhOWZEUkZMUkJoY0lUT2x2M0ZCY1czRThoMVVzN1JENFc4R21KZTh6YXBKbkxzRDM5T1NNUkN6WkpuYw0Kelc0T0NIMVBaUlpXS3FEdGpsTmNhOUFGOGE2NWpUbWxEeENRQ2pudExJV2s1T0xMVmtGdDkvdFNjYzFHRHRjaQ0KNTVvZmhhTkFZTVBpSDdWOCsxZzY2cEdIWEFvV0s2QVFWSDY3WENLSm5HQjVubFErSHNNWVBWL080OUxkOTFaTg0KLzJ0SGtjYUxMeU50eXd4VlBSU3NSaDQ4MGpqdTBmY0NzdjZocC8weVhuVEIvL21XdXRCR3BkVWxJYndpSVRiQQ0KbXJzYlluamlnUnZuUHFYMVJOSlViaTlGcDZDMmMvSElGSkdEeXdJREFRQUJBb0lCQUVSVjdYNUF2eEE4dVJpSw0KazhTSXBzRDBkWDFwSk9NSXdha1VWeXZjNEVmTjBEaEtSTmI0cllvU2lFR1RMeXpMcHlCYy9BMjhEbGttNWVPWQ0KZmp6WGZZa0d0WWkvRnR4a2czTzl2Y3JNUTQrNmkrdUdIYUlMMnJMK3M0TXJmTzh2MXh2NitXa3kzM0VFR0NvdQ0KUWl3VkdSRlFYblJvUTYyTkJDRmJVTkxobVh3ZGoxYWtaekxVNHA1UjR6QTNRaGR4d0VJYXRWTHQwKzdvd0xRMw0KbFA4c2ZYaHBwUE9YalRxTUQ0UWtZd3pQQWE4L3pGN2FjbjRrcnlyVVA3UTZQQWZkMHpFVnFOeTlaQ1o5ZmZobw0KelhlZEZqNDg2SUZvYzVnblRwMk42anNuVmo0TENHSWhsVkhsWUdvektLRnFKY1FWR3NIQ3FxMW96MnpqVzZMUw0Kb1JZSUhnRUNnWUVBOHpacmtDd05ZU1hKdU9ESjNtL2hPTFZ4Y3hnSnV3WG9pRXJXZDBFNDJ2UGFuampWTWhudA0KS1k1bDhxR01KNkZoSzlMWXgycUNyZi9FMFh0VUFaMndWcTNPUlR5R25zTVdyZTl0TFlzNTVYK1pOMTBUYzc1eg0KNGhhY2JVMGhxS04xSGlEbXNNUlkzLzJOYVpIb3k3TUtud0pKQmFHNDhsOUNDVGxWd01Ib2NJRUNnWUVBOGpieQ0KZEdqeFRIKzZYSFdOaXpiNVNSYlp4QW55RWVKZVJ3VE1oMGdHendHUHBIL3NaWUd6eXUwU3lTWFdDblpoM1JncQ0KNXVMbE54dHJYcmxqWmx5aTJuUWRRZ3NxMllyV1VzMCt6Z1UrMjJ1UXNacFNBZnRtaFZydHZldDZNalZqYkJ5WQ0KREFEY2lFVlVkSllJWGsrcW5GVUp5ZXJvTElrVGo3V1lLWjZSamtzQ2dZQm9DRkl3UkRlZzQyb0s4OVJGbW5Pcg0KTHltTkFxNCsyb01oc1dsVmI0ZWpXSVdlQWs5bmMrR1hVZnJYc3pSaFMwMW1VblU1cjV5Z1V2UmNhclYvVDNVNw0KVG5NWitJN1k0RGdXUklEZDUxem5oeElCdFlWNWovQy90ODVIanFPa0grOGI2UlRrYmNoYVgzbWF1N2ZwVWZkcw0KRnEwbmhJcTQyZmhFTzhzcmZZWXdnUUtCZ1FDeWhpMU4vOHRhUndwayszL0lERXpRd2piZmR6VWtXV1NEazlYcw0KSC9wa3VSSFdmVE1QM2ZsV3FFWWdXL0xXNDBwZVcySERxNWltZFY4K0FnWnhlL1hNYmFqaTlMZ3dmMVJZMDA1bg0KS3hhWlF6N3lxSHVwV2xMR0Y2OERQSHhrWlZWU2FnRG5WL3N6dFdYNlNGc0NxRlZueElYaWZYR0M0Y1c1Tm05Zw0KdmE4cTRRS0JnUUNFaExWZVVmZHdLdmtaOTRnL0dGejczMVoyaHJkVmhnTVphVS91NnQwVjk1K1llelBOQ1FaQg0Kd21FOU1tbGJxMWVtRGVST2l2akNmb0doUjNrWlhXMXBUS2xMaDZaTVVRVU9wcHRkWHZhOFh4Zm9xUXdhM2VuQQ0KTTdtdUJiRjBYTjdWTzgwaUpQditQbUlaZEVJQWtwd0tmaTIwMVlCK0JhZkNJdUd4SUY1MFZnPT0NCi0tLS0tRU5EIFJTQSBQUklWQVRFIEtFWS0tLS0tDQoNCjwva2V5Pg0KDQo=
public-vpn-105,219.100.37.85,1387980,28,1366100612,Japan,JP,117,1076297875,11734149,569660851375210,2weeks,Daiyuu Nobori_ Japan. Academic Use Only.,,IyMjIyMjIyMjIyMjIyMjIyMjIyMjIyMjIyMjIyMjIyMjIyMjIyMjIyMjIyMjIyMjIyMjIyMjIyMjIyMjIyMjIyMjIyMjIyMjIyMjIyMjIw0KIyBPcGVuVlBOIDIuMCBTYW1wbGUgQ29uZmlndXJhdGlvbiBGaWxlDQojIGZvciBQYWNrZXRpWCBWUE4gLyBTb2Z0RXRoZXIgVlBOIFNlcnZlcg0KIyANCiMgISEhIEFVVE8tR0VORVJBVEVEIEJZIFNPRlRFVEhFUiBWUE4gU0VSVkVSIE1BTkFHRU1FTlQgVE9PTCAhISENCiMgDQojICEhISBZT1UgSEFWRSBUTyBSRVZJRVcgSVQgQkVGT1JFIFVTRSBBTkQgTU9ESUZZIElUIEFTIE5FQ0VTU0FSWSAhISENCiMgDQojIFRoaXMgY29uZmlndXJhdGlvbiBmaWxlIGlzIGF1dG8tZ2VuZXJhdGVkLiBZb3UgbWlnaHQgdXNlIHRoaXMgY29uZmlnIGZpbGUNCiMgaW4gb3JkZXIgdG8gY29ubmVjdCB0byB0aGUgUGFja2V0aVggVlBOIC8gU29mdEV0aGVyIFZQTiBTZXJ2ZXIuDQojIEhvd2V2ZXIsIGJlZm9yZSB5b3UgdHJ5IGl0LCB5b3Ugc2hvdWxkIHJldmlldyB0aGUgZGVzY3JpcHRpb25zIG9mIHRoZSBmaWxlDQojIHRvIGRldGVybWluZSB0aGUgbmVjZXNzaXR5IHRvIG1vZGlmeSB0byBzdWl0YWJsZSBmb3IgeW91ciByZWFsIGVudmlyb25tZW50Lg0KIyBJZiBuZWNlc3NhcnksIHlvdSBoYXZlIHRvIG1vZGlmeSBhIGxpdHRsZSBhZGVxdWF0ZWx5IG9uIHRoZSBmaWxlLg0KIyBGb3IgZXhhbXBsZSwgdGhlIElQIGFkZHJlc3Mgb3IgdGhlIGhvc3RuYW1lIGFzIGEgZGVzdGluYXRpb24gVlBOIFNlcnZlcg0KIyBzaG91bGQgYmUgY29uZmlybWVkLg0KIyANCiMgTm90ZSB0aGF0IHRvIHVzZSBPcGVuVlBOIDIuMCwgeW91IGhhdmUgdG8gcHV0IHRoZSBjZXJ0aWZpY2F0aW9uIGZpbGUgb2YNCiMgdGhlIGRlc3RpbmF0aW9uIFZQTiBTZXJ2ZXIgb24gdGhlIE9wZW5WUE4gQ2xpZW50IGNvbXB1dGVyIHdoZW4geW91IHVzZSB0aGlzDQojIGNvbmZpZyBmaWxlLiBQbGVhc2UgcmVmZXIgdGhlIGJlbG93IGRlc2NyaXB0aW9ucyBjYXJlZnVsbHkuDQoNCg0KIyMjIyMjIyMjIyMjIyMjIyMjIyMjIyMjIyMjIyMjIyMjIyMjIyMjIyMjIyMjIyMjIyMjIyMjIyMjIyMjIyMjIyMjIyMjIyMjIyMjIyMjIw0KIyBTcGVjaWZ5IHRoZSB0eXBlIG9mIHRoZSBsYXllciBvZiB0aGUgVlBOIGNvbm5lY3Rpb24uDQojIA0KIyBUbyBjb25uZWN0IHRvIHRoZSBWUE4gU2VydmVyIGFzIGEgIlJlbW90ZS1BY2Nlc3MgVlBOIENsaWVudCBQQyIsDQojICBzcGVjaWZ5ICdkZXYgdHVuJy4gKExheWVyLTMgSVAgUm91dGluZyBNb2RlKQ0KIw0KIyBUbyBjb25uZWN0IHRvIHRoZSBWUE4gU2VydmVyIGFzIGEgYnJpZGdpbmcgZXF1aXBtZW50IG9mICJTaXRlLXRvLVNpdGUgVlBOIiwNCiMgIHNwZWNpZnkgJ2RldiB0YXAnLiAoTGF5ZXItMiBFdGhlcm5ldCBCcmlkZ2luZSBNb2RlKQ0KDQpkZXYgdHVuDQoNCg0KIyMjIyMjIyMjIyMjIyMjIyMjIyMjIyMjIyMjIyMjIyMjIyMjIyMjIyMjIyMjIyMjIyMjIyMjIyMjIyMjIyMjIyMjIyMjIyMjIyMjIyMjIw0KIyBTcGVjaWZ5IHRoZSB1bmRlcmx5aW5nIHByb3RvY29sIGJleW9uZCB0aGUgSW50ZXJuZXQuDQojIE5vdGUgdGhhdCB0aGlzIHNldHRpbmcgbXVzdCBiZSBjb3JyZXNwb25kIHdpdGggdGhlIGxpc3RlbmluZyBzZXR0aW5nIG9uDQojIHRoZSBWUE4gU2VydmVyLg0KIyANCiMgU3BlY2lmeSBlaXRoZXIgJ3Byb3RvIHRjcCcgb3IgJ3Byb3RvIHVkcCcuDQoNCnByb3RvIHRjcA0KDQoNCiMjIyMjIyMjIyMjIyMjIyMjIyMjIyMjIyMjIyMjIyMjIyMjIyMjIyMjIyMjIyMjIyMjIyMjIyMjIyMjIyMjIyMjIyMjIyMjIyMjIyMjIyMNCiMgVGhlIGRlc3RpbmF0aW9uIGhvc3RuYW1lIC8gSVAgYWRkcmVzcywgYW5kIHBvcnQgbnVtYmVyIG9mDQojIHRoZSB0YXJnZXQgVlBOIFNlcnZlci4NCiMgDQojIFlvdSBoYXZlIHRvIHNwZWNpZnkgYXMgJ3JlbW90ZSA8SE9TVE5BTUU+IDxQT1JUPicuIFlvdSBjYW4gYWxzbw0KIyBzcGVjaWZ5IHRoZSBJUCBhZGRyZXNzIGluc3RlYWQgb2YgdGhlIGhvc3RuYW1lLg0KIyANCiMgTm90ZSB0aGF0IHRoZSBhdXRvLWdlbmVyYXRlZCBiZWxvdyBob3N0bmFtZSBhcmUgYSAiYXV0by1kZXRlY3RlZA0KIyBJUCBhZGRyZXNzIiBvZiB0aGUgVlBOIFNlcnZlci4gWW91IGhhdmUgdG8gY29uZmlybSB0aGUgY29ycmVjdG5lc3MNCiMgYmVmb3JlaGFuZC4NCiMgDQojIFdoZW4geW91IHdhbnQgdG8gY29ubmVjdCB0byB0aGUgVlBOIFNlcnZlciBieSB1c2luZyBUQ1AgcHJvdG9jb2wsDQojIHRoZSBwb3J0IG51bWJlciBvZiB0aGUgZGVzdGluYXRpb24gVENQIHBvcnQgc2hvdWxkIGJlIHNhbWUgYXMgb25lIG9mDQojIHRoZSBhdmFpbGFibGUgVENQIGxpc3RlbmVycyBvbiB0aGUgVlBOIFNlcnZlci4NCiMgDQojIFdoZW4geW91IHVzZSBVRFAgcHJvdG9jb2wsIHRoZSBwb3J0IG51bWJlciBtdXN0IHNhbWUgYXMgdGhlIGNvbmZpZ3VyYXRpb24NCiMgc2V0dGluZyBvZiAiT3BlblZQTiBTZXJ2ZXIgQ29tcGF0aWJsZSBGdW5jdGlvbiIgb24gdGhlIFZQTiBTZXJ2ZXIuDQoNCnJlbW90ZSAyMTkuMTAwLjM3Ljg1IDQ0Mw0KDQoNCiMjIyMjIyMjIyMjIyMjIyMjIyMjIyMjIyMjIyMjIyMjIyMjIyMjIyMjIyMjIyMjIyMjIyMjIyMjIyMjIyMjIyMjIyMjIyMjIyMjIyMjIyMNCiMgVGhlIEhUVFAvSFRUUFMgcHJveHkgc2V0dGluZy4NCiMgDQojIE9ubHkgaWYgeW91IGhhdmUgdG8gdXNlIHRoZSBJbnRlcm5ldCB2aWEgYSBwcm94eSwgdW5jb21tZW50IHRoZSBiZWxvdw0KIyB0d28gbGluZXMgYW5kIHNwZWNpZnkgdGhlIHByb3h5IGFkZHJlc3MgYW5kIHRoZSBwb3J0IG51bWJlci4NCiMgSW4gdGhlIGNhc2Ugb2YgdXNpbmcgcHJveHktYXV0aGVudGljYXRpb24sIHJlZmVyIHRoZSBPcGVuVlBOIG1hbnVhbC4NCg0KO2h0dHAtcHJveHktcmV0cnkNCjtodHRwLXByb3h5IFtwcm94eSBzZXJ2ZXJdIFtwcm94eSBwb3J0XQ0KDQoNCiMjIyMjIyMjIyMjIyMjIyMjIyMjIyMjIyMjIyMjIyMjIyMjIyMjIyMjIyMjIyMjIyMjIyMjIyMjIyMjIyMjIyMjIyMjIyMjIyMjIyMjIyMNCiMgVGhlIGVuY3J5cHRpb24gYW5kIGF1dGhlbnRpY2F0aW9uIGFsZ29yaXRobS4NCiMgDQojIERlZmF1bHQgc2V0dGluZyBpcyBnb29kLiBNb2RpZnkgaXQgYXMgeW91IHByZWZlci4NCiMgV2hlbiB5b3Ugc3BlY2lmeSBhbiB1bnN1cHBvcnRlZCBhbGdvcml0aG0sIHRoZSBlcnJvciB3aWxsIG9jY3VyLg0KIyANCiMgVGhlIHN1cHBvcnRlZCBhbGdvcml0aG1zIGFyZSBhcyBmb2xsb3dzOg0KIyAgY2lwaGVyOiBbTlVMTC1DSVBIRVJdIE5VTEwgQUVTLTEyOC1DQkMgQUVTLTE5Mi1DQkMgQUVTLTI1Ni1DQkMgQkYtQ0JDDQojICAgICAgICAgIENBU1QtQ0JDIENBU1Q1LUNCQyBERVMtQ0JDIERFUy1FREUtQ0JDIERFUy1FREUzLUNCQyBERVNYLUNCQw0KIyAgICAgICAgICBSQzItNDAtQ0JDIFJDMi02NC1DQkMgUkMyLUNCQw0KIyAgYXV0aDogICBTSEEgU0hBMSBNRDUgTUQ0IFJNRDE2MA0KDQpjaXBoZXIgQUVTLTEyOC1DQkMNCmF1dGggU0hBMQ0KDQoNCiMjIyMjIyMjIyMjIyMjIyMjIyMjIyMjIyMjIyMjIyMjIyMjIyMjIyMjIyMjIyMjIyMjIyMjIyMjIyMjIyMjIyMjIyMjIyMjIyMjIyMjIyMNCiMgT3RoZXIgcGFyYW1ldGVycyBuZWNlc3NhcnkgdG8gY29ubmVjdCB0byB0aGUgVlBOIFNlcnZlci4NCiMgDQojIEl0IGlzIG5vdCByZWNvbW1lbmRlZCB0byBtb2RpZnkgaXQgdW5sZXNzIHlvdSBoYXZlIGEgcGFydGljdWxhciBuZWVkLg0KDQpyZXNvbHYtcmV0cnkgaW5maW5pdGUNCm5vYmluZA0KcGVyc2lzdC1rZXkNCnBlcnNpc3QtdHVuDQpjbGllbnQNCnZlcmIgMw0KI2F1dGgtdXNlci1wYXNzDQoNCg0KIyMjIyMjIyMjIyMjIyMjIyMjIyMjIyMjIyMjIyMjIyMjIyMjIyMjIyMjIyMjIyMjIyMjIyMjIyMjIyMjIyMjIyMjIyMjIyMjIyMjIyMjIw0KIyBUaGUgY2VydGlmaWNhdGUgZmlsZSBvZiB0aGUgZGVzdGluYXRpb24gVlBOIFNlcnZlci4NCiMgDQojIFRoZSBDQSBjZXJ0aWZpY2F0ZSBmaWxlIGlzIGVtYmVkZGVkIGluIHRoZSBpbmxpbmUgZm9ybWF0Lg0KIyBZb3UgY2FuIHJlcGxhY2UgdGhpcyBDQSBjb250ZW50cyBpZiBuZWNlc3NhcnkuDQojIFBsZWFzZSBub3RlIHRoYXQgaWYgdGhlIHNlcnZlciBjZXJ0aWZpY2F0ZSBpcyBub3QgYSBzZWxmLXNpZ25lZCwgeW91IGhhdmUgdG8NCiMgc3BlY2lmeSB0aGUgc2lnbmVyJ3Mgcm9vdCBjZXJ0aWZpY2F0ZSAoQ0EpIGhlcmUuDQoNCjxjYT4NCi0tLS0tQkVHSU4gQ0VSVElGSUNBVEUtLS0tLQ0KTUlJRmF6Q0NBMU9nQXdJQkFnSVJBSUlRejdEU1FPTlpSR1BndTJPQ2l3QXdEUVlKS29aSWh2Y05BUUVMQlFBdw0KVHpFTE1Ba0dBMVVFQmhNQ1ZWTXhLVEFuQmdOVkJBb1RJRWx1ZEdWeWJtVjBJRk5sWTNWeWFYUjVJRkpsYzJWaA0KY21Ob0lFZHliM1Z3TVJVd0V3WURWUVFERXd4SlUxSkhJRkp2YjNRZ1dERXdIaGNOTVRVd05qQTBNVEV3TkRNNA0KV2hjTk16VXdOakEwTVRFd05ETTRXakJQTVFzd0NRWURWUVFHRXdKVlV6RXBNQ2NHQTFVRUNoTWdTVzUwWlhKdQ0KWlhRZ1UyVmpkWEpwZEhrZ1VtVnpaV0Z5WTJnZ1IzSnZkWEF4RlRBVEJnTlZCQU1UREVsVFVrY2dVbTl2ZENCWQ0KTVRDQ0FpSXdEUVlKS29aSWh2Y05BUUVCQlFBRGdnSVBBRENDQWdvQ2dnSUJBSzNvSkhQMEZEZnptNTRyVnlnYw0KaDc3Y3Q5ODRrSXh1UE9aWG9IajNkY0tpL3ZWcWJ2WUFUeWpiM21pR2JFU1R0ckZqL1JRU2E3OGYwdW94bXlGKw0KMFRNOHVrajEzWG5mczdqL0V2RWhta3ZCaW9aeGFVcG1abXlQZmp4d3Y2MHBJZ2J6NU1EbWdLN2lTNCszbVg2VQ0KQTUvVFI1ZDhtVWdqVStnNHJrOEtiNE11MFVsWGpJQjB0dG92MERpTmV3TndJUnQxOGpBOCtvK3UzZHBqcStzVw0KVDhLT0VVdCt6d3ZvLzdWM0x2U3llMHJnVEJJbERIQ05BeW1nNFZNazdCUFo3aG0vRUxOS2pEK0pvMkZSM3F5SA0KQjVUMFkzSHNMdUp2VzVpQjRZbGNOSGxzZHU4N2tHSjU1dHVrbWk4bXhkQVE0UTdlMlJDT0Z2dTM5NmozeCtVQw0KQjVpUE5naVY1K0kzbGcwMmRaNzdEbkt4SFp1OEEvbEpCZGlCM1FXMEt0WkI2YXdCZHBVS0Q5amYxYjBTSHpVdg0KS0JkczBwakJxQWxrZDI1SE43ck9yRmxlYUoxL2N0YUp4UVpCS1Q1WlB0MG05U1RKRWFkYW8weEFIMGFobWJXbg0KT2xGdWhqdWVmWEtuRWdWNFdlMCtVWGdWQ3dPUGpkQXZCYkkrZTBvY1MzTUZFdnpHNnVCUUUzeERrM1N6eW5Ubg0Kamg4QkNOQXcxRnR4TnJRSHVzRXdNRnhJdDRJN21LWjlZSXFpb3ltQ3pMcTlnd1Fib29NRFFhSFdCZkVid3Jidw0KcUh5R08wYW9TQ3FJM0hhYWRyOGZhcVU5R1kvck9QTmszc2dyRFFvby8vZmI0aFZDMUNMUUoxM2hlZjRZNTNDSQ0KclU3bTJZczZ4dDBuVVc3L3ZHVDFNME5QQWdNQkFBR2pRakJBTUE0R0ExVWREd0VCL3dRRUF3SUJCakFQQmdOVg0KSFJNQkFmOEVCVEFEQVFIL01CMEdBMVVkRGdRV0JCUjV0Rm5tZTdibDVBRnpnQWlJeUJwWTl1bWJiakFOQmdrcQ0KaGtpRzl3MEJBUXNGQUFPQ0FnRUFWUjlZcWJ5eXFGRFFETEhZR21rZ0p5a0lyR0YxWElwdStJTGxhUy9WOWxaTA0KdWJoekVGblRJWmQrNTB4eCs3TFNZSzA1cUF2cUZ5RldoZkZRRGxucnp1Qlo2YnJKRmUrR25ZK0VnUGJrNlpHUQ0KM0JlYllodEY4R2FWMG54dnd1bzc3eC9QeTlhdUovR3BzTWl1L1gxK212b2lCT3YvMlgvcWtTc2lzUmNPai9LSw0KTkZ0WTJQd0J5VlM1dUNiTWlvZ3ppVXd0aER5QzMrNldWd1c2TEx2M3hMZkhUanVDdmpISUluTnprdEhDZ0tRNQ0KT1JBekk0Sk1QSitHc2xXWUhiNHBob3dpbTU3aWF6dFhPb0p3VGR3Sng0bkxDZ2ROYk9oZGpzbnZ6cXZIdTdVcg0KVGtYV1N0QW16T1Z5eWdocXBaWGpGYUgzcE8zSkxGK2wrLytzS0FJdXZ0ZDd1K054ZTVBVzB3ZGVSbE44TndkQw0Kak5QRWxwelZtYlVxNEpVYWdFaXVURGtIenN4SHBGS1ZLN3E0KzYzU00xTjk1UjFOYmRXaHNjZENiK1pBSnpWYw0Kb3lpM0I0M25qVE9RNXlPZisxQ2NlV3hHMWJRVnM1WnVmcHNNbGpxNFVpMC8xbHZoK3dqQ2hQNGtxS09KMnF4cQ0KNFJncXNhaERZVnZUSDl3N2pYYnlMZWlOZGQ4WE0ydzlVL3Q3eTBGZi85eWkwR0U0NFphNHJGMkxOOWQxMVRQQQ0KbVJHdW5VSEJjbldFdmdKQlFsOW5KRWlVMFpzbnZnYy91YmhQZ1hSUjRYcTM3WjBqNHI3ZzFTZ0VFend4QTU3ZA0KZW15UHhnY1l4bi9lUjQ0L0tKNEVCcytsVkRSM3ZleUptK2tYUTk5YjIxLytqaDVYb3MxQW5YNWlJdHJlR0NjPQ0KLS0tLS1FTkQgQ0VSVElGSUNBVEUtLS0tLQ0KDQo8L2NhPg0KDQoNCiMjIyMjIyMjIyMjIyMjIyMjIyMjIyMjIyMjIyMjIyMjIyMjIyMjIyMjIyMjIyMjIyMjIyMjIyMjIyMjIyMjIyMjIyMjIyMjIyMjIyMjIyMNCiMgVGhlIGNsaWVudCBjZXJ0aWZpY2F0ZSBmaWxlIChkdW1teSkuDQojIA0KIyBJbiBzb21lIGltcGxlbWVudGF0aW9ucyBvZiBPcGVuVlBOIENsaWVudCBzb2Z0d2FyZQ0KIyAoZm9yIGV4YW1wbGU6IE9wZW5WUE4gQ2xpZW50IGZvciBpT1MpLA0KIyBhIHBhaXIgb2YgY2xpZW50IGNlcnRpZmljYXRlIGFuZCBwcml2YXRlIGtleSBtdXN0IGJlIGluY2x1ZGVkIG9uIHRoZQ0KIyBjb25maWd1cmF0aW9uIGZpbGUgZHVlIHRvIHRoZSBsaW1pdGF0aW9uIG9mIHRoZSBjbGllbnQuDQojIFNvIHRoaXMgc2FtcGxlIGNvbmZpZ3VyYXRpb24gZmlsZSBoYXMgYSBkdW1teSBwYWlyIG9mIGNsaWVudCBjZXJ0aWZpY2F0ZQ0KIyBhbmQgcHJpdmF0ZSBrZXkgYXMgZm9sbG93cy4NCg0KPGNlcnQ+DQotLS0tLUJFR0lOIENFUlRJRklDQVRFLS0tLS0NCk1JSUN4akNDQWE0Q0FRQXdEUVlKS29aSWh2Y05BUUVGQlFBd0tURWFNQmdHQTFVRUF4TVJWbEJPUjJGMFpVTnMNCmFXVnVkRU5sY25ReEN6QUpCZ05WQkFZVEFrcFFNQjRYRFRFek1ESXhNVEF6TkRrME9Wb1hEVE0zTURFeE9UQXoNCk1UUXdOMW93S1RFYU1CZ0dBMVVFQXhNUlZsQk9SMkYwWlVOc2FXVnVkRU5sY25ReEN6QUpCZ05WQkFZVEFrcFENCk1JSUJJakFOQmdrcWhraUc5dzBCQVFFRkFBT0NBUThBTUlJQkNnS0NBUUVBNWgybGdRUVlVandvS1lKYnpWWkENCjVWY0lHZDVvdFBjL3FaUk10MEtJdENGQTBzOVJ3UmVOVmE5ZkRSRkxSQmhjSVRPbHYzRkJjVzNFOGgxVXM3UkQNCjRXOEdtSmU4emFwSm5Mc0QzOU9TTVJDelpKbmN6VzRPQ0gxUFpSWldLcUR0amxOY2E5QUY4YTY1alRtbER4Q1ENCkNqbnRMSVdrNU9MTFZrRnQ5L3RTY2MxR0R0Y2k1NW9maGFOQVlNUGlIN1Y4KzFnNjZwR0hYQW9XSzZBUVZINjcNClhDS0puR0I1bmxRK0hzTVlQVi9PNDlMZDkxWk4vMnRIa2NhTEx5TnR5d3hWUFJTc1JoNDgwamp1MGZjQ3N2NmgNCnAvMHlYblRCLy9tV3V0QkdwZFVsSWJ3aUlUYkFtcnNiWW5qaWdSdm5QcVgxUk5KVWJpOUZwNkMyYy9ISUZKR0QNCnl3SURBUUFCTUEwR0NTcUdTSWIzRFFFQkJRVUFBNElCQVFDaE81aGdjdy80b1dmb0VGTHU5a0JhMUIvL2t4SDgNCmhRa0NoVk5uOEJSQzdZMFVSUWl0UGwzREtFZWQ5VVJCRGRnMktPQXo3N2JiNkVOUGlsaUQrYTM4VUpISVJNcWUNClVCSGhsbE9ISXp2RGhIRmJhb3ZBTEJRY2VlQnpka1F4c0tRRVNLbVFtUjgzMjk1MFVDb3ZveVJCNjFVeUFWN2gNCittWmhZUEdSS1hLU0pJNnMwRWdnL0NyaStDd2s0YmpKZnJiNWhWc2UxMXloNEQ5TUhod1NmQ09IKzB6NGhQVVQNCkZrdTdkR2F2VVJPNVNWeE1uL3NMNkVuNUQrb1NlWGthZEhwRHMrQWlyeW0yWUhoMTVoMCtqUFNPb1I2eWlWcC8NCjZ6WmVaa3JONDNrdVM3M0twS0RGamZGUGg4dDRyMWdPSWp0dGtOY1FxQmNjdXNucGxRN0hKcHNrDQotLS0tLUVORCBDRVJUSUZJQ0FURS0tLS0tDQoNCjwvY2VydD4NCg0KPGtleT4NCi0tLS0tQkVHSU4gUlNBIFBSSVZBVEUgS0VZLS0tLS0NCk1JSUVwQUlCQUFLQ0FRRUE1aDJsZ1FRWVVqd29LWUpielZaQTVWY0lHZDVvdFBjL3FaUk10MEtJdENGQTBzOVINCndSZU5WYTlmRFJGTFJCaGNJVE9sdjNGQmNXM0U4aDFVczdSRDRXOEdtSmU4emFwSm5Mc0QzOU9TTVJDelpKbmMNCnpXNE9DSDFQWlJaV0txRHRqbE5jYTlBRjhhNjVqVG1sRHhDUUNqbnRMSVdrNU9MTFZrRnQ5L3RTY2MxR0R0Y2kNCjU1b2ZoYU5BWU1QaUg3VjgrMWc2NnBHSFhBb1dLNkFRVkg2N1hDS0puR0I1bmxRK0hzTVlQVi9PNDlMZDkxWk4NCi8ydEhrY2FMTHlOdHl3eFZQUlNzUmg0ODBqanUwZmNDc3Y2aHAvMHlYblRCLy9tV3V0QkdwZFVsSWJ3aUlUYkENCm1yc2JZbmppZ1J2blBxWDFSTkpVYmk5RnA2QzJjL0hJRkpHRHl3SURBUUFCQW9JQkFFUlY3WDVBdnhBOHVSaUsNCms4U0lwc0QwZFgxcEpPTUl3YWtVVnl2YzRFZk4wRGhLUk5iNHJZb1NpRUdUTHl6THB5QmMvQTI4RGxrbTVlT1kNCmZqelhmWWtHdFlpL0Z0eGtnM085dmNyTVE0KzZpK3VHSGFJTDJyTCtzNE1yZk84djF4djYrV2t5MzNFRUdDb3UNClFpd1ZHUkZRWG5Sb1E2Mk5CQ0ZiVU5MaG1Yd2RqMWFrWnpMVTRwNVI0ekEzUWhkeHdFSWF0Vkx0MCs3b3dMUTMNCmxQOHNmWGhwcFBPWGpUcU1ENFFrWXd6UEFhOC96RjdhY240a3J5clVQN1E2UEFmZDB6RVZxTnk5WkNaOWZmaG8NCnpYZWRGajQ4NklGb2M1Z25UcDJONmpzblZqNExDR0lobFZIbFlHb3pLS0ZxSmNRVkdzSENxcTFvejJ6alc2TFMNCm9SWUlIZ0VDZ1lFQTh6WnJrQ3dOWVNYSnVPREozbS9oT0xWeGN4Z0p1d1hvaUVyV2QwRTQydlBhbmpqVk1obnQNCktZNWw4cUdNSjZGaEs5TFl4MnFDcmYvRTBYdFVBWjJ3VnEzT1JUeUduc01XcmU5dExZczU1WCtaTjEwVGM3NXoNCjRoYWNiVTBocUtOMUhpRG1zTVJZMy8yTmFaSG95N01LbndKSkJhRzQ4bDlDQ1RsVndNSG9jSUVDZ1lFQThqYnkNCmRHanhUSCs2WEhXTml6YjVTUmJaeEFueUVlSmVSd1RNaDBnR3p3R1BwSC9zWllHenl1MFN5U1hXQ25aaDNSZ3ENCjV1TGxOeHRyWHJsalpseWkyblFkUWdzcTJZcldVczAremdVKzIydVFzWnBTQWZ0bWhWcnR2ZXQ2TWpWamJCeVkNCkRBRGNpRVZVZEpZSVhrK3FuRlVKeWVyb0xJa1RqN1dZS1o2Umprc0NnWUJvQ0ZJd1JEZWc0Mm9LODlSRm1uT3INCkx5bU5BcTQrMm9NaHNXbFZiNGVqV0lXZUFrOW5jK0dYVWZyWHN6UmhTMDFtVW5VNXI1eWdVdlJjYXJWL1QzVTcNClRuTVorSTdZNERnV1JJRGQ1MXpuaHhJQnRZVjVqL0MvdDg1SGpxT2tIKzhiNlJUa2JjaGFYM21hdTdmcFVmZHMNCkZxMG5oSXE0MmZoRU84c3JmWVl3Z1FLQmdRQ3loaTFOLzh0YVJ3cGsrMy9JREV6UXdqYmZkelVrV1dTRGs5WHMNCkgvcGt1UkhXZlRNUDNmbFdxRVlnVy9MVzQwcGVXMkhEcTVpbWRWOCtBZ1p4ZS9YTWJhamk5TGd3ZjFSWTAwNW4NCkt4YVpRejd5cUh1cFdsTEdGNjhEUEh4a1pWVlNhZ0RuVi9zenRXWDZTRnNDcUZWbnhJWGlmWEdDNGNXNU5tOWcNCnZhOHE0UUtCZ1FDRWhMVmVVZmR3S3ZrWjk0Zy9HRno3MzFaMmhyZFZoZ01aYVUvdTZ0MFY5NStZZXpQTkNRWkINCndtRTlNbWxicTFlbURlUk9pdmpDZm9HaFIza1pYVzFwVEtsTGg2Wk1VUVVPcHB0ZFh2YThYeGZvcVF3YTNlbkENCk03bXVCYkYwWE43Vk84MGlKUHYrUG1JWmRFSUFrcHdLZmkyMDFZQitCYWZDSXVHeElGNTBWZz09DQotLS0tLUVORCBSU0EgUFJJVkFURSBLRVktLS0tLQ0KDQo8L2tleT4NCg0K
vpn799731089,59.26.33.152,1379439,32,73713800,Korea Republic of,KR,94,1175077507,235448,31311585654767,2weeks,DESKTOP-2RKR7MP's owner,,IyMjIyMjIyMjIyMjIyMjIyMjIyMjIyMjIyMjIyMjIyMjIyMjIyMjIyMjIyMjIyMjIyMjIyMjIyMjIyMjIyMjIyMjIyMjIyMjIyMjIyMjIw0KIyBPcGVuVlBOIDIuMCBTYW1wbGUgQ29uZmlndXJhdGlvbiBGaWxlDQojIGZvciBQYWNrZXRpWCBWUE4gLyBTb2Z0RXRoZXIgVlBOIFNlcnZlcg0KIyANCiMgISEhIEFVVE8tR0VORVJBVEVEIEJZIFNPRlRFVEhFUiBWUE4gU0VSVkVSIE1BTkFHRU1FTlQgVE9PTCAhISENCiMgDQojICEhISBZT1UgSEFWRSBUTyBSRVZJRVcgSVQgQkVGT1JFIFVTRSBBTkQgTU9ESUZZIElUIEFTIE5FQ0VTU0FSWSAhISENCiMgDQojIFRoaXMgY29uZmlndXJhdGlvbiBmaWxlIGlzIGF1dG8tZ2VuZXJhdGVkLiBZb3UgbWlnaHQgdXNlIHRoaXMgY29uZmlnIGZpbGUNCiMgaW4gb3JkZXIgdG8gY29ubmVjdCB0byB0aGUgUGFja2V0aVggVlBOIC8gU29mdEV0aGVyIFZQTiBTZXJ2ZXIuDQojIEhvd2V2ZXIsIGJlZm9yZSB5b3UgdHJ5IGl0LCB5b3Ugc2hvdWxkIHJldmlldyB0aGUgZGVzY3JpcHRpb25zIG9mIHRoZSBmaWxlDQojIHRvIGRldGVybWluZSB0aGUgbmVjZXNzaXR5IHRvIG1vZGlmeSB0byBzdWl0YWJsZSBmb3IgeW91ciByZWFsIGVudmlyb25tZW50Lg0KIyBJZiBuZWNlc3NhcnksIHlvdSBoYXZlIHRvIG1vZGlmeSBhIGxpdHRsZSBhZGVxdWF0ZWx5IG9uIHRoZSBmaWxlLg0KIyBGb3IgZXhhbXBsZSwgdGhlIElQIGFkZHJlc3Mgb3IgdGhlIGhvc3RuYW1lIGFzIGEgZGVzdGluYXRpb24gVlBOIFNlcnZlcg0KIyBzaG91bGQgYmUgY29uZmlybWVkLg0KIyANCiMgTm90ZSB0aGF0IHRvIHVzZSBPcGVuVlBOIDIuMCwgeW91IGhhdmUgdG8gcHV0IHRoZSBjZXJ0aWZpY2F0aW9uIGZpbGUgb2YNCiMgdGhlIGRlc3RpbmF0aW9uIFZQTiBTZXJ2ZXIgb24gdGhlIE9wZW5WUE4gQ2xpZW50IGNvbXB1dGVyIHdoZW4geW91IHVzZSB0aGlzDQojIGNvbmZpZyBmaWxlLiBQbGVhc2UgcmVmZXIgdGhlIGJlbG93IGRlc2NyaXB0aW9ucyBjYXJlZnVsbHkuDQoNCg0KIyMjIyMjIyMjIyMjIyMjIyMjIyMjIyMjIyMjIyMjIyMjIyMjIyMjIyMjIyMjIyMjIyMjIyMjIyMjIyMjIyMjIyMjIyMjIyMjIyMjIyMjIw0KIyBTcGVjaWZ5IHRoZSB0eXBlIG9mIHRoZSBsYXllciBvZiB0aGUgVlBOIGNvbm5lY3Rpb24uDQojIA0KIyBUbyBjb25uZWN0IHRvIHRoZSBWUE4gU2VydmVyIGFzIGEgIlJlbW90ZS1BY2Nlc3MgVlBOIENsaWVudCBQQyIsDQojICBzcGVjaWZ5ICdkZXYgdHVuJy4gKExheWVyLTMgSVAgUm91dGluZyBNb2RlKQ0KIw0KIyBUbyBjb25uZWN0IHRvIHRoZSBWUE4gU2VydmVyIGFzIGEgYnJpZGdpbmcgZXF1aXBtZW50IG9mICJTaXRlLXRvLVNpdGUgVlBOIiwNCiMgIHNwZWNpZnkgJ2RldiB0YXAnLiAoTGF5ZXItMiBFdGhlcm5ldCBCcmlkZ2luZSBNb2RlKQ0KDQpkZXYgdHVuDQoNCg0KIyMjIyMjIyMjIyMjIyMjIyMjIyMjIyMjIyMjIyMjIyMjIyMjIyMjIyMjIyMjIyMjIyMjIyMjIyMjIyMjIyMjIyMjIyMjIyMjIyMjIyMjIw0KIyBTcGVjaWZ5IHRoZSB1bmRlcmx5aW5nIHByb3RvY29sIGJleW9uZCB0aGUgSW50ZXJuZXQuDQojIE5vdGUgdGhhdCB0aGlzIHNldHRpbmcgbXVzdCBiZSBjb3JyZXNwb25kIHdpdGggdGhlIGxpc3RlbmluZyBzZXR0aW5nIG9uDQojIHRoZSBWUE4gU2VydmVyLg0KIyANCiMgU3BlY2lmeSBlaXRoZXIgJ3Byb3RvIHRjcCcgb3IgJ3Byb3RvIHVkcCcuDQoNCnByb3RvIHRjcA0KDQoNCiMjIyMjIyMjIyMjIyMjIyMjIyMjIyMjIyMjIyMjIyMjIyMjIyMjIyMjIyMjIyMjIyMjIyMjIyMjIyMjIyMjIyMjIyMjIyMjIyMjIyMjIyMNCiMgVGhlIGRlc3RpbmF0aW9uIGhvc3RuYW1lIC8gSVAgYWRkcmVzcywgYW5kIHBvcnQgbnVtYmVyIG9mDQojIHRoZSB0YXJnZXQgVlBOIFNlcnZlci4NCiMgDQojIFlvdSBoYXZlIHRvIHNwZWNpZnkgYXMgJ3JlbW90ZSA8SE9TVE5BTUU+IDxQT1JUPicuIFlvdSBjYW4gYWxzbw0KIyBzcGVjaWZ5IHRoZSBJUCBhZGRyZXNzIGluc3RlYWQgb2YgdGhlIGhvc3RuYW1lLg0KIyANCiMgTm90ZSB0aGF0IHRoZSBhdXRvLWdlbmVyYXRlZCBiZWxvdyBob3N0bmFtZSBhcmUgYSAiYXV0by1kZXRlY3RlZA0KIyBJUCBhZGRyZXNzIiBvZiB0aGUgVlBOIFNlcnZlci4gWW91IGhhdmUgdG8gY29uZmlybSB0aGUgY29ycmVjdG5lc3MNCiMgYmVmb3JlaGFuZC4NCiMgDQojIFdoZW4geW91IHdhbnQgdG8gY29ubmVjdCB0byB0aGUgVlBOIFNlcnZlciBieSB1c2luZyBUQ1AgcHJvdG9jb2wsDQojIHRoZSBwb3J0IG51bWJlciBvZiB0aGUgZGVzdGluYXRpb24gVENQIHBvcnQgc2hvdWxkIGJlIHNhbWUgYXMgb25lIG9mDQojIHRoZSBhdmFpbGFibGUgVENQIGxpc3RlbmVycyBvbiB0aGUgVlBOIFNlcnZlci4NCiMgDQojIFdoZW4geW91IHVzZSBVRFAgcHJvdG9jb2wsIHRoZSBwb3J0IG51bWJlciBtdXN0IHNhbWUgYXMgdGhlIGNvbmZpZ3VyYXRpb24NCiMgc2V0dGluZyBvZiAiT3BlblZQTiBTZXJ2ZXIgQ29tcGF0aWJsZSBGdW5jdGlvbiIgb24gdGhlIFZQTiBTZXJ2ZXIuDQoNCnJlbW90ZSA1OS4yNi4zMy4xNTIgOTk1DQoNCg0KIyMjIyMjIyMjIyMjIyMjIyMjIyMjIyMjIyMjIyMjIyMjIyMjIyMjIyMjIyMjIyMjIyMjIyMjIyMjIyMjIyMjIyMjIyMjIyMjIyMjIyMjIw0KIyBUaGUgSFRUUC9IVFRQUyBwcm94eSBzZXR0aW5nLg0KIyANCiMgT25seSBpZiB5b3UgaGF2ZSB0byB1c2UgdGhlIEludGVybmV0IHZpYSBhIHByb3h5LCB1bmNvbW1lbnQgdGhlIGJlbG93DQojIHR3byBsaW5lcyBhbmQgc3BlY2lmeSB0aGUgcHJveHkgYWRkcmVzcyBhbmQgdGhlIHBvcnQgbnVtYmVyLg0KIyBJbiB0aGUgY2FzZSBvZiB1c2luZyBwcm94eS1hdXRoZW50aWNhdGlvbiwgcmVmZXIgdGhlIE9wZW5WUE4gbWFudWFsLg0KDQo7aHR0cC1wcm94eS1yZXRyeQ0KO2h0dHAtcHJveHkgW3Byb3h5IHNlcnZlcl0gW3Byb3h5IHBvcnRdDQoNCg0KIyMjIyMjIyMjIyMjIyMjIyMjIyMjIyMjIyMjIyMjIyMjIyMjIyMjIyMjIyMjIyMjIyMjIyMjIyMjIyMjIyMjIyMjIyMjIyMjIyMjIyMjIw0KIyBUaGUgZW5jcnlwdGlvbiBhbmQgYXV0aGVudGljYXRpb24gYWxnb3JpdGhtLg0KIyANCiMgRGVmYXVsdCBzZXR0aW5nIGlzIGdvb2QuIE1vZGlmeSBpdCBhcyB5b3UgcHJlZmVyLg0KIyBXaGVuIHlvdSBzcGVjaWZ5IGFuIHVuc3VwcG9ydGVkIGFsZ29yaXRobSwgdGhlIGVycm9yIHdpbGwgb2NjdXIuDQojIA0KIyBUaGUgc3VwcG9ydGVkIGFsZ29yaXRobXMgYXJlIGFzIGZvbGxvd3M6DQojICBjaXBoZXI6IFtOVUxMLUNJUEhFUl0gTlVMTCBBRVMtMTI4LUNCQyBBRVMtMTkyLUNCQyBBRVMtMjU2LUNCQyBCRi1DQkMNCiMgICAgICAgICAgQ0FTVC1DQkMgQ0FTVDUtQ0JDIERFUy1DQkMgREVTLUVERS1DQkMgREVTLUVERTMtQ0JDIERFU1gtQ0JDDQojICAgICAgICAgIFJDMi00MC1DQkMgUkMyLTY0LUNCQyBSQzItQ0JDDQojICBhdXRoOiAgIFNIQSBTSEExIE1ENSBNRDQgUk1EMTYwDQoNCmNpcGhlciBBRVMtMTI4LUNCQw0KYXV0aCBTSEExDQoNCg0KIyMjIyMjIyMjIyMjIyMjIyMjIyMjIyMjIyMjIyMjIyMjIyMjIyMjIyMjIyMjIyMjIyMjIyMjIyMjIyMjIyMjIyMjIyMjIyMjIyMjIyMjIw0KIyBPdGhlciBwYXJhbWV0ZXJzIG5lY2Vzc2FyeSB0byBjb25uZWN0IHRvIHRoZSBWUE4gU2VydmVyLg0KIyANCiMgSXQgaXMgbm90IHJlY29tbWVuZGVkIHRvIG1vZGlmeSBpdCB1bmxlc3MgeW91IGhhdmUgYSBwYXJ0aWN1bGFyIG5lZWQuDQoNCnJlc29sdi1yZXRyeSBpbmZpbml0ZQ0Kbm9iaW5kDQpwZXJzaXN0LWtleQ0KcGVyc2lzdC10dW4NCmNsaWVudA0KdmVyYiAzDQojYXV0aC11c2VyLXBhc3MNCg0KDQojIyMjIyMjIyMjIyMjIyMjIyMjIyMjIyMjIyMjIyMjIyMjIyMjIyMjIyMjIyMjIyMjIyMjIyMjIyMjIyMjIyMjIyMjIyMjIyMjIyMjIyMjDQojIFRoZSBjZXJ0aWZpY2F0ZSBmaWxlIG9mIHRoZSBkZXN0aW5hdGlvbiBWUE4gU2VydmVyLg0KIyANCiMgVGhlIENBIGNlcnRpZmljYXRlIGZpbGUgaXMgZW1iZWRkZWQgaW4gdGhlIGlubGluZSBmb3JtYXQuDQojIFlvdSBjYW4gcmVwbGFjZSB0aGlzIENBIGNvbnRlbnRzIGlmIG5lY2Vzc2FyeS4NCiMgUGxlYXNlIG5vdGUgdGhhdCBpZiB0aGUgc2VydmVyIGNlcnRpZmljYXRlIGlzIG5vdCBhIHNlbGYtc2lnbmVkLCB5b3UgaGF2ZSB0bw0KIyBzcGVjaWZ5IHRoZSBzaWduZXIncyByb290IGNlcnRpZmljYXRlIChDQSkgaGVyZS4NCg0KPGNhPg0KLS0tLS1CRUdJTiBDRVJUSUZJQ0FURS0tLS0tDQpNSUlGYXpDQ0ExT2dBd0lCQWdJUkFJSVF6N0RTUU9OWlJHUGd1Mk9DaXdBd0RRWUpLb1pJaHZjTkFRRUxCUUF3DQpUekVMTUFrR0ExVUVCaE1DVlZNeEtUQW5CZ05WQkFvVElFbHVkR1Z5Ym1WMElGTmxZM1Z5YVhSNUlGSmxjMlZoDQpjbU5vSUVkeWIzVndNUlV3RXdZRFZRUURFd3hKVTFKSElGSnZiM1FnV0RFd0hoY05NVFV3TmpBME1URXdORE00DQpXaGNOTXpVd05qQTBNVEV3TkRNNFdqQlBNUXN3Q1FZRFZRUUdFd0pWVXpFcE1DY0dBMVVFQ2hNZ1NXNTBaWEp1DQpaWFFnVTJWamRYSnBkSGtnVW1WelpXRnlZMmdnUjNKdmRYQXhGVEFUQmdOVkJBTVRERWxUVWtjZ1VtOXZkQ0JZDQpNVENDQWlJd0RRWUpLb1pJaHZjTkFRRUJCUUFEZ2dJUEFEQ0NBZ29DZ2dJQkFLM29KSFAwRkRmem01NHJWeWdjDQpoNzdjdDk4NGtJeHVQT1pYb0hqM2RjS2kvdlZxYnZZQVR5amIzbWlHYkVTVHRyRmovUlFTYTc4ZjB1b3hteUYrDQowVE04dWtqMTNYbmZzN2ovRXZFaG1rdkJpb1p4YVVwbVpteVBmanh3djYwcElnYno1TURtZ0s3aVM0KzNtWDZVDQpBNS9UUjVkOG1VZ2pVK2c0cms4S2I0TXUwVWxYaklCMHR0b3YwRGlOZXdOd0lSdDE4akE4K28rdTNkcGpxK3NXDQpUOEtPRVV0K3p3dm8vN1YzTHZTeWUwcmdUQklsREhDTkF5bWc0Vk1rN0JQWjdobS9FTE5LakQrSm8yRlIzcXlIDQpCNVQwWTNIc0x1SnZXNWlCNFlsY05IbHNkdTg3a0dKNTV0dWttaThteGRBUTRRN2UyUkNPRnZ1Mzk2ajN4K1VDDQpCNWlQTmdpVjUrSTNsZzAyZFo3N0RuS3hIWnU4QS9sSkJkaUIzUVcwS3RaQjZhd0JkcFVLRDlqZjFiMFNIelV2DQpLQmRzMHBqQnFBbGtkMjVITjdyT3JGbGVhSjEvY3RhSnhRWkJLVDVaUHQwbTlTVEpFYWRhbzB4QUgwYWhtYlduDQpPbEZ1aGp1ZWZYS25FZ1Y0V2UwK1VYZ1ZDd09QamRBdkJiSStlMG9jUzNNRkV2ekc2dUJRRTN4RGszU3p5blRuDQpqaDhCQ05BdzFGdHhOclFIdXNFd01GeEl0NEk3bUtaOVlJcWlveW1DekxxOWd3UWJvb01EUWFIV0JmRWJ3cmJ3DQpxSHlHTzBhb1NDcUkzSGFhZHI4ZmFxVTlHWS9yT1BOazNzZ3JEUW9vLy9mYjRoVkMxQ0xRSjEzaGVmNFk1M0NJDQpyVTdtMllzNnh0MG5VVzcvdkdUMU0wTlBBZ01CQUFHalFqQkFNQTRHQTFVZER3RUIvd1FFQXdJQkJqQVBCZ05WDQpIUk1CQWY4RUJUQURBUUgvTUIwR0ExVWREZ1FXQkJSNXRGbm1lN2JsNUFGemdBaUl5QnBZOXVtYmJqQU5CZ2txDQpoa2lHOXcwQkFRc0ZBQU9DQWdFQVZSOVlxYnl5cUZEUURMSFlHbWtnSnlrSXJHRjFYSXB1K0lMbGFTL1Y5bFpMDQp1Ymh6RUZuVElaZCs1MHh4KzdMU1lLMDVxQXZxRnlGV2hmRlFEbG5yenVCWjZickpGZStHblkrRWdQYms2WkdRDQozQmViWWh0RjhHYVYwbnh2d3VvNzd4L1B5OWF1Si9HcHNNaXUvWDErbXZvaUJPdi8yWC9xa1NzaXNSY09qL0tLDQpORnRZMlB3QnlWUzV1Q2JNaW9nemlVd3RoRHlDMys2V1Z3VzZMTHYzeExmSFRqdUN2akhJSW5Oemt0SENnS1E1DQpPUkF6STRKTVBKK0dzbFdZSGI0cGhvd2ltNTdpYXp0WE9vSndUZHdKeDRuTENnZE5iT2hkanNudnpxdkh1N1VyDQpUa1hXU3RBbXpPVnl5Z2hxcFpYakZhSDNwTzNKTEYrbCsvK3NLQUl1dnRkN3UrTnhlNUFXMHdkZVJsTjhOd2RDDQpqTlBFbHB6Vm1iVXE0SlVhZ0VpdVREa0h6c3hIcEZLVks3cTQrNjNTTTFOOTVSMU5iZFdoc2NkQ2IrWkFKelZjDQpveWkzQjQzbmpUT1E1eU9mKzFDY2VXeEcxYlFWczVadWZwc01sanE0VWkwLzFsdmgrd2pDaFA0a3FLT0oycXhxDQo0Umdxc2FoRFlWdlRIOXc3alhieUxlaU5kZDhYTTJ3OVUvdDd5MEZmLzl5aTBHRTQ0WmE0ckYyTE45ZDExVFBBDQptUkd1blVIQmNuV0V2Z0pCUWw5bkpFaVUwWnNudmdjL3ViaFBnWFJSNFhxMzdaMGo0cjdnMVNnRUV6d3hBNTdkDQplbXlQeGdjWXhuL2VSNDQvS0o0RUJzK2xWRFIzdmV5Sm0ra1hROTliMjEvK2poNVhvczFBblg1aUl0cmVHQ2M9DQotLS0tLUVORCBDRVJUSUZJQ0FURS0tLS0tDQoNCjwvY2E+DQoNCg0KIyMjIyMjIyMjIyMjIyMjIyMjIyMjIyMjIyMjIyMjIyMjIyMjIyMjIyMjIyMjIyMjIyMjIyMjIyMjIyMjIyMjIyMjIyMjIyMjIyMjIyMjIw0KIyBUaGUgY2xpZW50IGNlcnRpZmljYXRlIGZpbGUgKGR1bW15KS4NCiMgDQojIEluIHNvbWUgaW1wbGVtZW50YXRpb25zIG9mIE9wZW5WUE4gQ2xpZW50IHNvZnR3YXJlDQojIChmb3IgZXhhbXBsZTogT3BlblZQTiBDbGllbnQgZm9yIGlPUyksDQojIGEgcGFpciBvZiBjbGllbnQgY2VydGlmaWNhdGUgYW5kIHByaXZhdGUga2V5IG11c3QgYmUgaW5jbHVkZWQgb24gdGhlDQojIGNvbmZpZ3VyYXRpb24gZmlsZSBkdWUgdG8gdGhlIGxpbWl0YXRpb24gb2YgdGhlIGNsaWVudC4NCiMgU28gdGhpcyBzYW1wbGUgY29uZmlndXJhdGlvbiBmaWxlIGhhcyBhIGR1bW15IHBhaXIgb2YgY2xpZW50IGNlcnRpZmljYXRlDQojIGFuZCBwcml2YXRlIGtleSBhcyBmb2xsb3dzLg0KDQo8Y2VydD4NCi0tLS0tQkVHSU4gQ0VSVElGSUNBVEUtLS0tLQ0KTUlJQ3hqQ0NBYTRDQVFBd0RRWUpLb1pJaHZjTkFRRUZCUUF3S1RFYU1CZ0dBMVVFQXhNUlZsQk9SMkYwWlVOcw0KYVdWdWRFTmxjblF4Q3pBSkJnTlZCQVlUQWtwUU1CNFhEVEV6TURJeE1UQXpORGswT1ZvWERUTTNNREV4T1RBeg0KTVRRd04xb3dLVEVhTUJnR0ExVUVBeE1SVmxCT1IyRjBaVU5zYVdWdWRFTmxjblF4Q3pBSkJnTlZCQVlUQWtwUQ0KTUlJQklqQU5CZ2txaGtpRzl3MEJBUUVGQUFPQ0FROEFNSUlCQ2dLQ0FRRUE1aDJsZ1FRWVVqd29LWUpielZaQQ0KNVZjSUdkNW90UGMvcVpSTXQwS0l0Q0ZBMHM5UndSZU5WYTlmRFJGTFJCaGNJVE9sdjNGQmNXM0U4aDFVczdSRA0KNFc4R21KZTh6YXBKbkxzRDM5T1NNUkN6WkpuY3pXNE9DSDFQWlJaV0txRHRqbE5jYTlBRjhhNjVqVG1sRHhDUQ0KQ2pudExJV2s1T0xMVmtGdDkvdFNjYzFHRHRjaTU1b2ZoYU5BWU1QaUg3VjgrMWc2NnBHSFhBb1dLNkFRVkg2Nw0KWENLSm5HQjVubFErSHNNWVBWL080OUxkOTFaTi8ydEhrY2FMTHlOdHl3eFZQUlNzUmg0ODBqanUwZmNDc3Y2aA0KcC8weVhuVEIvL21XdXRCR3BkVWxJYndpSVRiQW1yc2JZbmppZ1J2blBxWDFSTkpVYmk5RnA2QzJjL0hJRkpHRA0KeXdJREFRQUJNQTBHQ1NxR1NJYjNEUUVCQlFVQUE0SUJBUUNoTzVoZ2N3LzRvV2ZvRUZMdTlrQmExQi8va3hIOA0KaFFrQ2hWTm44QlJDN1kwVVJRaXRQbDNES0VlZDlVUkJEZGcyS09Bejc3YmI2RU5QaWxpRCthMzhVSkhJUk1xZQ0KVUJIaGxsT0hJenZEaEhGYmFvdkFMQlFjZWVCemRrUXhzS1FFU0ttUW1SODMyOTUwVUNvdm95UkI2MVV5QVY3aA0KK21aaFlQR1JLWEtTSkk2czBFZ2cvQ3JpK0N3azRiakpmcmI1aFZzZTExeWg0RDlNSGh3U2ZDT0grMHo0aFBVVA0KRmt1N2RHYXZVUk81U1Z4TW4vc0w2RW41RCtvU2VYa2FkSHBEcytBaXJ5bTJZSGgxNWgwK2pQU09vUjZ5aVZwLw0KNnpaZVprck40M2t1UzczS3BLREZqZkZQaDh0NHIxZ09JanR0a05jUXFCY2N1c25wbFE3SEpwc2sNCi0tLS0tRU5EIENFUlRJRklDQVRFLS0tLS0NCg0KPC9jZXJ0Pg0KDQo8a2V5Pg0KLS0tLS1CRUdJTiBSU0EgUFJJVkFURSBLRVktLS0tLQ0KTUlJRXBBSUJBQUtDQVFFQTVoMmxnUVFZVWp3b0tZSmJ6VlpBNVZjSUdkNW90UGMvcVpSTXQwS0l0Q0ZBMHM5Ug0Kd1JlTlZhOWZEUkZMUkJoY0lUT2x2M0ZCY1czRThoMVVzN1JENFc4R21KZTh6YXBKbkxzRDM5T1NNUkN6WkpuYw0Kelc0T0NIMVBaUlpXS3FEdGpsTmNhOUFGOGE2NWpUbWxEeENRQ2pudExJV2s1T0xMVmtGdDkvdFNjYzFHRHRjaQ0KNTVvZmhhTkFZTVBpSDdWOCsxZzY2cEdIWEFvV0s2QVFWSDY3WENLSm5HQjVubFErSHNNWVBWL080OUxkOTFaTg0KLzJ0SGtjYUxMeU50eXd4VlBSU3NSaDQ4MGpqdTBmY0NzdjZocC8weVhuVEIvL21XdXRCR3BkVWxJYndpSVRiQQ0KbXJzYlluamlnUnZuUHFYMVJOSlViaTlGcDZDMmMvSElGSkdEeXdJREFRQUJBb0lCQUVSVjdYNUF2eEE4dVJpSw0KazhTSXBzRDBkWDFwSk9NSXdha1VWeXZjNEVmTjBEaEtSTmI0cllvU2lFR1RMeXpMcHlCYy9BMjhEbGttNWVPWQ0KZmp6WGZZa0d0WWkvRnR4a2czTzl2Y3JNUTQrNmkrdUdIYUlMMnJMK3M0TXJmTzh2MXh2NitXa3kzM0VFR0NvdQ0KUWl3VkdSRlFYblJvUTYyTkJDRmJVTkxobVh3ZGoxYWtaekxVNHA1UjR6QTNRaGR4d0VJYXRWTHQwKzdvd0xRMw0KbFA4c2ZYaHBwUE9YalRxTUQ0UWtZd3pQQWE4L3pGN2FjbjRrcnlyVVA3UTZQQWZkMHpFVnFOeTlaQ1o5ZmZobw0KelhlZEZqNDg2SUZvYzVnblRwMk42anNuVmo0TENHSWhsVkhsWUdvektLRnFKY1FWR3NIQ3FxMW96MnpqVzZMUw0Kb1JZSUhnRUNnWUVBOHpacmtDd05ZU1hKdU9ESjNtL2hPTFZ4Y3hnSnV3WG9pRXJXZDBFNDJ2UGFuampWTWhudA0KS1k1bDhxR01KNkZoSzlMWXgycUNyZi9FMFh0VUFaMndWcTNPUlR5R25zTVdyZTl0TFlzNTVYK1pOMTBUYzc1eg0KNGhhY2JVMGhxS04xSGlEbXNNUlkzLzJOYVpIb3k3TUtud0pKQmFHNDhsOUNDVGxWd01Ib2NJRUNnWUVBOGpieQ0KZEdqeFRIKzZYSFdOaXpiNVNSYlp4QW55RWVKZVJ3VE1oMGdHendHUHBIL3NaWUd6eXUwU3lTWFdDblpoM1JncQ0KNXVMbE54dHJYcmxqWmx5aTJuUWRRZ3NxMllyV1VzMCt6Z1UrMjJ1UXNacFNBZnRtaFZydHZldDZNalZqYkJ5WQ0KREFEY2lFVlVkSllJWGsrcW5GVUp5ZXJvTElrVGo3V1lLWjZSamtzQ2dZQm9DRkl3UkRlZzQyb0s4OVJGbW5Pcg0KTHltTkFxNCsyb01oc1dsVmI0ZWpXSVdlQWs5bmMrR1hVZnJYc3pSaFMwMW1VblU1cjV5Z1V2UmNhclYvVDNVNw0KVG5NWitJN1k0RGdXUklEZDUxem5oeElCdFlWNWovQy90ODVIanFPa0grOGI2UlRrYmNoYVgzbWF1N2ZwVWZkcw0KRnEwbmhJcTQyZmhFTzhzcmZZWXdnUUtCZ1FDeWhpMU4vOHRhUndwayszL0lERXpRd2piZmR6VWtXV1NEazlYcw0KSC9wa3VSSFdmVE1QM2ZsV3FFWWdXL0xXNDBwZVcySERxNWltZFY4K0FnWnhlL1hNYmFqaTlMZ3dmMVJZMDA1bg0KS3hhWlF6N3lxSHVwV2xMR0Y2OERQSHhrWlZWU2FnRG5WL3N6dFdYNlNGc0NxRlZueElYaWZYR0M0Y1c1Tm05Zw0KdmE4cTRRS0JnUUNFaExWZVVmZHdLdmtaOTRnL0dGejczMVoyaHJkVmhnTVphVS91NnQwVjk1K1llelBOQ1FaQg0Kd21FOU1tbGJxMWVtRGVST2l2akNmb0doUjNrWlhXMXBUS2xMaDZaTVVRVU9wcHRkWHZhOFh4Zm9xUXdhM2VuQQ0KTTdtdUJiRjBYTjdWTzgwaUpQditQbUlaZEVJQWtwd0tmaTIwMVlCK0JhZkNJdUd4SUY1MFZnPT0NCi0tLS0tRU5EIFJTQSBQUklWQVRFIEtFWS0tLS0tDQoNCjwva2V5Pg0KDQo=
vpn973156109,115.21.159.140,1374671,59,117322243,Korea Republic of,KR,80,3778402507,104786,18495125428368,2weeks,DESKTOP-BCGKKPE's owner,,IyMjIyMjIyMjIyMjIyMjIyMjIyMjIyMjIyMjIyMjIyMjIyMjIyMjIyMjIyMjIyMjIyMjIyMjIyMjIyMjIyMjIyMjIyMjIyMjIyMjIyMjIw0KIyBPcGVuVlBOIDIuMCBTYW1wbGUgQ29uZmlndXJhdGlvbiBGaWxlDQojIGZvciBQYWNrZXRpWCBWUE4gLyBTb2Z0RXRoZXIgVlBOIFNlcnZlcg0KIyANCiMgISEhIEFVVE8tR0VORVJBVEVEIEJZIFNPRlRFVEhFUiBWUE4gU0VSVkVSIE1BTkFHRU1FTlQgVE9PTCAhISENCiMgDQojICEhISBZT1UgSEFWRSBUTyBSRVZJRVcgSVQgQkVGT1JFIFVTRSBBTkQgTU9ESUZZIElUIEFTIE5FQ0VTU0FSWSAhISENCiMgDQojIFRoaXMgY29uZmlndXJhdGlvbiBmaWxlIGlzIGF1dG8tZ2VuZXJhdGVkLiBZb3UgbWlnaHQgdXNlIHRoaXMgY29uZmlnIGZpbGUNCiMgaW4gb3JkZXIgdG8gY29ubmVjdCB0byB0aGUgUGFja2V0aVggVlBOIC8gU29mdEV0aGVyIFZQTiBTZXJ2ZXIuDQojIEhvd2V2ZXIsIGJlZm9yZSB5b3UgdHJ5IGl0LCB5b3Ugc2hvdWxkIHJldmlldyB0aGUgZGVzY3JpcHRpb25zIG9mIHRoZSBmaWxlDQojIHRvIGRldGVybWluZSB0aGUgbmVjZXNzaXR5IHRvIG1vZGlmeSB0byBzdWl0YWJsZSBmb3IgeW91ciByZWFsIGVudmlyb25tZW50Lg0KIyBJZiBuZWNlc3NhcnksIHlvdSBoYXZlIHRvIG1vZGlmeSBhIGxpdHRsZSBhZGVxdWF0ZWx5IG9uIHRoZSBmaWxlLg0KIyBGb3IgZXhhbXBsZSwgdGhlIElQIGFkZHJlc3Mgb3IgdGhlIGhvc3RuYW1lIGFzIGEgZGVzdGluYXRpb24gVlBOIFNlcnZlcg0KIyBzaG91bGQgYmUgY29uZmlybWVkLg0KIyANCiMgTm90ZSB0aGF0IHRvIHVzZSBPcGVuVlBOIDIuMCwgeW91IGhhdmUgdG8gcHV0IHRoZSBjZXJ0aWZpY2F0aW9uIGZpbGUgb2YNCiMgdGhlIGRlc3RpbmF0aW9uIFZQTiBTZXJ2ZXIgb24gdGhlIE9wZW5WUE4gQ2xpZW50IGNvbXB1dGVyIHdoZW4geW91IHVzZSB0aGlzDQojIGNvbmZpZyBmaWxlLiBQbGVhc2UgcmVmZXIgdGhlIGJlbG93IGRlc2NyaXB0aW9ucyBjYXJlZnVsbHkuDQoNCg0KIyMjIyMjIyMjIyMjIyMjIyMjIyMjIyMjIyMjIyMjIyMjIyMjIyMjIyMjIyMjIyMjIyMjIyMjIyMjIyMjIyMjIyMjIyMjIyMjIyMjIyMjIw0KIyBTcGVjaWZ5IHRoZSB0eXBlIG9mIHRoZSBsYXllciBvZiB0aGUgVlBOIGNvbm5lY3Rpb24uDQojIA0KIyBUbyBjb25uZWN0IHRvIHRoZSBWUE4gU2VydmVyIGFzIGEgIlJlbW90ZS1BY2Nlc3MgVlBOIENsaWVudCBQQyIsDQojICBzcGVjaWZ5ICdkZXYgdHVuJy4gKExheWVyLTMgSVAgUm91dGluZyBNb2RlKQ0KIw0KIyBUbyBjb25uZWN0IHRvIHRoZSBWUE4gU2VydmVyIGFzIGEgYnJpZGdpbmcgZXF1aXBtZW50IG9mICJTaXRlLXRvLVNpdGUgVlBOIiwNCiMgIHNwZWNpZnkgJ2RldiB0YXAnLiAoTGF5ZXItMiBFdGhlcm5ldCBCcmlkZ2luZSBNb2RlKQ0KDQpkZXYgdHVuDQoNCg0KIyMjIyMjIyMjIyMjIyMjIyMjIyMjIyMjIyMjIyMjIyMjIyMjIyMjIyMjIyMjIyMjIyMjIyMjIyMjIyMjIyMjIyMjIyMjIyMjIyMjIyMjIw0KIyBTcGVjaWZ5IHRoZSB1bmRlcmx5aW5nIHByb3RvY29sIGJleW9uZCB0aGUgSW50ZXJuZXQuDQojIE5vdGUgdGhhdCB0aGlzIHNldHRpbmcgbXVzdCBiZSBjb3JyZXNwb25kIHdpdGggdGhlIGxpc3RlbmluZyBzZXR0aW5nIG9uDQojIHRoZSBWUE4gU2VydmVyLg0KIyANCiMgU3BlY2lmeSBlaXRoZXIgJ3Byb3RvIHRjcCcgb3IgJ3Byb3RvIHVkcCcuDQoNCnByb3RvIHRjcA0KDQoNCiMjIyMjIyMjIyMjIyMjIyMjIyMjIyMjIyMjIyMjIyMjIyMjIyMjIyMjIyMjIyMjIyMjIyMjIyMjIyMjIyMjIyMjIyMjIyMjIyMjIyMjIyMNCiMgVGhlIGRlc3RpbmF0aW9uIGhvc3RuYW1lIC8gSVAgYWRkcmVzcywgYW5kIHBvcnQgbnVtYmVyIG9mDQojIHRoZSB0YXJnZXQgVlBOIFNlcnZlci4NCiMgDQojIFlvdSBoYXZlIHRvIHNwZWNpZnkgYXMgJ3JlbW90ZSA8SE9TVE5BTUU+IDxQT1JUPicuIFlvdSBjYW4gYWxzbw0KIyBzcGVjaWZ5IHRoZSBJUCBhZGRyZXNzIGluc3RlYWQgb2YgdGhlIGhvc3RuYW1lLg0KIyANCiMgTm90ZSB0aGF0IHRoZSBhdXRvLWdlbmVyYXRlZCBiZWxvdyBob3N0bmFtZSBhcmUgYSAiYXV0by1kZXRlY3RlZA0KIyBJUCBhZGRyZXNzIiBvZiB0aGUgVlBOIFNlcnZlci4gWW91IGhhdmUgdG8gY29uZmlybSB0aGUgY29ycmVjdG5lc3MNCiMgYmVmb3JlaGFuZC4NCiMgDQojIFdoZW4geW91IHdhbnQgdG8gY29ubmVjdCB0byB0aGUgVlBOIFNlcnZlciBieSB1c2luZyBUQ1AgcHJvdG9jb2wsDQojIHRoZSBwb3J0IG51bWJlciBvZiB0aGUgZGVzdGluYXRpb24gVENQIHBvcnQgc2hvdWxkIGJlIHNhbWUgYXMgb25lIG9mDQojIHRoZSBhdmFpbGFibGUgVENQIGxpc3RlbmVycyBvbiB0aGUgVlBOIFNlcnZlci4NCiMgDQojIFdoZW4geW91IHVzZSBVRFAgcHJvdG9jb2wsIHRoZSBwb3J0IG51bWJlciBtdXN0IHNhbWUgYXMgdGhlIGNvbmZpZ3VyYXRpb24NCiMgc2V0dGluZyBvZiAiT3BlblZQTiBTZXJ2ZXIgQ29tcGF0aWJsZSBGdW5jdGlvbiIgb24gdGhlIFZQTiBTZXJ2ZXIuDQoNCnJlbW90ZSAxMTUuMjEuMTU5LjE0MCAxOTQyDQoNCg0KIyMjIyMjIyMjIyMjIyMjIyMjIyMjIyMjIyMjIyMjIyMjIyMjIyMjIyMjIyMjIyMjIyMjIyMjIyMjIyMjIyMjIyMjIyMjIyMjIyMjIyMjIw0KIyBUaGUgSFRUUC9IVFRQUyBwcm94eSBzZXR0aW5nLg0KIyANCiMgT25seSBpZiB5b3UgaGF2ZSB0byB1c2UgdGhlIEludGVybmV0IHZpYSBhIHByb3h5LCB1bmNvbW1lbnQgdGhlIGJlbG93DQojIHR3byBsaW5lcyBhbmQgc3BlY2lmeSB0aGUgcHJveHkgYWRkcmVzcyBhbmQgdGhlIHBvcnQgbnVtYmVyLg0KIyBJbiB0aGUgY2FzZSBvZiB1c2luZyBwcm94eS1hdXRoZW50aWNhdGlvbiwgcmVmZXIgdGhlIE9wZW5WUE4gbWFudWFsLg0KDQo7aHR0cC1wcm94eS1yZXRyeQ0KO2h0dHAtcHJveHkgW3Byb3h5IHNlcnZlcl0gW3Byb3h5IHBvcnRdDQoNCg0KIyMjIyMjIyMjIyMjIyMjIyMjIyMjIyMjIyMjIyMjIyMjIyMjIyMjIyMjIyMjIyMjIyMjIyMjIyMjIyMjIyMjIyMjIyMjIyMjIyMjIyMjIw0KIyBUaGUgZW5jcnlwdGlvbiBhbmQgYXV0aGVudGljYXRpb24gYWxnb3JpdGhtLg0KIyANCiMgRGVmYXVsdCBzZXR0aW5nIGlzIGdvb2QuIE1vZGlmeSBpdCBhcyB5b3UgcHJlZmVyLg0KIyBXaGVuIHlvdSBzcGVjaWZ5IGFuIHVuc3VwcG9ydGVkIGFsZ29yaXRobSwgdGhlIGVycm9yIHdpbGwgb2NjdXIuDQojIA0KIyBUaGUgc3VwcG9ydGVkIGFsZ29yaXRobXMgYXJlIGFzIGZvbGxvd3M6DQojICBjaXBoZXI6IFtOVUxMLUNJUEhFUl0gTlVMTCBBRVMtMTI4LUNCQyBBRVMtMTkyLUNCQyBBRVMtMjU2LUNCQyBCRi1DQkMNCiMgICAgICAgICAgQ0FTVC1DQkMgQ0FTVDUtQ0JDIERFUy1DQkMgREVTLUVERS1DQkMgREVTLUVERTMtQ0JDIERFU1gtQ0JDDQojICAgICAgICAgIFJDMi00MC1DQkMgUkMyLTY0LUNCQyBSQzItQ0JDDQojICBhdXRoOiAgIFNIQSBTSEExIE1ENSBNRDQgUk1EMTYwDQoNCmNpcGhlciBBRVMtMTI4LUNCQw0KYXV0aCBTSEExDQoNCg0KIyMjIyMjIyMjIyMjIyMjIyMjIyMjIyMjIyMjIyMjIyMjIyMjIyMjIyMjIyMjIyMjIyMjIyMjIyMjIyMjIyMjIyMjIyMjIyMjIyMjIyMjIw0KIyBPdGhlciBwYXJhbWV0ZXJzIG5lY2Vzc2FyeSB0byBjb25uZWN0IHRvIHRoZSBWUE4gU2VydmVyLg0KIyANCiMgSXQgaXMgbm90IHJlY29tbWVuZGVkIHRvIG1vZGlmeSBpdCB1bmxlc3MgeW91IGhhdmUgYSBwYXJ0aWN1bGFyIG5lZWQuDQoNCnJlc29sdi1yZXRyeSBpbmZpbml0ZQ0Kbm9iaW5kDQpwZXJzaXN0LWtleQ0KcGVyc2lzdC10dW4NCmNsaWVudA0KdmVyYiAzDQojYXV0aC11c2VyLXBhc3MNCg0KDQojIyMjIyMjIyMjIyMjIyMjIyMjIyMjIyMjIyMjIyMjIyMjIyMjIyMjIyMjIyMjIyMjIyMjIyMjIyMjIyMjIyMjIyMjIyMjIyMjIyMjIyMjDQojIFRoZSBjZXJ0aWZpY2F0ZSBmaWxlIG9mIHRoZSBkZXN0aW5hdGlvbiBWUE4gU2VydmVyLg0KIyANCiMgVGhlIENBIGNlcnRpZmljYXRlIGZpbGUgaXMgZW1iZWRkZWQgaW4gdGhlIGlubGluZSBmb3JtYXQuDQojIFlvdSBjYW4gcmVwbGFjZSB0aGlzIENBIGNvbnRlbnRzIGlmIG5lY2Vzc2FyeS4NCiMgUGxlYXNlIG5vdGUgdGhhdCBpZiB0aGUgc2VydmVyIGNlcnRpZmljYXRlIGlzIG5vdCBhIHNlbGYtc2lnbmVkLCB5b3UgaGF2ZSB0bw0KIyBzcGVjaWZ5IHRoZSBzaWduZXIncyByb290IGNlcnRpZmljYXRlIChDQSkgaGVyZS4NCg0KPGNhPg0KLS0tLS1CRUdJTiBDRVJUSUZJQ0FURS0tLS0tDQpNSUlGYXpDQ0ExT2dBd0lCQWdJUkFJSVF6N0RTUU9OWlJHUGd1Mk9DaXdBd0RRWUpLb1pJaHZjTkFRRUxCUUF3DQpUekVMTUFrR0ExVUVCaE1DVlZNeEtUQW5CZ05WQkFvVElFbHVkR1Z5Ym1WMElGTmxZM1Z5YVhSNUlGSmxjMlZoDQpjbU5vSUVkeWIzVndNUlV3RXdZRFZRUURFd3hKVTFKSElGSnZiM1FnV0RFd0hoY05NVFV3TmpBME1URXdORE00DQpXaGNOTXpVd05qQTBNVEV3TkRNNFdqQlBNUXN3Q1FZRFZRUUdFd0pWVXpFcE1DY0dBMVVFQ2hNZ1NXNTBaWEp1DQpaWFFnVTJWamRYSnBkSGtnVW1WelpXRnlZMmdnUjNKdmRYQXhGVEFUQmdOVkJBTVRERWxUVWtjZ1VtOXZkQ0JZDQpNVENDQWlJd0RRWUpLb1pJaHZjTkFRRUJCUUFEZ2dJUEFEQ0NBZ29DZ2dJQkFLM29KSFAwRkRmem01NHJWeWdjDQpoNzdjdDk4NGtJeHVQT1pYb0hqM2RjS2kvdlZxYnZZQVR5amIzbWlHYkVTVHRyRmovUlFTYTc4ZjB1b3hteUYrDQowVE04dWtqMTNYbmZzN2ovRXZFaG1rdkJpb1p4YVVwbVpteVBmanh3djYwcElnYno1TURtZ0s3aVM0KzNtWDZVDQpBNS9UUjVkOG1VZ2pVK2c0cms4S2I0TXUwVWxYaklCMHR0b3YwRGlOZXdOd0lSdDE4akE4K28rdTNkcGpxK3NXDQpUOEtPRVV0K3p3dm8vN1YzTHZTeWUwcmdUQklsREhDTkF5bWc0Vk1rN0JQWjdobS9FTE5LakQrSm8yRlIzcXlIDQpCNVQwWTNIc0x1SnZXNWlCNFlsY05IbHNkdTg3a0dKNTV0dWttaThteGRBUTRRN2UyUkNPRnZ1Mzk2ajN4K1VDDQpCNWlQTmdpVjUrSTNsZzAyZFo3N0RuS3hIWnU4QS9sSkJkaUIzUVcwS3RaQjZhd0JkcFVLRDlqZjFiMFNIelV2DQpLQmRzMHBqQnFBbGtkMjVITjdyT3JGbGVhSjEvY3RhSnhRWkJLVDVaUHQwbTlTVEpFYWRhbzB4QUgwYWhtYlduDQpPbEZ1aGp1ZWZYS25FZ1Y0V2UwK1VYZ1ZDd09QamRBdkJiSStlMG9jUzNNRkV2ekc2dUJRRTN4RGszU3p5blRuDQpqaDhCQ05BdzFGdHhOclFIdXNFd01GeEl0NEk3bUtaOVlJcWlveW1DekxxOWd3UWJvb01EUWFIV0JmRWJ3cmJ3DQpxSHlHTzBhb1NDcUkzSGFhZHI4ZmFxVTlHWS9yT1BOazNzZ3JEUW9vLy9mYjRoVkMxQ0xRSjEzaGVmNFk1M0NJDQpyVTdtMllzNnh0MG5VVzcvdkdUMU0wTlBBZ01CQUFHalFqQkFNQTRHQTFVZER3RUIvd1FFQXdJQkJqQVBCZ05WDQpIUk1CQWY4RUJUQURBUUgvTUIwR0ExVWREZ1FXQkJSNXRGbm1lN2JsNUFGemdBaUl5QnBZOXVtYmJqQU5CZ2txDQpoa2lHOXcwQkFRc0ZBQU9DQWdFQVZSOVlxYnl5cUZEUURMSFlHbWtnSnlrSXJHRjFYSXB1K0lMbGFTL1Y5bFpMDQp1Ymh6RUZuVElaZCs1MHh4KzdMU1lLMDVxQXZxRnlGV2hmRlFEbG5yenVCWjZickpGZStHblkrRWdQYms2WkdRDQozQmViWWh0RjhHYVYwbnh2d3VvNzd4L1B5OWF1Si9HcHNNaXUvWDErbXZvaUJPdi8yWC9xa1NzaXNSY09qL0tLDQpORnRZMlB3QnlWUzV1Q2JNaW9nemlVd3RoRHlDMys2V1Z3VzZMTHYzeExmSFRqdUN2akhJSW5Oemt0SENnS1E1DQpPUkF6STRKTVBKK0dzbFdZSGI0cGhvd2ltNTdpYXp0WE9vSndUZHdKeDRuTENnZE5iT2hkanNudnpxdkh1N1VyDQpUa1hXU3RBbXpPVnl5Z2hxcFpYakZhSDNwTzNKTEYrbCsvK3NLQUl1dnRkN3UrTnhlNUFXMHdkZVJsTjhOd2RDDQpqTlBFbHB6Vm1iVXE0SlVhZ0VpdVREa0h6c3hIcEZLVks3cTQrNjNTTTFOOTVSMU5iZFdoc2NkQ2IrWkFKelZjDQpveWkzQjQzbmpUT1E1eU9mKzFDY2VXeEcxYlFWczVadWZwc01sanE0VWkwLzFsdmgrd2pDaFA0a3FLT0oycXhxDQo0Umdxc2FoRFlWdlRIOXc3alhieUxlaU5kZDhYTTJ3OVUvdDd5MEZmLzl5aTBHRTQ0WmE0ckYyTE45ZDExVFBBDQptUkd1blVIQmNuV0V2Z0pCUWw5bkpFaVUwWnNudmdjL3ViaFBnWFJSNFhxMzdaMGo0cjdnMVNnRUV6d3hBNTdkDQplbXlQeGdjWXhuL2VSNDQvS0o0RUJzK2xWRFIzdmV5Sm0ra1hROTliMjEvK2poNVhvczFBblg1aUl0cmVHQ2M9DQotLS0tLUVORCBDRVJUSUZJQ0FURS0tLS0tDQoNCjwvY2E+DQoNCg0KIyMjIyMjIyMjIyMjIyMjIyMjIyMjIyMjIyMjIyMjIyMjIyMjIyMjIyMjIyMjIyMjIyMjIyMjIyMjIyMjIyMjIyMjIyMjIyMjIyMjIyMjIw0KIyBUaGUgY2xpZW50IGNlcnRpZmljYXRlIGZpbGUgKGR1bW15KS4NCiMgDQojIEluIHNvbWUgaW1wbGVtZW50YXRpb25zIG9mIE9wZW5WUE4gQ2xpZW50IHNvZnR3YXJlDQojIChmb3IgZXhhbXBsZTogT3BlblZQTiBDbGllbnQgZm9yIGlPUyksDQojIGEgcGFpciBvZiBjbGllbnQgY2VydGlmaWNhdGUgYW5kIHByaXZhdGUga2V5IG11c3QgYmUgaW5jbHVkZWQgb24gdGhlDQojIGNvbmZpZ3VyYXRpb24gZmlsZSBkdWUgdG8gdGhlIGxpbWl0YXRpb24gb2YgdGhlIGNsaWVudC4NCiMgU28gdGhpcyBzYW1wbGUgY29uZmlndXJhdGlvbiBmaWxlIGhhcyBhIGR1bW15IHBhaXIgb2YgY2xpZW50IGNlcnRpZmljYXRlDQojIGFuZCBwcml2YXRlIGtleSBhcyBmb2xsb3dzLg0KDQo8Y2VydD4NCi0tLS0tQkVHSU4gQ0VSVElGSUNBVEUtLS0tLQ0KTUlJQ3hqQ0NBYTRDQVFBd0RRWUpLb1pJaHZjTkFRRUZCUUF3S1RFYU1CZ0dBMVVFQXhNUlZsQk9SMkYwWlVOcw0KYVdWdWRFTmxjblF4Q3pBSkJnTlZCQVlUQWtwUU1CNFhEVEV6TURJeE1UQXpORGswT1ZvWERUTTNNREV4T1RBeg0KTVRRd04xb3dLVEVhTUJnR0ExVUVBeE1SVmxCT1IyRjBaVU5zYVdWdWRFTmxjblF4Q3pBSkJnTlZCQVlUQWtwUQ0KTUlJQklqQU5CZ2txaGtpRzl3MEJBUUVGQUFPQ0FROEFNSUlCQ2dLQ0FRRUE1aDJsZ1FRWVVqd29LWUpielZaQQ0KNVZjSUdkNW90UGMvcVpSTXQwS0l0Q0ZBMHM5UndSZU5WYTlmRFJGTFJCaGNJVE9sdjNGQmNXM0U4aDFVczdSRA0KNFc4R21KZTh6YXBKbkxzRDM5T1NNUkN6WkpuY3pXNE9DSDFQWlJaV0txRHRqbE5jYTlBRjhhNjVqVG1sRHhDUQ0KQ2pudExJV2s1T0xMVmtGdDkvdFNjYzFHRHRjaTU1b2ZoYU5BWU1QaUg3VjgrMWc2NnBHSFhBb1dLNkFRVkg2Nw0KWENLSm5HQjVubFErSHNNWVBWL080OUxkOTFaTi8ydEhrY2FMTHlOdHl3eFZQUlNzUmg0ODBqanUwZmNDc3Y2aA0KcC8weVhuVEIvL21XdXRCR3BkVWxJYndpSVRiQW1yc2JZbmppZ1J2blBxWDFSTkpVYmk5RnA2QzJjL0hJRkpHRA0KeXdJREFRQUJNQTBHQ1NxR1NJYjNEUUVCQlFVQUE0SUJBUUNoTzVoZ2N3LzRvV2ZvRUZMdTlrQmExQi8va3hIOA0KaFFrQ2hWTm44QlJDN1kwVVJRaXRQbDNES0VlZDlVUkJEZGcyS09Bejc3YmI2RU5QaWxpRCthMzhVSkhJUk1xZQ0KVUJIaGxsT0hJenZEaEhGYmFvdkFMQlFjZWVCemRrUXhzS1FFU0ttUW1SODMyOTUwVUNvdm95UkI2MVV5QVY3aA0KK21aaFlQR1JLWEtTSkk2czBFZ2cvQ3JpK0N3azRiakpmcmI1aFZzZTExeWg0RDlNSGh3U2ZDT0grMHo0aFBVVA0KRmt1N2RHYXZVUk81U1Z4TW4vc0w2RW41RCtvU2VYa2FkSHBEcytBaXJ5bTJZSGgxNWgwK2pQU09vUjZ5aVZwLw0KNnpaZVprck40M2t1UzczS3BLREZqZkZQaDh0NHIxZ09JanR0a05jUXFCY2N1c25wbFE3SEpwc2sNCi0tLS0tRU5EIENFUlRJRklDQVRFLS0tLS0NCg0KPC9jZXJ0Pg0KDQo8a2V5Pg0KLS0tLS1CRUdJTiBSU0EgUFJJVkFURSBLRVktLS0tLQ0KTUlJRXBBSUJBQUtDQVFFQTVoMmxnUVFZVWp3b0tZSmJ6VlpBNVZjSUdkNW90UGMvcVpSTXQwS0l0Q0ZBMHM5Ug0Kd1JlTlZhOWZEUkZMUkJoY0lUT2x2M0ZCY1czRThoMVVzN1JENFc4R21KZTh6YXBKbkxzRDM5T1NNUkN6WkpuYw0Kelc0T0NIMVBaUlpXS3FEdGpsTmNhOUFGOGE2NWpUbWxEeENRQ2pudExJV2s1T0xMVmtGdDkvdFNjYzFHRHRjaQ0KNTVvZmhhTkFZTVBpSDdWOCsxZzY2cEdIWEFvV0s2QVFWSDY3WENLSm5HQjVubFErSHNNWVBWL080OUxkOTFaTg0KLzJ0SGtjYUxMeU50eXd4VlBSU3NSaDQ4MGpqdTBmY0NzdjZocC8weVhuVEIvL21XdXRCR3BkVWxJYndpSVRiQQ0KbXJzYlluamlnUnZuUHFYMVJOSlViaTlGcDZDMmMvSElGSkdEeXdJREFRQUJBb0lCQUVSVjdYNUF2eEE4dVJpSw0KazhTSXBzRDBkWDFwSk9NSXdha1VWeXZjNEVmTjBEaEtSTmI0cllvU2lFR1RMeXpMcHlCYy9BMjhEbGttNWVPWQ0KZmp6WGZZa0d0WWkvRnR4a2czTzl2Y3JNUTQrNmkrdUdIYUlMMnJMK3M0TXJmTzh2MXh2NitXa3kzM0VFR0NvdQ0KUWl3VkdSRlFYblJvUTYyTkJDRmJVTkxobVh3ZGoxYWtaekxVNHA1UjR6QTNRaGR4d0VJYXRWTHQwKzdvd0xRMw0KbFA4c2ZYaHBwUE9YalRxTUQ0UWtZd3pQQWE4L3pGN2FjbjRrcnlyVVA3UTZQQWZkMHpFVnFOeTlaQ1o5ZmZobw0KelhlZEZqNDg2SUZvYzVnblRwMk42anNuVmo0TENHSWhsVkhsWUdvektLRnFKY1FWR3NIQ3FxMW96MnpqVzZMUw0Kb1JZSUhnRUNnWUVBOHpacmtDd05ZU1hKdU9ESjNtL2hPTFZ4Y3hnSnV3WG9pRXJXZDBFNDJ2UGFuampWTWhudA0KS1k1bDhxR01KNkZoSzlMWXgycUNyZi9FMFh0VUFaMndWcTNPUlR5R25zTVdyZTl0TFlzNTVYK1pOMTBUYzc1eg0KNGhhY2JVMGhxS04xSGlEbXNNUlkzLzJOYVpIb3k3TUtud0pKQmFHNDhsOUNDVGxWd01Ib2NJRUNnWUVBOGpieQ0KZEdqeFRIKzZYSFdOaXpiNVNSYlp4QW55RWVKZVJ3VE1oMGdHendHUHBIL3NaWUd6eXUwU3lTWFdDblpoM1JncQ0KNXVMbE54dHJYcmxqWmx5aTJuUWRRZ3NxMllyV1VzMCt6Z1UrMjJ1UXNacFNBZnRtaFZydHZldDZNalZqYkJ5WQ0KREFEY2lFVlVkSllJWGsrcW5GVUp5ZXJvTElrVGo3V1lLWjZSamtzQ2dZQm9DRkl3UkRlZzQyb0s4OVJGbW5Pcg0KTHltTkFxNCsyb01oc1dsVmI0ZWpXSVdlQWs5bmMrR1hVZnJYc3pSaFMwMW1VblU1cjV5Z1V2UmNhclYvVDNVNw0KVG5NWitJN1k0RGdXUklEZDUxem5oeElCdFlWNWovQy90ODVIanFPa0grOGI2UlRrYmNoYVgzbWF1N2ZwVWZkcw0KRnEwbmhJcTQyZmhFTzhzcmZZWXdnUUtCZ1FDeWhpMU4vOHRhUndwayszL0lERXpRd2piZmR6VWtXV1NEazlYcw0KSC9wa3VSSFdmVE1QM2ZsV3FFWWdXL0xXNDBwZVcySERxNWltZFY4K0FnWnhlL1hNYmFqaTlMZ3dmMVJZMDA1bg0KS3hhWlF6N3lxSHVwV2xMR0Y2OERQSHhrWlZWU2FnRG5WL3N6dFdYNlNGc0NxRlZueElYaWZYR0M0Y1c1Tm05Zw0KdmE4cTRRS0JnUUNFaExWZVVmZHdLdmtaOTRnL0dGejczMVoyaHJkVmhnTVphVS91NnQwVjk1K1llelBOQ1FaQg0Kd21FOU1tbGJxMWVtRGVST2l2akNmb0doUjNrWlhXMXBUS2xMaDZaTVVRVU9wcHRkWHZhOFh4Zm9xUXdhM2VuQQ0KTTdtdUJiRjBYTjdWTzgwaUpQditQbUlaZEVJQWtwd0tmaTIwMVlCK0JhZkNJdUd4SUY1MFZnPT0NCi0tLS0tRU5EIFJTQSBQUklWQVRFIEtFWS0tLS0tDQoNCjwva2V5Pg0KDQo=
vpn500912631,115.23.171.208,1367776,31,33455934,Korea Republic of,KR,72,1780112507,38559,2943718447936,2weeks,DESKTOP-0L01Q0A's owner,,IyMjIyMjIyMjIyMjIyMjIyMjIyMjIyMjIyMjIyMjIyMjIyMjIyMjIyMjIyMjIyMjIyMjIyMjIyMjIyMjIyMjIyMjIyMjIyMjIyMjIyMjIw0KIyBPcGVuVlBOIDIuMCBTYW1wbGUgQ29uZmlndXJhdGlvbiBGaWxlDQojIGZvciBQYWNrZXRpWCBWUE4gLyBTb2Z0RXRoZXIgVlBOIFNlcnZlcg0KIyANCiMgISEhIEFVVE8tR0VORVJBVEVEIEJZIFNPRlRFVEhFUiBWUE4gU0VSVkVSIE1BTkFHRU1FTlQgVE9PTCAhISENCiMgDQojICEhISBZT1UgSEFWRSBUTyBSRVZJRVcgSVQgQkVGT1JFIFVTRSBBTkQgTU9ESUZZIElUIEFTIE5FQ0VTU0FSWSAhISENCiMgDQojIFRoaXMgY29uZmlndXJhdGlvbiBmaWxlIGlzIGF1dG8tZ2VuZXJhdGVkLiBZb3UgbWlnaHQgdXNlIHRoaXMgY29uZmlnIGZpbGUNCiMgaW4gb3JkZXIgdG8gY29ubmVjdCB0byB0aGUgUGFja2V0aVggVlBOIC8gU29mdEV0aGVyIFZQTiBTZXJ2ZXIuDQojIEhvd2V2ZXIsIGJlZm9yZSB5b3UgdHJ5IGl0LCB5b3Ugc2hvdWxkIHJldmlldyB0aGUgZGVzY3JpcHRpb25zIG9mIHRoZSBmaWxlDQojIHRvIGRldGVybWluZSB0aGUgbmVjZXNzaXR5IHRvIG1vZGlmeSB0byBzdWl0YWJsZSBmb3IgeW91ciByZWFsIGVudmlyb25tZW50Lg0KIyBJZiBuZWNlc3NhcnksIHlvdSBoYXZlIHRvIG1vZGlmeSBhIGxpdHRsZSBhZGVxdWF0ZWx5IG9uIHRoZSBmaWxlLg0KIyBGb3IgZXhhbXBsZSwgdGhlIElQIGFkZHJlc3Mgb3IgdGhlIGhvc3RuYW1lIGFzIGEgZGVzdGluYXRpb24gVlBOIFNlcnZlcg0KIyBzaG91bGQgYmUgY29uZmlybWVkLg0KIyANCiMgTm90ZSB0aGF0IHRvIHVzZSBPcGVuVlBOIDIuMCwgeW91IGhhdmUgdG8gcHV0IHRoZSBjZXJ0aWZpY2F0aW9uIGZpbGUgb2YNCiMgdGhlIGRlc3RpbmF0aW9uIFZQTiBTZXJ2ZXIgb24gdGhlIE9wZW5WUE4gQ2xpZW50IGNvbXB1dGVyIHdoZW4geW91IHVzZSB0aGlzDQojIGNvbmZpZyBmaWxlLiBQbGVhc2UgcmVmZXIgdGhlIGJlbG93IGRlc2NyaXB0aW9ucyBjYXJlZnVsbHkuDQoNCg0KIyMjIyMjIyMjIyMjIyMjIyMjIyMjIyMjIyMjIyMjIyMjIyMjIyMjIyMjIyMjIyMjIyMjIyMjIyMjIyMjIyMjIyMjIyMjIyMjIyMjIyMjIw0KIyBTcGVjaWZ5IHRoZSB0eXBlIG9mIHRoZSBsYXllciBvZiB0aGUgVlBOIGNvbm5lY3Rpb24uDQojIA0KIyBUbyBjb25uZWN0IHRvIHRoZSBWUE4gU2VydmVyIGFzIGEgIlJlbW90ZS1BY2Nlc3MgVlBOIENsaWVudCBQQyIsDQojICBzcGVjaWZ5ICdkZXYgdHVuJy4gKExheWVyLTMgSVAgUm91dGluZyBNb2RlKQ0KIw0KIyBUbyBjb25uZWN0IHRvIHRoZSBWUE4gU2VydmVyIGFzIGEgYnJpZGdpbmcgZXF1aXBtZW50IG9mICJTaXRlLXRvLVNpdGUgVlBOIiwNCiMgIHNwZWNpZnkgJ2RldiB0YXAnLiAoTGF5ZXItMiBFdGhlcm5ldCBCcmlkZ2luZSBNb2RlKQ0KDQpkZXYgdHVuDQoNCg0KIyMjIyMjIyMjIyMjIyMjIyMjIyMjIyMjIyMjIyMjIyMjIyMjIyMjIyMjIyMjIyMjIyMjIyMjIyMjIyMjIyMjIyMjIyMjIyMjIyMjIyMjIw0KIyBTcGVjaWZ5IHRoZSB1bmRlcmx5aW5nIHByb3RvY29sIGJleW9uZCB0aGUgSW50ZXJuZXQuDQojIE5vdGUgdGhhdCB0aGlzIHNldHRpbmcgbXVzdCBiZSBjb3JyZXNwb25kIHdpdGggdGhlIGxpc3RlbmluZyBzZXR0aW5nIG9uDQojIHRoZSBWUE4gU2VydmVyLg0KIyANCiMgU3BlY2lmeSBlaXRoZXIgJ3Byb3RvIHRjcCcgb3IgJ3Byb3RvIHVkcCcuDQoNCnByb3RvIHRjcA0KDQoNCiMjIyMjIyMjIyMjIyMjIyMjIyMjIyMjIyMjIyMjIyMjIyMjIyMjIyMjIyMjIyMjIyMjIyMjIyMjIyMjIyMjIyMjIyMjIyMjIyMjIyMjIyMNCiMgVGhlIGRlc3RpbmF0aW9uIGhvc3RuYW1lIC8gSVAgYWRkcmVzcywgYW5kIHBvcnQgbnVtYmVyIG9mDQojIHRoZSB0YXJnZXQgVlBOIFNlcnZlci4NCiMgDQojIFlvdSBoYXZlIHRvIHNwZWNpZnkgYXMgJ3JlbW90ZSA8SE9TVE5BTUU+IDxQT1JUPicuIFlvdSBjYW4gYWxzbw0KIyBzcGVjaWZ5IHRoZSBJUCBhZGRyZXNzIGluc3RlYWQgb2YgdGhlIGhvc3RuYW1lLg0KIyANCiMgTm90ZSB0aGF0IHRoZSBhdXRvLWdlbmVyYXRlZCBiZWxvdyBob3N0bmFtZSBhcmUgYSAiYXV0by1kZXRlY3RlZA0KIyBJUCBhZGRyZXNzIiBvZiB0aGUgVlBOIFNlcnZlci4gWW91IGhhdmUgdG8gY29uZmlybSB0aGUgY29ycmVjdG5lc3MNCiMgYmVmb3JlaGFuZC4NCiMgDQojIFdoZW4geW91IHdhbnQgdG8gY29ubmVjdCB0byB0aGUgVlBOIFNlcnZlciBieSB1c2luZyBUQ1AgcHJvdG9jb2wsDQojIHRoZSBwb3J0IG51bWJlciBvZiB0aGUgZGVzdGluYXRpb24gVENQIHBvcnQgc2hvdWxkIGJlIHNhbWUgYXMgb25lIG9mDQojIHRoZSBhdmFpbGFibGUgVENQIGxpc3RlbmVycyBvbiB0aGUgVlBOIFNlcnZlci4NCiMgDQojIFdoZW4geW91IHVzZSBVRFAgcHJvdG9jb2wsIHRoZSBwb3J0IG51bWJlciBtdXN0IHNhbWUgYXMgdGhlIGNvbmZpZ3VyYXRpb24NCiMgc2V0dGluZyBvZiAiT3BlblZQTiBTZXJ2ZXIgQ29tcGF0aWJsZSBGdW5jdGlvbiIgb24gdGhlIFZQTiBTZXJ2ZXIuDQoNCnJlbW90ZSAxMTUuMjMuMTcxLjIwOCAxMzM4DQoNCg0KIyMjIyMjIyMjIyMjIyMjIyMjIyMjIyMjIyMjIyMjIyMjIyMjIyMjIyMjIyMjIyMjIyMjIyMjIyMjIyMjIyMjIyMjIyMjIyMjIyMjIyMjIw0KIyBUaGUgSFRUUC9IVFRQUyBwcm94eSBzZXR0aW5nLg0KIyANCiMgT25seSBpZiB5b3UgaGF2ZSB0byB1c2UgdGhlIEludGVybmV0IHZpYSBhIHByb3h5LCB1bmNvbW1lbnQgdGhlIGJlbG93DQojIHR3byBsaW5lcyBhbmQgc3BlY2lmeSB0aGUgcHJveHkgYWRkcmVzcyBhbmQgdGhlIHBvcnQgbnVtYmVyLg0KIyBJbiB0aGUgY2FzZSBvZiB1c2luZyBwcm94eS1hdXRoZW50aWNhdGlvbiwgcmVmZXIgdGhlIE9wZW5WUE4gbWFudWFsLg0KDQo7aHR0cC1wcm94eS1yZXRyeQ0KO2h0dHAtcHJveHkgW3Byb3h5IHNlcnZlcl0gW3Byb3h5IHBvcnRdDQoNCg0KIyMjIyMjIyMjIyMjIyMjIyMjIyMjIyMjIyMjIyMjIyMjIyMjIyMjIyMjIyMjIyMjIyMjIyMjIyMjIyMjIyMjIyMjIyMjIyMjIyMjIyMjIw0KIyBUaGUgZW5jcnlwdGlvbiBhbmQgYXV0aGVudGljYXRpb24gYWxnb3JpdGhtLg0KIyANCiMgRGVmYXVsdCBzZXR0aW5nIGlzIGdvb2QuIE1vZGlmeSBpdCBhcyB5b3UgcHJlZmVyLg0KIyBXaGVuIHlvdSBzcGVjaWZ5IGFuIHVuc3VwcG9ydGVkIGFsZ29yaXRobSwgdGhlIGVycm9yIHdpbGwgb2NjdXIuDQojIA0KIyBUaGUgc3VwcG9ydGVkIGFsZ29yaXRobXMgYXJlIGFzIGZvbGxvd3M6DQojICBjaXBoZXI6IFtOVUxMLUNJUEhFUl0gTlVMTCBBRVMtMTI4LUNCQyBBRVMtMTkyLUNCQyBBRVMtMjU2LUNCQyBCRi1DQkMNCiMgICAgICAgICAgQ0FTVC1DQkMgQ0FTVDUtQ0JDIERFUy1DQkMgREVTLUVERS1DQkMgREVTLUVERTMtQ0JDIERFU1gtQ0JDDQojICAgICAgICAgIFJDMi00MC1DQkMgUkMyLTY0LUNCQyBSQzItQ0JDDQojICBhdXRoOiAgIFNIQSBTSEExIE1ENSBNRDQgUk1EMTYwDQoNCmNpcGhlciBBRVMtMTI4LUNCQw0KYXV0aCBTSEExDQoNCg0KIyMjIyMjIyMjIyMjIyMjIyMjIyMjIyMjIyMjIyMjIyMjIyMjIyMjIyMjIyMjIyMjIyMjIyMjIyMjIyMjIyMjIyMjIyMjIyMjIyMjIyMjIw0KIyBPdGhlciBwYXJhbWV0ZXJzIG5lY2Vzc2FyeSB0byBjb25uZWN0IHRvIHRoZSBWUE4gU2VydmVyLg0KIyANCiMgSXQgaXMgbm90IHJlY29tbWVuZGVkIHRvIG1vZGlmeSBpdCB1bmxlc3MgeW91IGhhdmUgYSBwYXJ0aWN1bGFyIG5lZWQuDQoNCnJlc29sdi1yZXRyeSBpbmZpbml0ZQ0Kbm9iaW5kDQpwZXJzaXN0LWtleQ0KcGVyc2lzdC10dW4NCmNsaWVudA0KdmVyYiAzDQojYXV0aC11c2VyLXBhc3MNCg0KDQojIyMjIyMjIyMjIyMjIyMjIyMjIyMjIyMjIyMjIyMjIyMjIyMjIyMjIyMjIyMjIyMjIyMjIyMjIyMjIyMjIyMjIyMjIyMjIyMjIyMjIyMjDQojIFRoZSBjZXJ0aWZpY2F0ZSBmaWxlIG9mIHRoZSBkZXN0aW5hdGlvbiBWUE4gU2VydmVyLg0KIyANCiMgVGhlIENBIGNlcnRpZmljYXRlIGZpbGUgaXMgZW1iZWRkZWQgaW4gdGhlIGlubGluZSBmb3JtYXQuDQojIFlvdSBjYW4gcmVwbGFjZSB0aGlzIENBIGNvbnRlbnRzIGlmIG5lY2Vzc2FyeS4NCiMgUGxlYXNlIG5vdGUgdGhhdCBpZiB0aGUgc2VydmVyIGNlcnRpZmljYXRlIGlzIG5vdCBhIHNlbGYtc2lnbmVkLCB5b3UgaGF2ZSB0bw0KIyBzcGVjaWZ5IHRoZSBzaWduZXIncyByb290IGNlcnRpZmljYXRlIChDQSkgaGVyZS4NCg0KPGNhPg0KLS0tLS1CRUdJTiBDRVJUSUZJQ0FURS0tLS0tDQpNSUlGYXpDQ0ExT2dBd0lCQWdJUkFJSVF6N0RTUU9OWlJHUGd1Mk9DaXdBd0RRWUpLb1pJaHZjTkFRRUxCUUF3DQpUekVMTUFrR0ExVUVCaE1DVlZNeEtUQW5CZ05WQkFvVElFbHVkR1Z5Ym1WMElGTmxZM1Z5YVhSNUlGSmxjMlZoDQpjbU5vSUVkeWIzVndNUlV3RXdZRFZRUURFd3hKVTFKSElGSnZiM1FnV0RFd0hoY05NVFV3TmpBME1URXdORE00DQpXaGNOTXpVd05qQTBNVEV3TkRNNFdqQlBNUXN3Q1FZRFZRUUdFd0pWVXpFcE1DY0dBMVVFQ2hNZ1NXNTBaWEp1DQpaWFFnVTJWamRYSnBkSGtnVW1WelpXRnlZMmdnUjNKdmRYQXhGVEFUQmdOVkJBTVRERWxUVWtjZ1VtOXZkQ0JZDQpNVENDQWlJd0RRWUpLb1pJaHZjTkFRRUJCUUFEZ2dJUEFEQ0NBZ29DZ2dJQkFLM29KSFAwRkRmem01NHJWeWdjDQpoNzdjdDk4NGtJeHVQT1pYb0hqM2RjS2kvdlZxYnZZQVR5amIzbWlHYkVTVHRyRmovUlFTYTc4ZjB1b3hteUYrDQowVE04dWtqMTNYbmZzN2ovRXZFaG1rdkJpb1p4YVVwbVpteVBmanh3djYwcElnYno1TURtZ0s3aVM0KzNtWDZVDQpBNS9UUjVkOG1VZ2pVK2c0cms4S2I0TXUwVWxYaklCMHR0b3YwRGlOZXdOd0lSdDE4akE4K28rdTNkcGpxK3NXDQpUOEtPRVV0K3p3dm8vN1YzTHZTeWUwcmdUQklsREhDTkF5bWc0Vk1rN0JQWjdobS9FTE5LakQrSm8yRlIzcXlIDQpCNVQwWTNIc0x1SnZXNWlCNFlsY05IbHNkdTg3a0dKNTV0dWttaThteGRBUTRRN2UyUkNPRnZ1Mzk2ajN4K1VDDQpCNWlQTmdpVjUrSTNsZzAyZFo3N0RuS3hIWnU4QS9sSkJkaUIzUVcwS3RaQjZhd0JkcFVLRDlqZjFiMFNIelV2DQpLQmRzMHBqQnFBbGtkMjVITjdyT3JGbGVhSjEvY3RhSnhRWkJLVDVaUHQwbTlTVEpFYWRhbzB4QUgwYWhtYlduDQpPbEZ1aGp1ZWZYS25FZ1Y0V2UwK1VYZ1ZDd09QamRBdkJiSStlMG9jUzNNRkV2ekc2dUJRRTN4RGszU3p5blRuDQpqaDhCQ05BdzFGdHhOclFIdXNFd01GeEl0NEk3bUtaOVlJcWlveW1DekxxOWd3UWJvb01EUWFIV0JmRWJ3cmJ3DQpxSHlHTzBhb1NDcUkzSGFhZHI4ZmFxVTlHWS9yT1BOazNzZ3JEUW9vLy9mYjRoVkMxQ0xRSjEzaGVmNFk1M0NJDQpyVTdtMllzNnh0MG5VVzcvdkdUMU0wTlBBZ01CQUFHalFqQkFNQTRHQTFVZER3RUIvd1FFQXdJQkJqQVBCZ05WDQpIUk1CQWY4RUJUQURBUUgvTUIwR0ExVWREZ1FXQkJSNXRGbm1lN2JsNUFGemdBaUl5QnBZOXVtYmJqQU5CZ2txDQpoa2lHOXcwQkFRc0ZBQU9DQWdFQVZSOVlxYnl5cUZEUURMSFlHbWtnSnlrSXJHRjFYSXB1K0lMbGFTL1Y5bFpMDQp1Ymh6RUZuVElaZCs1MHh4KzdMU1lLMDVxQXZxRnlGV2hmRlFEbG5yenVCWjZickpGZStHblkrRWdQYms2WkdRDQozQmViWWh0RjhHYVYwbnh2d3VvNzd4L1B5OWF1Si9HcHNNaXUvWDErbXZvaUJPdi8yWC9xa1NzaXNSY09qL0tLDQpORnRZMlB3QnlWUzV1Q2JNaW9nemlVd3RoRHlDMys2V1Z3VzZMTHYzeExmSFRqdUN2akhJSW5Oemt0SENnS1E1DQpPUkF6STRKTVBKK0dzbFdZSGI0cGhvd2ltNTdpYXp0WE9vSndUZHdKeDRuTENnZE5iT2hkanNudnpxdkh1N1VyDQpUa1hXU3RBbXpPVnl5Z2hxcFpYakZhSDNwTzNKTEYrbCsvK3NLQUl1dnRkN3UrTnhlNUFXMHdkZVJsTjhOd2RDDQpqTlBFbHB6Vm1iVXE0SlVhZ0VpdVREa0h6c3hIcEZLVks3cTQrNjNTTTFOOTVSMU5iZFdoc2NkQ2IrWkFKelZjDQpveWkzQjQzbmpUT1E1eU9mKzFDY2VXeEcxYlFWczVadWZwc01sanE0VWkwLzFsdmgrd2pDaFA0a3FLT0oycXhxDQo0Umdxc2FoRFlWdlRIOXc3alhieUxlaU5kZDhYTTJ3OVUvdDd5MEZmLzl5aTBHRTQ0WmE0ckYyTE45ZDExVFBBDQptUkd1blVIQmNuV0V2Z0pCUWw5bkpFaVUwWnNudmdjL3ViaFBnWFJSNFhxMzdaMGo0cjdnMVNnRUV6d3hBNTdkDQplbXlQeGdjWXhuL2VSNDQvS0o0RUJzK2xWRFIzdmV5Sm0ra1hROTliMjEvK2poNVhvczFBblg1aUl0cmVHQ2M9DQotLS0tLUVORCBDRVJUSUZJQ0FURS0tLS0tDQoNCjwvY2E+DQoNCg0KIyMjIyMjIyMjIyMjIyMjIyMjIyMjIyMjIyMjIyMjIyMjIyMjIyMjIyMjIyMjIyMjIyMjIyMjIyMjIyMjIyMjIyMjIyMjIyMjIyMjIyMjIw0KIyBUaGUgY2xpZW50IGNlcnRpZmljYXRlIGZpbGUgKGR1bW15KS4NCiMgDQojIEluIHNvbWUgaW1wbGVtZW50YXRpb25zIG9mIE9wZW5WUE4gQ2xpZW50IHNvZnR3YXJlDQojIChmb3IgZXhhbXBsZTogT3BlblZQTiBDbGllbnQgZm9yIGlPUyksDQojIGEgcGFpciBvZiBjbGllbnQgY2VydGlmaWNhdGUgYW5kIHByaXZhdGUga2V5IG11c3QgYmUgaW5jbHVkZWQgb24gdGhlDQojIGNvbmZpZ3VyYXRpb24gZmlsZSBkdWUgdG8gdGhlIGxpbWl0YXRpb24gb2YgdGhlIGNsaWVudC4NCiMgU28gdGhpcyBzYW1wbGUgY29uZmlndXJhdGlvbiBmaWxlIGhhcyBhIGR1bW15IHBhaXIgb2YgY2xpZW50IGNlcnRpZmljYXRlDQojIGFuZCBwcml2YXRlIGtleSBhcyBmb2xsb3dzLg0KDQo8Y2VydD4NCi0tLS0tQkVHSU4gQ0VSVElGSUNBVEUtLS0tLQ0KTUlJQ3hqQ0NBYTRDQVFBd0RRWUpLb1pJaHZjTkFRRUZCUUF3S1RFYU1CZ0dBMVVFQXhNUlZsQk9SMkYwWlVOcw0KYVdWdWRFTmxjblF4Q3pBSkJnTlZCQVlUQWtwUU1CNFhEVEV6TURJeE1UQXpORGswT1ZvWERUTTNNREV4T1RBeg0KTVRRd04xb3dLVEVhTUJnR0ExVUVBeE1SVmxCT1IyRjBaVU5zYVdWdWRFTmxjblF4Q3pBSkJnTlZCQVlUQWtwUQ0KTUlJQklqQU5CZ2txaGtpRzl3MEJBUUVGQUFPQ0FROEFNSUlCQ2dLQ0FRRUE1aDJsZ1FRWVVqd29LWUpielZaQQ0KNVZjSUdkNW90UGMvcVpSTXQwS0l0Q0ZBMHM5UndSZU5WYTlmRFJGTFJCaGNJVE9sdjNGQmNXM0U4aDFVczdSRA0KNFc4R21KZTh6YXBKbkxzRDM5T1NNUkN6WkpuY3pXNE9DSDFQWlJaV0txRHRqbE5jYTlBRjhhNjVqVG1sRHhDUQ0KQ2pudExJV2s1T0xMVmtGdDkvdFNjYzFHRHRjaTU1b2ZoYU5BWU1QaUg3VjgrMWc2NnBHSFhBb1dLNkFRVkg2Nw0KWENLSm5HQjVubFErSHNNWVBWL080OUxkOTFaTi8ydEhrY2FMTHlOdHl3eFZQUlNzUmg0ODBqanUwZmNDc3Y2aA0KcC8weVhuVEIvL21XdXRCR3BkVWxJYndpSVRiQW1yc2JZbmppZ1J2blBxWDFSTkpVYmk5RnA2QzJjL0hJRkpHRA0KeXdJREFRQUJNQTBHQ1NxR1NJYjNEUUVCQlFVQUE0SUJBUUNoTzVoZ2N3LzRvV2ZvRUZMdTlrQmExQi8va3hIOA0KaFFrQ2hWTm44QlJDN1kwVVJRaXRQbDNES0VlZDlVUkJEZGcyS09Bejc3YmI2RU5QaWxpRCthMzhVSkhJUk1xZQ0KVUJIaGxsT0hJenZEaEhGYmFvdkFMQlFjZWVCemRrUXhzS1FFU0ttUW1SODMyOTUwVUNvdm95UkI2MVV5QVY3aA0KK21aaFlQR1JLWEtTSkk2czBFZ2cvQ3JpK0N3azRiakpmcmI1aFZzZTExeWg0RDlNSGh3U2ZDT0grMHo0aFBVVA0KRmt1N2RHYXZVUk81U1Z4TW4vc0w2RW41RCtvU2VYa2FkSHBEcytBaXJ5bTJZSGgxNWgwK2pQU09vUjZ5aVZwLw0KNnpaZVprck40M2t1UzczS3BLREZqZkZQaDh0NHIxZ09JanR0a05jUXFCY2N1c25wbFE3SEpwc2sNCi0tLS0tRU5EIENFUlRJRklDQVRFLS0tLS0NCg0KPC9jZXJ0Pg0KDQo8a2V5Pg0KLS0tLS1CRUdJTiBSU0EgUFJJVkFURSBLRVktLS0tLQ0KTUlJRXBBSUJBQUtDQVFFQTVoMmxnUVFZVWp3b0tZSmJ6VlpBNVZjSUdkNW90UGMvcVpSTXQwS0l0Q0ZBMHM5Ug0Kd1JlTlZhOWZEUkZMUkJoY0lUT2x2M0ZCY1czRThoMVVzN1JENFc4R21KZTh6YXBKbkxzRDM5T1NNUkN6WkpuYw0Kelc0T0NIMVBaUlpXS3FEdGpsTmNhOUFGOGE2NWpUbWxEeENRQ2pudExJV2s1T0xMVmtGdDkvdFNjYzFHRHRjaQ0KNTVvZmhhTkFZTVBpSDdWOCsxZzY2cEdIWEFvV0s2QVFWSDY3WENLSm5HQjVubFErSHNNWVBWL080OUxkOTFaTg0KLzJ0SGtjYUxMeU50eXd4VlBSU3NSaDQ4MGpqdTBmY0NzdjZocC8weVhuVEIvL21XdXRCR3BkVWxJYndpSVRiQQ0KbXJzYlluamlnUnZuUHFYMVJOSlViaTlGcDZDMmMvSElGSkdEeXdJREFRQUJBb0lCQUVSVjdYNUF2eEE4dVJpSw0KazhTSXBzRDBkWDFwSk9NSXdha1VWeXZjNEVmTjBEaEtSTmI0cllvU2lFR1RMeXpMcHlCYy9BMjhEbGttNWVPWQ0KZmp6WGZZa0d0WWkvRnR4a2czTzl2Y3JNUTQrNmkrdUdIYUlMMnJMK3M0TXJmTzh2MXh2NitXa3kzM0VFR0NvdQ0KUWl3VkdSRlFYblJvUTYyTkJDRmJVTkxobVh3ZGoxYWtaekxVNHA1UjR6QTNRaGR4d0VJYXRWTHQwKzdvd0xRMw0KbFA4c2ZYaHBwUE9YalRxTUQ0UWtZd3pQQWE4L3pGN2FjbjRrcnlyVVA3UTZQQWZkMHpFVnFOeTlaQ1o5ZmZobw0KelhlZEZqNDg2SUZvYzVnblRwMk42anNuVmo0TENHSWhsVkhsWUdvektLRnFKY1FWR3NIQ3FxMW96MnpqVzZMUw0Kb1JZSUhnRUNnWUVBOHpacmtDd05ZU1hKdU9ESjNtL2hPTFZ4Y3hnSnV3WG9pRXJXZDBFNDJ2UGFuampWTWhudA0KS1k1bDhxR01KNkZoSzlMWXgycUNyZi9FMFh0VUFaMndWcTNPUlR5R25zTVdyZTl0TFlzNTVYK1pOMTBUYzc1eg0KNGhhY2JVMGhxS04xSGlEbXNNUlkzLzJOYVpIb3k3TUtud0pKQmFHNDhsOUNDVGxWd01Ib2NJRUNnWUVBOGpieQ0KZEdqeFRIKzZYSFdOaXpiNVNSYlp4QW55RWVKZVJ3VE1oMGdHendHUHBIL3NaWUd6eXUwU3lTWFdDblpoM1JncQ0KNXVMbE54dHJYcmxqWmx5aTJuUWRRZ3NxMllyV1VzMCt6Z1UrMjJ1UXNacFNBZnRtaFZydHZldDZNalZqYkJ5WQ0KREFEY2lFVlVkSllJWGsrcW5GVUp5ZXJvTElrVGo3V1lLWjZSamtzQ2dZQm9DRkl3UkRlZzQyb0s4OVJGbW5Pcg0KTHltTkFxNCsyb01oc1dsVmI0ZWpXSVdlQWs5bmMrR1hVZnJYc3pSaFMwMW1VblU1cjV5Z1V2UmNhclYvVDNVNw0KVG5NWitJN1k0RGdXUklEZDUxem5oeElCdFlWNWovQy90ODVIanFPa0grOGI2UlRrYmNoYVgzbWF1N2ZwVWZkcw0KRnEwbmhJcTQyZmhFTzhzcmZZWXdnUUtCZ1FDeWhpMU4vOHRhUndwayszL0lERXpRd2piZmR6VWtXV1NEazlYcw0KSC9wa3VSSFdmVE1QM2ZsV3FFWWdXL0xXNDBwZVcySERxNWltZFY4K0FnWnhlL1hNYmFqaTlMZ3dmMVJZMDA1bg0KS3hhWlF6N3lxSHVwV2xMR0Y2OERQSHhrWlZWU2FnRG5WL3N6dFdYNlNGc0NxRlZueElYaWZYR0M0Y1c1Tm05Zw0KdmE4cTRRS0JnUUNFaExWZVVmZHdLdmtaOTRnL0dGejczMVoyaHJkVmhnTVphVS91NnQwVjk1K1llelBOQ1FaQg0Kd21FOU1tbGJxMWVtRGVST2l2akNmb0doUjNrWlhXMXBUS2xMaDZaTVVRVU9wcHRkWHZhOFh4Zm9xUXdhM2VuQQ0KTTdtdUJiRjBYTjdWTzgwaUpQditQbUlaZEVJQWtwd0tmaTIwMVlCK0JhZkNJdUd4SUY1MFZnPT0NCi0tLS0tRU5EIFJTQSBQUklWQVRFIEtFWS0tLS0tDQoNCjwva2V5Pg0KDQo=
public-vpn-148,219.100.37.107,1364396,25,1091117038,Japan,JP,90,1076251672,7321559,366891032573999,2weeks,Daiyuu Nobori_ Japan. Academic Use Only.,,IyMjIyMjIyMjIyMjIyMjIyMjIyMjIyMjIyMjIyMjIyMjIyMjIyMjIyMjIyMjIyMjIyMjIyMjIyMjIyMjIyMjIyMjIyMjIyMjIyMjIyMjIw0KIyBPcGVuVlBOIDIuMCBTYW1wbGUgQ29uZmlndXJhdGlvbiBGaWxlDQojIGZvciBQYWNrZXRpWCBWUE4gLyBTb2Z0RXRoZXIgVlBOIFNlcnZlcg0KIyANCiMgISEhIEFVVE8tR0VORVJBVEVEIEJZIFNPRlRFVEhFUiBWUE4gU0VSVkVSIE1BTkFHRU1FTlQgVE9PTCAhISENCiMgDQojICEhISBZT1UgSEFWRSBUTyBSRVZJRVcgSVQgQkVGT1JFIFVTRSBBTkQgTU9ESUZZIElUIEFTIE5FQ0VTU0FSWSAhISENCiMgDQojIFRoaXMgY29uZmlndXJhdGlvbiBmaWxlIGlzIGF1dG8tZ2VuZXJhdGVkLiBZb3UgbWlnaHQgdXNlIHRoaXMgY29uZmlnIGZpbGUNCiMgaW4gb3JkZXIgdG8gY29ubmVjdCB0byB0aGUgUGFja2V0aVggVlBOIC8gU29mdEV0aGVyIFZQTiBTZXJ2ZXIuDQojIEhvd2V2ZXIsIGJlZm9yZSB5b3UgdHJ5IGl0LCB5b3Ugc2hvdWxkIHJldmlldyB0aGUgZGVzY3JpcHRpb25zIG9mIHRoZSBmaWxlDQojIHRvIGRldGVybWluZSB0aGUgbmVjZXNzaXR5IHRvIG1vZGlmeSB0byBzdWl0YWJsZSBmb3IgeW91ciByZWFsIGVudmlyb25tZW50Lg0KIyBJZiBuZWNlc3NhcnksIHlvdSBoYXZlIHRvIG1vZGlmeSBhIGxpdHRsZSBhZGVxdWF0ZWx5IG9uIHRoZSBmaWxlLg0KIyBGb3IgZXhhbXBsZSwgdGhlIElQIGFkZHJlc3Mgb3IgdGhlIGhvc3RuYW1lIGFzIGEgZGVzdGluYXRpb24gVlBOIFNlcnZlcg0KIyBzaG91bGQgYmUgY29uZmlybWVkLg0KIyANCiMgTm90ZSB0aGF0IHRvIHVzZSBPcGVuVlBOIDIuMCwgeW91IGhhdmUgdG8gcHV0IHRoZSBjZXJ0aWZpY2F0aW9uIGZpbGUgb2YNCiMgdGhlIGRlc3RpbmF0aW9uIFZQTiBTZXJ2ZXIgb24gdGhlIE9wZW5WUE4gQ2xpZW50IGNvbXB1dGVyIHdoZW4geW91IHVzZSB0aGlzDQojIGNvbmZpZyBmaWxlLiBQbGVhc2UgcmVmZXIgdGhlIGJlbG93IGRlc2NyaXB0aW9ucyBjYXJlZnVsbHkuDQoNCg0KIyMjIyMjIyMjIyMjIyMjIyMjIyMjIyMjIyMjIyMjIyMjIyMjIyMjIyMjIyMjIyMjIyMjIyMjIyMjIyMjIyMjIyMjIyMjIyMjIyMjIyMjIw0KIyBTcGVjaWZ5IHRoZSB0eXBlIG9mIHRoZSBsYXllciBvZiB0aGUgVlBOIGNvbm5lY3Rpb24uDQojIA0KIyBUbyBjb25uZWN0IHRvIHRoZSBWUE4gU2VydmVyIGFzIGEgIlJlbW90ZS1BY2Nlc3MgVlBOIENsaWVudCBQQyIsDQojICBzcGVjaWZ5ICdkZXYgdHVuJy4gKExheWVyLTMgSVAgUm91dGluZyBNb2RlKQ0KIw0KIyBUbyBjb25uZWN0IHRvIHRoZSBWUE4gU2VydmVyIGFzIGEgYnJpZGdpbmcgZXF1aXBtZW50IG9mICJTaXRlLXRvLVNpdGUgVlBOIiwNCiMgIHNwZWNpZnkgJ2RldiB0YXAnLiAoTGF5ZXItMiBFdGhlcm5ldCBCcmlkZ2luZSBNb2RlKQ0KDQpkZXYgdHVuDQoNCg0KIyMjIyMjIyMjIyMjIyMjIyMjIyMjIyMjIyMjIyMjIyMjIyMjIyMjIyMjIyMjIyMjIyMjIyMjIyMjIyMjIyMjIyMjIyMjIyMjIyMjIyMjIw0KIyBTcGVjaWZ5IHRoZSB1bmRlcmx5aW5nIHByb3RvY29sIGJleW9uZCB0aGUgSW50ZXJuZXQuDQojIE5vdGUgdGhhdCB0aGlzIHNldHRpbmcgbXVzdCBiZSBjb3JyZXNwb25kIHdpdGggdGhlIGxpc3RlbmluZyBzZXR0aW5nIG9uDQojIHRoZSBWUE4gU2VydmVyLg0KIyANCiMgU3BlY2lmeSBlaXRoZXIgJ3Byb3RvIHRjcCcgb3IgJ3Byb3RvIHVkcCcuDQoNCnByb3RvIHRjcA0KDQoNCiMjIyMjIyMjIyMjIyMjIyMjIyMjIyMjIyMjIyMjIyMjIyMjIyMjIyMjIyMjIyMjIyMjIyMjIyMjIyMjIyMjIyMjIyMjIyMjIyMjIyMjIyMNCiMgVGhlIGRlc3RpbmF0aW9uIGhvc3RuYW1lIC8gSVAgYWRkcmVzcywgYW5kIHBvcnQgbnVtYmVyIG9mDQojIHRoZSB0YXJnZXQgVlBOIFNlcnZlci4NCiMgDQojIFlvdSBoYXZlIHRvIHNwZWNpZnkgYXMgJ3JlbW90ZSA8SE9TVE5BTUU+IDxQT1JUPicuIFlvdSBjYW4gYWxzbw0KIyBzcGVjaWZ5IHRoZSBJUCBhZGRyZXNzIGluc3RlYWQgb2YgdGhlIGhvc3RuYW1lLg0KIyANCiMgTm90ZSB0aGF0IHRoZSBhdXRvLWdlbmVyYXRlZCBiZWxvdyBob3N0bmFtZSBhcmUgYSAiYXV0by1kZXRlY3RlZA0KIyBJUCBhZGRyZXNzIiBvZiB0aGUgVlBOIFNlcnZlci4gWW91IGhhdmUgdG8gY29uZmlybSB0aGUgY29ycmVjdG5lc3MNCiMgYmVmb3JlaGFuZC4NCiMgDQojIFdoZW4geW91IHdhbnQgdG8gY29ubmVjdCB0byB0aGUgVlBOIFNlcnZlciBieSB1c2luZyBUQ1AgcHJvdG9jb2wsDQojIHRoZSBwb3J0IG51bWJlciBvZiB0aGUgZGVzdGluYXRpb24gVENQIHBvcnQgc2hvdWxkIGJlIHNhbWUgYXMgb25lIG9mDQojIHRoZSBhdmFpbGFibGUgVENQIGxpc3RlbmVycyBvbiB0aGUgVlBOIFNlcnZlci4NCiMgDQojIFdoZW4geW91IHVzZSBVRFAgcHJvdG9jb2wsIHRoZSBwb3J0IG51bWJlciBtdXN0IHNhbWUgYXMgdGhlIGNvbmZpZ3VyYXRpb24NCiMgc2V0dGluZyBvZiAiT3BlblZQTiBTZXJ2ZXIgQ29tcGF0aWJsZSBGdW5jdGlvbiIgb24gdGhlIFZQTiBTZXJ2ZXIuDQoNCnJlbW90ZSAyMTkuMTAwLjM3LjEwNyA0NDMNCg0KDQojIyMjIyMjIyMjIyMjIyMjIyMjIyMjIyMjIyMjIyMjIyMjIyMjIyMjIyMjIyMjIyMjIyMjIyMjIyMjIyMjIyMjIyMjIyMjIyMjIyMjIyMjDQojIFRoZSBIVFRQL0hUVFBTIHByb3h5IHNldHRpbmcuDQojIA0KIyBPbmx5IGlmIHlvdSBoYXZlIHRvIHVzZSB0aGUgSW50ZXJuZXQgdmlhIGEgcHJveHksIHVuY29tbWVudCB0aGUgYmVsb3cNCiMgdHdvIGxpbmVzIGFuZCBzcGVjaWZ5IHRoZSBwcm94eSBhZGRyZXNzIGFuZCB0aGUgcG9ydCBudW1iZXIuDQojIEluIHRoZSBjYXNlIG9mIHVzaW5nIHByb3h5LWF1dGhlbnRpY2F0aW9uLCByZWZlciB0aGUgT3BlblZQTiBtYW51YWwuDQoNCjtodHRwLXByb3h5LXJldHJ5DQo7aHR0cC1wcm94eSBbcHJveHkgc2VydmVyXSBbcHJveHkgcG9ydF0NCg0KDQojIyMjIyMjIyMjIyMjIyMjIyMjIyMjIyMjIyMjIyMjIyMjIyMjIyMjIyMjIyMjIyMjIyMjIyMjIyMjIyMjIyMjIyMjIyMjIyMjIyMjIyMjDQojIFRoZSBlbmNyeXB0aW9uIGFuZCBhdXRoZW50aWNhdGlvbiBhbGdvcml0aG0uDQojIA0KIyBEZWZhdWx0IHNldHRpbmcgaXMgZ29vZC4gTW9kaWZ5IGl0IGFzIHlvdSBwcmVmZXIuDQojIFdoZW4geW91IHNwZWNpZnkgYW4gdW5zdXBwb3J0ZWQgYWxnb3JpdGhtLCB0aGUgZXJyb3Igd2lsbCBvY2N1ci4NCiMgDQojIFRoZSBzdXBwb3J0ZWQgYWxnb3JpdGhtcyBhcmUgYXMgZm9sbG93czoNCiMgIGNpcGhlcjogW05VTEwtQ0lQSEVSXSBOVUxMIEFFUy0xMjgtQ0JDIEFFUy0xOTItQ0JDIEFFUy0yNTYtQ0JDIEJGLUNCQw0KIyAgICAgICAgICBDQVNULUNCQyBDQVNUNS1DQkMgREVTLUNCQyBERVMtRURFLUNCQyBERVMtRURFMy1DQkMgREVTWC1DQkMNCiMgICAgICAgICAgUkMyLTQwLUNCQyBSQzItNjQtQ0JDIFJDMi1DQkMNCiMgIGF1dGg6ICAgU0hBIFNIQTEgTUQ1IE1ENCBSTUQxNjANCg0KY2lwaGVyIEFFUy0xMjgtQ0JDDQphdXRoIFNIQTENCg0KDQojIyMjIyMjIyMjIyMjIyMjIyMjIyMjIyMjIyMjIyMjIyMjIyMjIyMjIyMjIyMjIyMjIyMjIyMjIyMjIyMjIyMjIyMjIyMjIyMjIyMjIyMjDQojIE90aGVyIHBhcmFtZXRlcnMgbmVjZXNzYXJ5IHRvIGNvbm5lY3QgdG8gdGhlIFZQTiBTZXJ2ZXIuDQojIA0KIyBJdCBpcyBub3QgcmVjb21tZW5kZWQgdG8gbW9kaWZ5IGl0IHVubGVzcyB5b3UgaGF2ZSBhIHBhcnRpY3VsYXIgbmVlZC4NCg0KcmVzb2x2LXJldHJ5IGluZmluaXRlDQpub2JpbmQNCnBlcnNpc3Qta2V5DQpwZXJzaXN0LXR1bg0KY2xpZW50DQp2ZXJiIDMNCiNhdXRoLXVzZXItcGFzcw0KDQoNCiMjIyMjIyMjIyMjIyMjIyMjIyMjIyMjIyMjIyMjIyMjIyMjIyMjIyMjIyMjIyMjIyMjIyMjIyMjIyMjIyMjIyMjIyMjIyMjIyMjIyMjIyMNCiMgVGhlIGNlcnRpZmljYXRlIGZpbGUgb2YgdGhlIGRlc3RpbmF0aW9uIFZQTiBTZXJ2ZXIuDQojIA0KIyBUaGUgQ0EgY2VydGlmaWNhdGUgZmlsZSBpcyBlbWJlZGRlZCBpbiB0aGUgaW5saW5lIGZvcm1hdC4NCiMgWW91IGNhbiByZXBsYWNlIHRoaXMgQ0EgY29udGVudHMgaWYgbmVjZXNzYXJ5Lg0KIyBQbGVhc2Ugbm90ZSB0aGF0IGlmIHRoZSBzZXJ2ZXIgY2VydGlmaWNhdGUgaXMgbm90IGEgc2VsZi1zaWduZWQsIHlvdSBoYXZlIHRvDQojIHNwZWNpZnkgdGhlIHNpZ25lcidzIHJvb3QgY2VydGlmaWNhdGUgKENBKSBoZXJlLg0KDQo8Y2E+DQotLS0tLUJFR0lOIENFUlRJRklDQVRFLS0tLS0NCk1JSUZhekNDQTFPZ0F3SUJBZ0lSQUlJUXo3RFNRT05aUkdQZ3UyT0Npd0F3RFFZSktvWklodmNOQVFFTEJRQXcNClR6RUxNQWtHQTFVRUJoTUNWVk14S1RBbkJnTlZCQW9USUVsdWRHVnlibVYwSUZObFkzVnlhWFI1SUZKbGMyVmgNCmNtTm9JRWR5YjNWd01SVXdFd1lEVlFRREV3eEpVMUpISUZKdmIzUWdXREV3SGhjTk1UVXdOakEwTVRFd05ETTQNCldoY05NelV3TmpBME1URXdORE00V2pCUE1Rc3dDUVlEVlFRR0V3SlZVekVwTUNjR0ExVUVDaE1nU1c1MFpYSnUNClpYUWdVMlZqZFhKcGRIa2dVbVZ6WldGeVkyZ2dSM0p2ZFhBeEZUQVRCZ05WQkFNVERFbFRVa2NnVW05dmRDQlkNCk1UQ0NBaUl3RFFZSktvWklodmNOQVFFQkJRQURnZ0lQQURDQ0Fnb0NnZ0lCQUszb0pIUDBGRGZ6bTU0clZ5Z2MNCmg3N2N0OTg0a0l4dVBPWlhvSGozZGNLaS92VnFidllBVHlqYjNtaUdiRVNUdHJGai9SUVNhNzhmMHVveG15RisNCjBUTTh1a2oxM1huZnM3ai9FdkVobWt2QmlvWnhhVXBtWm15UGZqeHd2NjBwSWdiejVNRG1nSzdpUzQrM21YNlUNCkE1L1RSNWQ4bVVnalUrZzRyazhLYjRNdTBVbFhqSUIwdHRvdjBEaU5ld053SVJ0MThqQTgrbyt1M2RwanErc1cNClQ4S09FVXQrend2by83VjNMdlN5ZTByZ1RCSWxESENOQXltZzRWTWs3QlBaN2htL0VMTktqRCtKbzJGUjNxeUgNCkI1VDBZM0hzTHVKdlc1aUI0WWxjTkhsc2R1ODdrR0o1NXR1a21pOG14ZEFRNFE3ZTJSQ09GdnUzOTZqM3grVUMNCkI1aVBOZ2lWNStJM2xnMDJkWjc3RG5LeEhadThBL2xKQmRpQjNRVzBLdFpCNmF3QmRwVUtEOWpmMWIwU0h6VXYNCktCZHMwcGpCcUFsa2QyNUhON3JPckZsZWFKMS9jdGFKeFFaQktUNVpQdDBtOVNUSkVhZGFvMHhBSDBhaG1iV24NCk9sRnVoanVlZlhLbkVnVjRXZTArVVhnVkN3T1BqZEF2QmJJK2Uwb2NTM01GRXZ6RzZ1QlFFM3hEazNTenluVG4NCmpoOEJDTkF3MUZ0eE5yUUh1c0V3TUZ4SXQ0STdtS1o5WUlxaW95bUN6THE5Z3dRYm9vTURRYUhXQmZFYndyYncNCnFIeUdPMGFvU0NxSTNIYWFkcjhmYXFVOUdZL3JPUE5rM3NnckRRb28vL2ZiNGhWQzFDTFFKMTNoZWY0WTUzQ0kNCnJVN20yWXM2eHQwblVXNy92R1QxTTBOUEFnTUJBQUdqUWpCQU1BNEdBMVVkRHdFQi93UUVBd0lCQmpBUEJnTlYNCkhSTUJBZjhFQlRBREFRSC9NQjBHQTFVZERnUVdCQlI1dEZubWU3Ymw1QUZ6Z0FpSXlCcFk5dW1iYmpBTkJna3ENCmhraUc5dzBCQVFzRkFBT0NBZ0VBVlI5WXFieXlxRkRRRExIWUdta2dKeWtJckdGMVhJcHUrSUxsYVMvVjlsWkwNCnViaHpFRm5USVpkKzUweHgrN0xTWUswNXFBdnFGeUZXaGZGUURsbnJ6dUJaNmJySkZlK0duWStFZ1BiazZaR1ENCjNCZWJZaHRGOEdhVjBueHZ3dW83N3gvUHk5YXVKL0dwc01pdS9YMSttdm9pQk92LzJYL3FrU3Npc1JjT2ovS0sNCk5GdFkyUHdCeVZTNXVDYk1pb2d6aVV3dGhEeUMzKzZXVndXNkxMdjN4TGZIVGp1Q3ZqSElJbk56a3RIQ2dLUTUNCk9SQXpJNEpNUEorR3NsV1lIYjRwaG93aW01N2lhenRYT29Kd1Rkd0p4NG5MQ2dkTmJPaGRqc252enF2SHU3VXINClRrWFdTdEFtek9WeXlnaHFwWlhqRmFIM3BPM0pMRitsKy8rc0tBSXV2dGQ3dStOeGU1QVcwd2RlUmxOOE53ZEMNCmpOUEVscHpWbWJVcTRKVWFnRWl1VERrSHpzeEhwRktWSzdxNCs2M1NNMU45NVIxTmJkV2hzY2RDYitaQUp6VmMNCm95aTNCNDNualRPUTV5T2YrMUNjZVd4RzFiUVZzNVp1ZnBzTWxqcTRVaTAvMWx2aCt3akNoUDRrcUtPSjJxeHENCjRSZ3FzYWhEWVZ2VEg5dzdqWGJ5TGVpTmRkOFhNMnc5VS90N3kwRmYvOXlpMEdFNDRaYTRyRjJMTjlkMTFUUEENCm1SR3VuVUhCY25XRXZnSkJRbDluSkVpVTBac252Z2MvdWJoUGdYUlI0WHEzN1owajRyN2cxU2dFRXp3eEE1N2QNCmVteVB4Z2NZeG4vZVI0NC9LSjRFQnMrbFZEUjN2ZXlKbStrWFE5OWIyMS8ramg1WG9zMUFuWDVpSXRyZUdDYz0NCi0tLS0tRU5EIENFUlRJRklDQVRFLS0tLS0NCg0KPC9jYT4NCg0KDQojIyMjIyMjIyMjIyMjIyMjIyMjIyMjIyMjIyMjIyMjIyMjIyMjIyMjIyMjIyMjIyMjIyMjIyMjIyMjIyMjIyMjIyMjIyMjIyMjIyMjIyMjDQojIFRoZSBjbGllbnQgY2VydGlmaWNhdGUgZmlsZSAoZHVtbXkpLg0KIyANCiMgSW4gc29tZSBpbXBsZW1lbnRhdGlvbnMgb2YgT3BlblZQTiBDbGllbnQgc29mdHdhcmUNCiMgKGZvciBleGFtcGxlOiBPcGVuVlBOIENsaWVudCBmb3IgaU9TKSwNCiMgYSBwYWlyIG9mIGNsaWVudCBjZXJ0aWZpY2F0ZSBhbmQgcHJpdmF0ZSBrZXkgbXVzdCBiZSBpbmNsdWRlZCBvbiB0aGUNCiMgY29uZmlndXJhdGlvbiBmaWxlIGR1ZSB0byB0aGUgbGltaXRhdGlvbiBvZiB0aGUgY2xpZW50Lg0KIyBTbyB0aGlzIHNhbXBsZSBjb25maWd1cmF0aW9uIGZpbGUgaGFzIGEgZHVtbXkgcGFpciBvZiBjbGllbnQgY2VydGlmaWNhdGUNCiMgYW5kIHByaXZhdGUga2V5IGFzIGZvbGxvd3MuDQoNCjxjZXJ0Pg0KLS0tLS1CRUdJTiBDRVJUSUZJQ0FURS0tLS0tDQpNSUlDeGpDQ0FhNENBUUF3RFFZSktvWklodmNOQVFFRkJRQXdLVEVhTUJnR0ExVUVBeE1SVmxCT1IyRjBaVU5zDQphV1Z1ZEVObGNuUXhDekFKQmdOVkJBWVRBa3BRTUI0WERURXpNREl4TVRBek5EazBPVm9YRFRNM01ERXhPVEF6DQpNVFF3TjFvd0tURWFNQmdHQTFVRUF4TVJWbEJPUjJGMFpVTnNhV1Z1ZEVObGNuUXhDekFKQmdOVkJBWVRBa3BRDQpNSUlCSWpBTkJna3Foa2lHOXcwQkFRRUZBQU9DQVE4QU1JSUJDZ0tDQVFFQTVoMmxnUVFZVWp3b0tZSmJ6VlpBDQo1VmNJR2Q1b3RQYy9xWlJNdDBLSXRDRkEwczlSd1JlTlZhOWZEUkZMUkJoY0lUT2x2M0ZCY1czRThoMVVzN1JEDQo0VzhHbUplOHphcEpuTHNEMzlPU01SQ3paSm5jelc0T0NIMVBaUlpXS3FEdGpsTmNhOUFGOGE2NWpUbWxEeENRDQpDam50TElXazVPTExWa0Z0OS90U2NjMUdEdGNpNTVvZmhhTkFZTVBpSDdWOCsxZzY2cEdIWEFvV0s2QVFWSDY3DQpYQ0tKbkdCNW5sUStIc01ZUFYvTzQ5TGQ5MVpOLzJ0SGtjYUxMeU50eXd4VlBSU3NSaDQ4MGpqdTBmY0NzdjZoDQpwLzB5WG5UQi8vbVd1dEJHcGRVbElid2lJVGJBbXJzYlluamlnUnZuUHFYMVJOSlViaTlGcDZDMmMvSElGSkdEDQp5d0lEQVFBQk1BMEdDU3FHU0liM0RRRUJCUVVBQTRJQkFRQ2hPNWhnY3cvNG9XZm9FRkx1OWtCYTFCLy9reEg4DQpoUWtDaFZObjhCUkM3WTBVUlFpdFBsM0RLRWVkOVVSQkRkZzJLT0F6NzdiYjZFTlBpbGlEK2EzOFVKSElSTXFlDQpVQkhobGxPSEl6dkRoSEZiYW92QUxCUWNlZUJ6ZGtReHNLUUVTS21RbVI4MzI5NTBVQ292b3lSQjYxVXlBVjdoDQorbVpoWVBHUktYS1NKSTZzMEVnZy9DcmkrQ3drNGJqSmZyYjVoVnNlMTF5aDREOU1IaHdTZkNPSCswejRoUFVUDQpGa3U3ZEdhdlVSTzVTVnhNbi9zTDZFbjVEK29TZVhrYWRIcERzK0FpcnltMllIaDE1aDAralBTT29SNnlpVnAvDQo2elplWmtyTjQza3VTNzNLcEtERmpmRlBoOHQ0cjFnT0lqdHRrTmNRcUJjY3VzbnBsUTdISnBzaw0KLS0tLS1FTkQgQ0VSVElGSUNBVEUtLS0tLQ0KDQo8L2NlcnQ+DQoNCjxrZXk+DQotLS0tLUJFR0lOIFJTQSBQUklWQVRFIEtFWS0tLS0tDQpNSUlFcEFJQkFBS0NBUUVBNWgybGdRUVlVandvS1lKYnpWWkE1VmNJR2Q1b3RQYy9xWlJNdDBLSXRDRkEwczlSDQp3UmVOVmE5ZkRSRkxSQmhjSVRPbHYzRkJjVzNFOGgxVXM3UkQ0VzhHbUplOHphcEpuTHNEMzlPU01SQ3paSm5jDQp6VzRPQ0gxUFpSWldLcUR0amxOY2E5QUY4YTY1alRtbER4Q1FDam50TElXazVPTExWa0Z0OS90U2NjMUdEdGNpDQo1NW9maGFOQVlNUGlIN1Y4KzFnNjZwR0hYQW9XSzZBUVZINjdYQ0tKbkdCNW5sUStIc01ZUFYvTzQ5TGQ5MVpODQovMnRIa2NhTEx5TnR5d3hWUFJTc1JoNDgwamp1MGZjQ3N2NmhwLzB5WG5UQi8vbVd1dEJHcGRVbElid2lJVGJBDQptcnNiWW5qaWdSdm5QcVgxUk5KVWJpOUZwNkMyYy9ISUZKR0R5d0lEQVFBQkFvSUJBRVJWN1g1QXZ4QTh1UmlLDQprOFNJcHNEMGRYMXBKT01Jd2FrVVZ5dmM0RWZOMERoS1JOYjRyWW9TaUVHVEx5ekxweUJjL0EyOERsa201ZU9ZDQpmanpYZllrR3RZaS9GdHhrZzNPOXZjck1RNCs2aSt1R0hhSUwyckwrczRNcmZPOHYxeHY2K1dreTMzRUVHQ291DQpRaXdWR1JGUVhuUm9RNjJOQkNGYlVOTGhtWHdkajFha1p6TFU0cDVSNHpBM1FoZHh3RUlhdFZMdDArN293TFEzDQpsUDhzZlhocHBQT1hqVHFNRDRRa1l3elBBYTgvekY3YWNuNGtyeXJVUDdRNlBBZmQwekVWcU55OVpDWjlmZmhvDQp6WGVkRmo0ODZJRm9jNWduVHAyTjZqc25WajRMQ0dJaGxWSGxZR296S0tGcUpjUVZHc0hDcXExb3oyempXNkxTDQpvUllJSGdFQ2dZRUE4elpya0N3TllTWEp1T0RKM20vaE9MVnhjeGdKdXdYb2lFcldkMEU0MnZQYW5qalZNaG50DQpLWTVsOHFHTUo2RmhLOUxZeDJxQ3JmL0UwWHRVQVoyd1ZxM09SVHlHbnNNV3JlOXRMWXM1NVgrWk4xMFRjNzV6DQo0aGFjYlUwaHFLTjFIaURtc01SWTMvMk5hWkhveTdNS253SkpCYUc0OGw5Q0NUbFZ3TUhvY0lFQ2dZRUE4amJ5DQpkR2p4VEgrNlhIV05pemI1U1JiWnhBbnlFZUplUndUTWgwZ0d6d0dQcEgvc1pZR3p5dTBTeVNYV0NuWmgzUmdxDQo1dUxsTnh0clhybGpabHlpMm5RZFFnc3EyWXJXVXMwK3pnVSsyMnVRc1pwU0FmdG1oVnJ0dmV0Nk1qVmpiQnlZDQpEQURjaUVWVWRKWUlYaytxbkZVSnllcm9MSWtUajdXWUtaNlJqa3NDZ1lCb0NGSXdSRGVnNDJvSzg5UkZtbk9yDQpMeW1OQXE0KzJvTWhzV2xWYjRlaldJV2VBazluYytHWFVmclhzelJoUzAxbVVuVTVyNXlnVXZSY2FyVi9UM1U3DQpUbk1aK0k3WTREZ1dSSURkNTF6bmh4SUJ0WVY1ai9DL3Q4NUhqcU9rSCs4YjZSVGtiY2hhWDNtYXU3ZnBVZmRzDQpGcTBuaElxNDJmaEVPOHNyZllZd2dRS0JnUUN5aGkxTi84dGFSd3BrKzMvSURFelF3amJmZHpVa1dXU0RrOVhzDQpIL3BrdVJIV2ZUTVAzZmxXcUVZZ1cvTFc0MHBlVzJIRHE1aW1kVjgrQWdaeGUvWE1iYWppOUxnd2YxUlkwMDVuDQpLeGFaUXo3eXFIdXBXbExHRjY4RFBIeGtaVlZTYWdEblYvc3p0V1g2U0ZzQ3FGVm54SVhpZlhHQzRjVzVObTlnDQp2YThxNFFLQmdRQ0VoTFZlVWZkd0t2a1o5NGcvR0Z6NzMxWjJocmRWaGdNWmFVL3U2dDBWOTUrWWV6UE5DUVpCDQp3bUU5TW1sYnExZW1EZVJPaXZqQ2ZvR2hSM2taWFcxcFRLbExoNlpNVVFVT3BwdGRYdmE4WHhmb3FRd2EzZW5BDQpNN211QmJGMFhON1ZPODBpSlB2K1BtSVpkRUlBa3B3S2ZpMjAxWUIrQmFmQ0l1R3hJRjUwVmc9PQ0KLS0tLS1FTkQgUlNBIFBSSVZBVEUgS0VZLS0tLS0NCg0KPC9rZXk+DQoNCg==
public-vpn-222,219.100.37.183,1348932,15,3712133575,Japan,JP,154,1076291068,73806,5438236315152,2weeks,Daiyuu Nobori_ Japan. Academic Use Only.,,IyMjIyMjIyMjIyMjIyMjIyMjIyMjIyMjIyMjIyMjIyMjIyMjIyMjIyMjIyMjIyMjIyMjIyMjIyMjIyMjIyMjIyMjIyMjIyMjIyMjIyMjIw0KIyBPcGVuVlBOIDIuMCBTYW1wbGUgQ29uZmlndXJhdGlvbiBGaWxlDQojIGZvciBQYWNrZXRpWCBWUE4gLyBTb2Z0RXRoZXIgVlBOIFNlcnZlcg0KIyANCiMgISEhIEFVVE8tR0VORVJBVEVEIEJZIFNPRlRFVEhFUiBWUE4gU0VSVkVSIE1BTkFHRU1FTlQgVE9PTCAhISENCiMgDQojICEhISBZT1UgSEFWRSBUTyBSRVZJRVcgSVQgQkVGT1JFIFVTRSBBTkQgTU9ESUZZIElUIEFTIE5FQ0VTU0FSWSAhISENCiMgDQojIFRoaXMgY29uZmlndXJhdGlvbiBmaWxlIGlzIGF1dG8tZ2VuZXJhdGVkLiBZb3UgbWlnaHQgdXNlIHRoaXMgY29uZmlnIGZpbGUNCiMgaW4gb3JkZXIgdG8gY29ubmVjdCB0byB0aGUgUGFja2V0aVggVlBOIC8gU29mdEV0aGVyIFZQTiBTZXJ2ZXIuDQojIEhvd2V2ZXIsIGJlZm9yZSB5b3UgdHJ5IGl0LCB5b3Ugc2hvdWxkIHJldmlldyB0aGUgZGVzY3JpcHRpb25zIG9mIHRoZSBmaWxlDQojIHRvIGRldGVybWluZSB0aGUgbmVjZXNzaXR5IHRvIG1vZGlmeSB0byBzdWl0YWJsZSBmb3IgeW91ciByZWFsIGVudmlyb25tZW50Lg0KIyBJZiBuZWNlc3NhcnksIHlvdSBoYXZlIHRvIG1vZGlmeSBhIGxpdHRsZSBhZGVxdWF0ZWx5IG9uIHRoZSBmaWxlLg0KIyBGb3IgZXhhbXBsZSwgdGhlIElQIGFkZHJlc3Mgb3IgdGhlIGhvc3RuYW1lIGFzIGEgZGVzdGluYXRpb24gVlBOIFNlcnZlcg0KIyBzaG91bGQgYmUgY29uZmlybWVkLg0KIyANCiMgTm90ZSB0aGF0IHRvIHVzZSBPcGVuVlBOIDIuMCwgeW91IGhhdmUgdG8gcHV0IHRoZSBjZXJ0aWZpY2F0aW9uIGZpbGUgb2YNCiMgdGhlIGRlc3RpbmF0aW9uIFZQTiBTZXJ2ZXIgb24gdGhlIE9wZW5WUE4gQ2xpZW50IGNvbXB1dGVyIHdoZW4geW91IHVzZSB0aGlzDQojIGNvbmZpZyBmaWxlLiBQbGVhc2UgcmVmZXIgdGhlIGJlbG93IGRlc2NyaXB0aW9ucyBjYXJlZnVsbHkuDQoNCg0KIyMjIyMjIyMjIyMjIyMjIyMjIyMjIyMjIyMjIyMjIyMjIyMjIyMjIyMjIyMjIyMjIyMjIyMjIyMjIyMjIyMjIyMjIyMjIyMjIyMjIyMjIw0KIyBTcGVjaWZ5IHRoZSB0eXBlIG9mIHRoZSBsYXllciBvZiB0aGUgVlBOIGNvbm5lY3Rpb24uDQojIA0KIyBUbyBjb25uZWN0IHRvIHRoZSBWUE4gU2VydmVyIGFzIGEgIlJlbW90ZS1BY2Nlc3MgVlBOIENsaWVudCBQQyIsDQojICBzcGVjaWZ5ICdkZXYgdHVuJy4gKExheWVyLTMgSVAgUm91dGluZyBNb2RlKQ0KIw0KIyBUbyBjb25uZWN0IHRvIHRoZSBWUE4gU2VydmVyIGFzIGEgYnJpZGdpbmcgZXF1aXBtZW50IG9mICJTaXRlLXRvLVNpdGUgVlBOIiwNCiMgIHNwZWNpZnkgJ2RldiB0YXAnLiAoTGF5ZXItMiBFdGhlcm5ldCBCcmlkZ2luZSBNb2RlKQ0KDQpkZXYgdHVuDQoNCg0KIyMjIyMjIyMjIyMjIyMjIyMjIyMjIyMjIyMjIyMjIyMjIyMjIyMjIyMjIyMjIyMjIyMjIyMjIyMjIyMjIyMjIyMjIyMjIyMjIyMjIyMjIw0KIyBTcGVjaWZ5IHRoZSB1bmRlcmx5aW5nIHByb3RvY29sIGJleW9uZCB0aGUgSW50ZXJuZXQuDQojIE5vdGUgdGhhdCB0aGlzIHNldHRpbmcgbXVzdCBiZSBjb3JyZXNwb25kIHdpdGggdGhlIGxpc3RlbmluZyBzZXR0aW5nIG9uDQojIHRoZSBWUE4gU2VydmVyLg0KIyANCiMgU3BlY2lmeSBlaXRoZXIgJ3Byb3RvIHRjcCcgb3IgJ3Byb3RvIHVkcCcuDQoNCnByb3RvIHRjcA0KDQoNCiMjIyMjIyMjIyMjIyMjIyMjIyMjIyMjIyMjIyMjIyMjIyMjIyMjIyMjIyMjIyMjIyMjIyMjIyMjIyMjIyMjIyMjIyMjIyMjIyMjIyMjIyMNCiMgVGhlIGRlc3RpbmF0aW9uIGhvc3RuYW1lIC8gSVAgYWRkcmVzcywgYW5kIHBvcnQgbnVtYmVyIG9mDQojIHRoZSB0YXJnZXQgVlBOIFNlcnZlci4NCiMgDQojIFlvdSBoYXZlIHRvIHNwZWNpZnkgYXMgJ3JlbW90ZSA8SE9TVE5BTUU+IDxQT1JUPicuIFlvdSBjYW4gYWxzbw0KIyBzcGVjaWZ5IHRoZSBJUCBhZGRyZXNzIGluc3RlYWQgb2YgdGhlIGhvc3RuYW1lLg0KIyANCiMgTm90ZSB0aGF0IHRoZSBhdXRvLWdlbmVyYXRlZCBiZWxvdyBob3N0bmFtZSBhcmUgYSAiYXV0by1kZXRlY3RlZA0KIyBJUCBhZGRyZXNzIiBvZiB0aGUgVlBOIFNlcnZlci4gWW91IGhhdmUgdG8gY29uZmlybSB0aGUgY29ycmVjdG5lc3MNCiMgYmVmb3JlaGFuZC4NCiMgDQojIFdoZW4geW91IHdhbnQgdG8gY29ubmVjdCB0byB0aGUgVlBOIFNlcnZlciBieSB1c2luZyBUQ1AgcHJvdG9jb2wsDQojIHRoZSBwb3J0IG51bWJlciBvZiB0aGUgZGVzdGluYXRpb24gVENQIHBvcnQgc2hvdWxkIGJlIHNhbWUgYXMgb25lIG9mDQojIHRoZSBhdmFpbGFibGUgVENQIGxpc3RlbmVycyBvbiB0aGUgVlBOIFNlcnZlci4NCiMgDQojIFdoZW4geW91IHVzZSBVRFAgcHJvdG9jb2wsIHRoZSBwb3J0IG51bWJlciBtdXN0IHNhbWUgYXMgdGhlIGNvbmZpZ3VyYXRpb24NCiMgc2V0dGluZyBvZiAiT3BlblZQTiBTZXJ2ZXIgQ29tcGF0aWJsZSBGdW5jdGlvbiIgb24gdGhlIFZQTiBTZXJ2ZXIuDQoNCnJlbW90ZSAyMTkuMTAwLjM3LjE4MyA0NDMNCg0KDQojIyMjIyMjIyMjIyMjIyMjIyMjIyMjIyMjIyMjIyMjIyMjIyMjIyMjIyMjIyMjIyMjIyMjIyMjIyMjIyMjIyMjIyMjIyMjIyMjIyMjIyMjDQojIFRoZSBIVFRQL0hUVFBTIHByb3h5IHNldHRpbmcuDQojIA0KIyBPbmx5IGlmIHlvdSBoYXZlIHRvIHVzZSB0aGUgSW50ZXJuZXQgdmlhIGEgcHJveHksIHVuY29tbWVudCB0aGUgYmVsb3cNCiMgdHdvIGxpbmVzIGFuZCBzcGVjaWZ5IHRoZSBwcm94eSBhZGRyZXNzIGFuZCB0aGUgcG9ydCBudW1iZXIuDQojIEluIHRoZSBjYXNlIG9mIHVzaW5nIHByb3h5LWF1dGhlbnRpY2F0aW9uLCByZWZlciB0aGUgT3BlblZQTiBtYW51YWwuDQoNCjtodHRwLXByb3h5LXJldHJ5DQo7aHR0cC1wcm94eSBbcHJveHkgc2VydmVyXSBbcHJveHkgcG9ydF0NCg0KDQojIyMjIyMjIyMjIyMjIyMjIyMjIyMjIyMjIyMjIyMjIyMjIyMjIyMjIyMjIyMjIyMjIyMjIyMjIyMjIyMjIyMjIyMjIyMjIyMjIyMjIyMjDQojIFRoZSBlbmNyeXB0aW9uIGFuZCBhdXRoZW50aWNhdGlvbiBhbGdvcml0aG0uDQojIA0KIyBEZWZhdWx0IHNldHRpbmcgaXMgZ29vZC4gTW9kaWZ5IGl0IGFzIHlvdSBwcmVmZXIuDQojIFdoZW4geW91IHNwZWNpZnkgYW4gdW5zdXBwb3J0ZWQgYWxnb3JpdGhtLCB0aGUgZXJyb3Igd2lsbCBvY2N1ci4NCiMgDQojIFRoZSBzdXBwb3J0ZWQgYWxnb3JpdGhtcyBhcmUgYXMgZm9sbG93czoNCiMgIGNpcGhlcjogW05VTEwtQ0lQSEVSXSBOVUxMIEFFUy0xMjgtQ0JDIEFFUy0xOTItQ0JDIEFFUy0yNTYtQ0JDIEJGLUNCQw0KIyAgICAgICAgICBDQVNULUNCQyBDQVNUNS1DQkMgREVTLUNCQyBERVMtRURFLUNCQyBERVMtRURFMy1DQkMgREVTWC1DQkMNCiMgICAgICAgICAgUkMyLTQwLUNCQyBSQzItNjQtQ0JDIFJDMi1DQkMNCiMgIGF1dGg6ICAgU0hBIFNIQTEgTUQ1IE1ENCBSTUQxNjANCg0KY2lwaGVyIEFFUy0xMjgtQ0JDDQphdXRoIFNIQTENCg0KDQojIyMjIyMjIyMjIyMjIyMjIyMjIyMjIyMjIyMjIyMjIyMjIyMjIyMjIyMjIyMjIyMjIyMjIyMjIyMjIyMjIyMjIyMjIyMjIyMjIyMjIyMjDQojIE90aGVyIHBhcmFtZXRlcnMgbmVjZXNzYXJ5IHRvIGNvbm5lY3QgdG8gdGhlIFZQTiBTZXJ2ZXIuDQojIA0KIyBJdCBpcyBub3QgcmVjb21tZW5kZWQgdG8gbW9kaWZ5IGl0IHVubGVzcyB5b3UgaGF2ZSBhIHBhcnRpY3VsYXIgbmVlZC4NCg0KcmVzb2x2LXJldHJ5IGluZmluaXRlDQpub2JpbmQNCnBlcnNpc3Qta2V5DQpwZXJzaXN0LXR1bg0KY2xpZW50DQp2ZXJiIDMNCiNhdXRoLXVzZXItcGFzcw0KDQoNCiMjIyMjIyMjIyMjIyMjIyMjIyMjIyMjIyMjIyMjIyMjIyMjIyMjIyMjIyMjIyMjIyMjIyMjIyMjIyMjIyMjIyMjIyMjIyMjIyMjIyMjIyMNCiMgVGhlIGNlcnRpZmljYXRlIGZpbGUgb2YgdGhlIGRlc3RpbmF0aW9uIFZQTiBTZXJ2ZXIuDQojIA0KIyBUaGUgQ0EgY2VydGlmaWNhdGUgZmlsZSBpcyBlbWJlZGRlZCBpbiB0aGUgaW5saW5lIGZvcm1hdC4NCiMgWW91IGNhbiByZXBsYWNlIHRoaXMgQ0EgY29udGVudHMgaWYgbmVjZXNzYXJ5Lg0KIyBQbGVhc2Ugbm90ZSB0aGF0IGlmIHRoZSBzZXJ2ZXIgY2VydGlmaWNhdGUgaXMgbm90IGEgc2VsZi1zaWduZWQsIHlvdSBoYXZlIHRvDQojIHNwZWNpZnkgdGhlIHNpZ25lcidzIHJvb3QgY2VydGlmaWNhdGUgKENBKSBoZXJlLg0KDQo8Y2E+DQotLS0tLUJFR0lOIENFUlRJRklDQVRFLS0tLS0NCk1JSUZhekNDQTFPZ0F3SUJBZ0lSQUlJUXo3RFNRT05aUkdQZ3UyT0Npd0F3RFFZSktvWklodmNOQVFFTEJRQXcNClR6RUxNQWtHQTFVRUJoTUNWVk14S1RBbkJnTlZCQW9USUVsdWRHVnlibVYwSUZObFkzVnlhWFI1SUZKbGMyVmgNCmNtTm9JRWR5YjNWd01SVXdFd1lEVlFRREV3eEpVMUpISUZKdmIzUWdXREV3SGhjTk1UVXdOakEwTVRFd05ETTQNCldoY05NelV3TmpBME1URXdORE00V2pCUE1Rc3dDUVlEVlFRR0V3SlZVekVwTUNjR0ExVUVDaE1nU1c1MFpYSnUNClpYUWdVMlZqZFhKcGRIa2dVbVZ6WldGeVkyZ2dSM0p2ZFhBeEZUQVRCZ05WQkFNVERFbFRVa2NnVW05dmRDQlkNCk1UQ0NBaUl3RFFZSktvWklodmNOQVFFQkJRQURnZ0lQQURDQ0Fnb0NnZ0lCQUszb0pIUDBGRGZ6bTU0clZ5Z2MNCmg3N2N0OTg0a0l4dVBPWlhvSGozZGNLaS92VnFidllBVHlqYjNtaUdiRVNUdHJGai9SUVNhNzhmMHVveG15RisNCjBUTTh1a2oxM1huZnM3ai9FdkVobWt2QmlvWnhhVXBtWm15UGZqeHd2NjBwSWdiejVNRG1nSzdpUzQrM21YNlUNCkE1L1RSNWQ4bVVnalUrZzRyazhLYjRNdTBVbFhqSUIwdHRvdjBEaU5ld053SVJ0MThqQTgrbyt1M2RwanErc1cNClQ4S09FVXQrend2by83VjNMdlN5ZTByZ1RCSWxESENOQXltZzRWTWs3QlBaN2htL0VMTktqRCtKbzJGUjNxeUgNCkI1VDBZM0hzTHVKdlc1aUI0WWxjTkhsc2R1ODdrR0o1NXR1a21pOG14ZEFRNFE3ZTJSQ09GdnUzOTZqM3grVUMNCkI1aVBOZ2lWNStJM2xnMDJkWjc3RG5LeEhadThBL2xKQmRpQjNRVzBLdFpCNmF3QmRwVUtEOWpmMWIwU0h6VXYNCktCZHMwcGpCcUFsa2QyNUhON3JPckZsZWFKMS9jdGFKeFFaQktUNVpQdDBtOVNUSkVhZGFvMHhBSDBhaG1iV24NCk9sRnVoanVlZlhLbkVnVjRXZTArVVhnVkN3T1BqZEF2QmJJK2Uwb2NTM01GRXZ6RzZ1QlFFM3hEazNTenluVG4NCmpoOEJDTkF3MUZ0eE5yUUh1c0V3TUZ4SXQ0STdtS1o5WUlxaW95bUN6THE5Z3dRYm9vTURRYUhXQmZFYndyYncNCnFIeUdPMGFvU0NxSTNIYWFkcjhmYXFVOUdZL3JPUE5rM3NnckRRb28vL2ZiNGhWQzFDTFFKMTNoZWY0WTUzQ0kNCnJVN20yWXM2eHQwblVXNy92R1QxTTBOUEFnTUJBQUdqUWpCQU1BNEdBMVVkRHdFQi93UUVBd0lCQmpBUEJnTlYNCkhSTUJBZjhFQlRBREFRSC9NQjBHQTFVZERnUVdCQlI1dEZubWU3Ymw1QUZ6Z0FpSXlCcFk5dW1iYmpBTkJna3ENCmhraUc5dzBCQVFzRkFBT0NBZ0VBVlI5WXFieXlxRkRRRExIWUdta2dKeWtJckdGMVhJcHUrSUxsYVMvVjlsWkwNCnViaHpFRm5USVpkKzUweHgrN0xTWUswNXFBdnFGeUZXaGZGUURsbnJ6dUJaNmJySkZlK0duWStFZ1BiazZaR1ENCjNCZWJZaHRGOEdhVjBueHZ3dW83N3gvUHk5YXVKL0dwc01pdS9YMSttdm9pQk92LzJYL3FrU3Npc1JjT2ovS0sNCk5GdFkyUHdCeVZTNXVDYk1pb2d6aVV3dGhEeUMzKzZXVndXNkxMdjN4TGZIVGp1Q3ZqSElJbk56a3RIQ2dLUTUNCk9SQXpJNEpNUEorR3NsV1lIYjRwaG93aW01N2lhenRYT29Kd1Rkd0p4NG5MQ2dkTmJPaGRqc252enF2SHU3VXINClRrWFdTdEFtek9WeXlnaHFwWlhqRmFIM3BPM0pMRitsKy8rc0tBSXV2dGQ3dStOeGU1QVcwd2RlUmxOOE53ZEMNCmpOUEVscHpWbWJVcTRKVWFnRWl1VERrSHpzeEhwRktWSzdxNCs2M1NNMU45NVIxTmJkV2hzY2RDYitaQUp6VmMNCm95aTNCNDNualRPUTV5T2YrMUNjZVd4RzFiUVZzNVp1ZnBzTWxqcTRVaTAvMWx2aCt3akNoUDRrcUtPSjJxeHENCjRSZ3FzYWhEWVZ2VEg5dzdqWGJ5TGVpTmRkOFhNMnc5VS90N3kwRmYvOXlpMEdFNDRaYTRyRjJMTjlkMTFUUEENCm1SR3VuVUhCY25XRXZnSkJRbDluSkVpVTBac252Z2MvdWJoUGdYUlI0WHEzN1owajRyN2cxU2dFRXp3eEE1N2QNCmVteVB4Z2NZeG4vZVI0NC9LSjRFQnMrbFZEUjN2ZXlKbStrWFE5OWIyMS8ramg1WG9zMUFuWDVpSXRyZUdDYz0NCi0tLS0tRU5EIENFUlRJRklDQVRFLS0tLS0NCg0KPC9jYT4NCg0KDQojIyMjIyMjIyMjIyMjIyMjIyMjIyMjIyMjIyMjIyMjIyMjIyMjIyMjIyMjIyMjIyMjIyMjIyMjIyMjIyMjIyMjIyMjIyMjIyMjIyMjIyMjDQojIFRoZSBjbGllbnQgY2VydGlmaWNhdGUgZmlsZSAoZHVtbXkpLg0KIyANCiMgSW4gc29tZSBpbXBsZW1lbnRhdGlvbnMgb2YgT3BlblZQTiBDbGllbnQgc29mdHdhcmUNCiMgKGZvciBleGFtcGxlOiBPcGVuVlBOIENsaWVudCBmb3IgaU9TKSwNCiMgYSBwYWlyIG9mIGNsaWVudCBjZXJ0aWZpY2F0ZSBhbmQgcHJpdmF0ZSBrZXkgbXVzdCBiZSBpbmNsdWRlZCBvbiB0aGUNCiMgY29uZmlndXJhdGlvbiBmaWxlIGR1ZSB0byB0aGUgbGltaXRhdGlvbiBvZiB0aGUgY2xpZW50Lg0KIyBTbyB0aGlzIHNhbXBsZSBjb25maWd1cmF0aW9uIGZpbGUgaGFzIGEgZHVtbXkgcGFpciBvZiBjbGllbnQgY2VydGlmaWNhdGUNCiMgYW5kIHByaXZhdGUga2V5IGFzIGZvbGxvd3MuDQoNCjxjZXJ0Pg0KLS0tLS1CRUdJTiBDRVJUSUZJQ0FURS0tLS0tDQpNSUlDeGpDQ0FhNENBUUF3RFFZSktvWklodmNOQVFFRkJRQXdLVEVhTUJnR0ExVUVBeE1SVmxCT1IyRjBaVU5zDQphV1Z1ZEVObGNuUXhDekFKQmdOVkJBWVRBa3BRTUI0WERURXpNREl4TVRBek5EazBPVm9YRFRNM01ERXhPVEF6DQpNVFF3TjFvd0tURWFNQmdHQTFVRUF4TVJWbEJPUjJGMFpVTnNhV1Z1ZEVObGNuUXhDekFKQmdOVkJBWVRBa3BRDQpNSUlCSWpBTkJna3Foa2lHOXcwQkFRRUZBQU9DQVE4QU1JSUJDZ0tDQVFFQTVoMmxnUVFZVWp3b0tZSmJ6VlpBDQo1VmNJR2Q1b3RQYy9xWlJNdDBLSXRDRkEwczlSd1JlTlZhOWZEUkZMUkJoY0lUT2x2M0ZCY1czRThoMVVzN1JEDQo0VzhHbUplOHphcEpuTHNEMzlPU01SQ3paSm5jelc0T0NIMVBaUlpXS3FEdGpsTmNhOUFGOGE2NWpUbWxEeENRDQpDam50TElXazVPTExWa0Z0OS90U2NjMUdEdGNpNTVvZmhhTkFZTVBpSDdWOCsxZzY2cEdIWEFvV0s2QVFWSDY3DQpYQ0tKbkdCNW5sUStIc01ZUFYvTzQ5TGQ5MVpOLzJ0SGtjYUxMeU50eXd4VlBSU3NSaDQ4MGpqdTBmY0NzdjZoDQpwLzB5WG5UQi8vbVd1dEJHcGRVbElid2lJVGJBbXJzYlluamlnUnZuUHFYMVJOSlViaTlGcDZDMmMvSElGSkdEDQp5d0lEQVFBQk1BMEdDU3FHU0liM0RRRUJCUVVBQTRJQkFRQ2hPNWhnY3cvNG9XZm9FRkx1OWtCYTFCLy9reEg4DQpoUWtDaFZObjhCUkM3WTBVUlFpdFBsM0RLRWVkOVVSQkRkZzJLT0F6NzdiYjZFTlBpbGlEK2EzOFVKSElSTXFlDQpVQkhobGxPSEl6dkRoSEZiYW92QUxCUWNlZUJ6ZGtReHNLUUVTS21RbVI4MzI5NTBVQ292b3lSQjYxVXlBVjdoDQorbVpoWVBHUktYS1NKSTZzMEVnZy9DcmkrQ3drNGJqSmZyYjVoVnNlMTF5aDREOU1IaHdTZkNPSCswejRoUFVUDQpGa3U3ZEdhdlVSTzVTVnhNbi9zTDZFbjVEK29TZVhrYWRIcERzK0FpcnltMllIaDE1aDAralBTT29SNnlpVnAvDQo2elplWmtyTjQza3VTNzNLcEtERmpmRlBoOHQ0cjFnT0lqdHRrTmNRcUJjY3VzbnBsUTdISnBzaw0KLS0tLS1FTkQgQ0VSVElGSUNBVEUtLS0tLQ0KDQo8L2NlcnQ+DQoNCjxrZXk+DQotLS0tLUJFR0lOIFJTQSBQUklWQVRFIEtFWS0tLS0tDQpNSUlFcEFJQkFBS0NBUUVBNWgybGdRUVlVandvS1lKYnpWWkE1VmNJR2Q1b3RQYy9xWlJNdDBLSXRDRkEwczlSDQp3UmVOVmE5ZkRSRkxSQmhjSVRPbHYzRkJjVzNFOGgxVXM3UkQ0VzhHbUplOHphcEpuTHNEMzlPU01SQ3paSm5jDQp6VzRPQ0gxUFpSWldLcUR0amxOY2E5QUY4YTY1alRtbER4Q1FDam50TElXazVPTExWa0Z0OS90U2NjMUdEdGNpDQo1NW9maGFOQVlNUGlIN1Y4KzFnNjZwR0hYQW9XSzZBUVZINjdYQ0tKbkdCNW5sUStIc01ZUFYvTzQ5TGQ5MVpODQovMnRIa2NhTEx5TnR5d3hWUFJTc1JoNDgwamp1MGZjQ3N2NmhwLzB5WG5UQi8vbVd1dEJHcGRVbElid2lJVGJBDQptcnNiWW5qaWdSdm5QcVgxUk5KVWJpOUZwNkMyYy9ISUZKR0R5d0lEQVFBQkFvSUJBRVJWN1g1QXZ4QTh1UmlLDQprOFNJcHNEMGRYMXBKT01Jd2FrVVZ5dmM0RWZOMERoS1JOYjRyWW9TaUVHVEx5ekxweUJjL0EyOERsa201ZU9ZDQpmanpYZllrR3RZaS9GdHhrZzNPOXZjck1RNCs2aSt1R0hhSUwyckwrczRNcmZPOHYxeHY2K1dreTMzRUVHQ291DQpRaXdWR1JGUVhuUm9RNjJOQkNGYlVOTGhtWHdkajFha1p6TFU0cDVSNHpBM1FoZHh3RUlhdFZMdDArN293TFEzDQpsUDhzZlhocHBQT1hqVHFNRDRRa1l3elBBYTgvekY3YWNuNGtyeXJVUDdRNlBBZmQwekVWcU55OVpDWjlmZmhvDQp6WGVkRmo0ODZJRm9jNWduVHAyTjZqc25WajRMQ0dJaGxWSGxZR296S0tGcUpjUVZHc0hDcXExb3oyempXNkxTDQpvUllJSGdFQ2dZRUE4elpya0N3TllTWEp1T0RKM20vaE9MVnhjeGdKdXdYb2lFcldkMEU0MnZQYW5qalZNaG50DQpLWTVsOHFHTUo2RmhLOUxZeDJxQ3JmL0UwWHRVQVoyd1ZxM09SVHlHbnNNV3JlOXRMWXM1NVgrWk4xMFRjNzV6DQo0aGFjYlUwaHFLTjFIaURtc01SWTMvMk5hWkhveTdNS253SkpCYUc0OGw5Q0NUbFZ3TUhvY0lFQ2dZRUE4amJ5DQpkR2p4VEgrNlhIV05pemI1U1JiWnhBbnlFZUplUndUTWgwZ0d6d0dQcEgvc1pZR3p5dTBTeVNYV0NuWmgzUmdxDQo1dUxsTnh0clhybGpabHlpMm5RZFFnc3EyWXJXVXMwK3pnVSsyMnVRc1pwU0FmdG1oVnJ0dmV0Nk1qVmpiQnlZDQpEQURjaUVWVWRKWUlYaytxbkZVSnllcm9MSWtUajdXWUtaNlJqa3NDZ1lCb0NGSXdSRGVnNDJvSzg5UkZtbk9yDQpMeW1OQXE0KzJvTWhzV2xWYjRlaldJV2VBazluYytHWFVmclhzelJoUzAxbVVuVTVyNXlnVXZSY2FyVi9UM1U3DQpUbk1aK0k3WTREZ1dSSURkNTF6bmh4SUJ0WVY1ai9DL3Q4NUhqcU9rSCs4YjZSVGtiY2hhWDNtYXU3ZnBVZmRzDQpGcTBuaElxNDJmaEVPOHNyZllZd2dRS0JnUUN5aGkxTi84dGFSd3BrKzMvSURFelF3amJmZHpVa1dXU0RrOVhzDQpIL3BrdVJIV2ZUTVAzZmxXcUVZZ1cvTFc0MHBlVzJIRHE1aW1kVjgrQWdaeGUvWE1iYWppOUxnd2YxUlkwMDVuDQpLeGFaUXo3eXFIdXBXbExHRjY4RFBIeGtaVlZTYWdEblYvc3p0V1g2U0ZzQ3FGVm54SVhpZlhHQzRjVzVObTlnDQp2YThxNFFLQmdRQ0VoTFZlVWZkd0t2a1o5NGcvR0Z6NzMxWjJocmRWaGdNWmFVL3U2dDBWOTUrWWV6UE5DUVpCDQp3bUU5TW1sYnExZW1EZVJPaXZqQ2ZvR2hSM2taWFcxcFRLbExoNlpNVVFVT3BwdGRYdmE4WHhmb3FRd2EzZW5BDQpNN211QmJGMFhON1ZPODBpSlB2K1BtSVpkRUlBa3B3S2ZpMjAxWUIrQmFmQ0l1R3hJRjUwVmc9PQ0KLS0tLS1FTkQgUlNBIFBSSVZBVEUgS0VZLS0tLS0NCg0KPC9rZXk+DQoNCg==
opengw,217.138.212.59,1300499,7,327544614,Romania,RO,172,482141507,5634364,975552618048898,2weeks,Japan VPN,こんにちは! Hello! Здравствуйте! 你好! سلام (^_^)/,IyMjIyMjIyMjIyMjIyMjIyMjIyMjIyMjIyMjIyMjIyMjIyMjIyMjIyMjIyMjIyMjIyMjIyMjIyMjIyMjIyMjIyMjIyMjIyMjIyMjIyMjIw0KIyBPcGVuVlBOIDIuMCBTYW1wbGUgQ29uZmlndXJhdGlvbiBGaWxlDQojIGZvciBQYWNrZXRpWCBWUE4gLyBTb2Z0RXRoZXIgVlBOIFNlcnZlcg0KIyANCiMgISEhIEFVVE8tR0VORVJBVEVEIEJZIFNPRlRFVEhFUiBWUE4gU0VSVkVSIE1BTkFHRU1FTlQgVE9PTCAhISENCiMgDQojICEhISBZT1UgSEFWRSBUTyBSRVZJRVcgSVQgQkVGT1JFIFVTRSBBTkQgTU9ESUZZIElUIEFTIE5FQ0VTU0FSWSAhISENCiMgDQojIFRoaXMgY29uZmlndXJhdGlvbiBmaWxlIGlzIGF1dG8tZ2VuZXJhdGVkLiBZb3UgbWlnaHQgdXNlIHRoaXMgY29uZmlnIGZpbGUNCiMgaW4gb3JkZXIgdG8gY29ubmVjdCB0byB0aGUgUGFja2V0aVggVlBOIC8gU29mdEV0aGVyIFZQTiBTZXJ2ZXIuDQojIEhvd2V2ZXIsIGJlZm9yZSB5b3UgdHJ5IGl0LCB5b3Ugc2hvdWxkIHJldmlldyB0aGUgZGVzY3JpcHRpb25zIG9mIHRoZSBmaWxlDQojIHRvIGRldGVybWluZSB0aGUgbmVjZXNzaXR5IHRvIG1vZGlmeSB0byBzdWl0YWJsZSBmb3IgeW91ciByZWFsIGVudmlyb25tZW50Lg0KIyBJZiBuZWNlc3NhcnksIHlvdSBoYXZlIHRvIG1vZGlmeSBhIGxpdHRsZSBhZGVxdWF0ZWx5IG9uIHRoZSBmaWxlLg0KIyBGb3IgZXhhbXBsZSwgdGhlIElQIGFkZHJlc3Mgb3IgdGhlIGhvc3RuYW1lIGFzIGEgZGVzdGluYXRpb24gVlBOIFNlcnZlcg0KIyBzaG91bGQgYmUgY29uZmlybWVkLg0KIyANCiMgTm90ZSB0aGF0IHRvIHVzZSBPcGVuVlBOIDIuMCwgeW91IGhhdmUgdG8gcHV0IHRoZSBjZXJ0aWZpY2F0aW9uIGZpbGUgb2YNCiMgdGhlIGRlc3RpbmF0aW9uIFZQTiBTZXJ2ZXIgb24gdGhlIE9wZW5WUE4gQ2xpZW50IGNvbXB1dGVyIHdoZW4geW91IHVzZSB0aGlzDQojIGNvbmZpZyBmaWxlLiBQbGVhc2UgcmVmZXIgdGhlIGJlbG93IGRlc2NyaXB0aW9ucyBjYXJlZnVsbHkuDQoNCg0KIyMjIyMjIyMjIyMjIyMjIyMjIyMjIyMjIyMjIyMjIyMjIyMjIyMjIyMjIyMjIyMjIyMjIyMjIyMjIyMjIyMjIyMjIyMjIyMjIyMjIyMjIw0KIyBTcGVjaWZ5IHRoZSB0eXBlIG9mIHRoZSBsYXllciBvZiB0aGUgVlBOIGNvbm5lY3Rpb24uDQojIA0KIyBUbyBjb25uZWN0IHRvIHRoZSBWUE4gU2VydmVyIGFzIGEgIlJlbW90ZS1BY2Nlc3MgVlBOIENsaWVudCBQQyIsDQojICBzcGVjaWZ5ICdkZXYgdHVuJy4gKExheWVyLTMgSVAgUm91dGluZyBNb2RlKQ0KIw0KIyBUbyBjb25uZWN0IHRvIHRoZSBWUE4gU2VydmVyIGFzIGEgYnJpZGdpbmcgZXF1aXBtZW50IG9mICJTaXRlLXRvLVNpdGUgVlBOIiwNCiMgIHNwZWNpZnkgJ2RldiB0YXAnLiAoTGF5ZXItMiBFdGhlcm5ldCBCcmlkZ2luZSBNb2RlKQ0KDQpkZXYgdHVuDQoNCg0KIyMjIyMjIyMjIyMjIyMjIyMjIyMjIyMjIyMjIyMjIyMjIyMjIyMjIyMjIyMjIyMjIyMjIyMjIyMjIyMjIyMjIyMjIyMjIyMjIyMjIyMjIw0KIyBTcGVjaWZ5IHRoZSB1bmRlcmx5aW5nIHByb3RvY29sIGJleW9uZCB0aGUgSW50ZXJuZXQuDQojIE5vdGUgdGhhdCB0aGlzIHNldHRpbmcgbXVzdCBiZSBjb3JyZXNwb25kIHdpdGggdGhlIGxpc3RlbmluZyBzZXR0aW5nIG9uDQojIHRoZSBWUE4gU2VydmVyLg0KIyANCiMgU3BlY2lmeSBlaXRoZXIgJ3Byb3RvIHRjcCcgb3IgJ3Byb3RvIHVkcCcuDQoNCnByb3RvIHRjcA0KDQoNCiMjIyMjIyMjIyMjIyMjIyMjIyMjIyMjIyMjIyMjIyMjIyMjIyMjIyMjIyMjIyMjIyMjIyMjIyMjIyMjIyMjIyMjIyMjIyMjIyMjIyMjIyMNCiMgVGhlIGRlc3RpbmF0aW9uIGhvc3RuYW1lIC8gSVAgYWRkcmVzcywgYW5kIHBvcnQgbnVtYmVyIG9mDQojIHRoZSB0YXJnZXQgVlBOIFNlcnZlci4NCiMgDQojIFlvdSBoYXZlIHRvIHNwZWNpZnkgYXMgJ3JlbW90ZSA8SE9TVE5BTUU+IDxQT1JUPicuIFlvdSBjYW4gYWxzbw0KIyBzcGVjaWZ5IHRoZSBJUCBhZGRyZXNzIGluc3RlYWQgb2YgdGhlIGhvc3RuYW1lLg0KIyANCiMgTm90ZSB0aGF0IHRoZSBhdXRvLWdlbmVyYXRlZCBiZWxvdyBob3N0bmFtZSBhcmUgYSAiYXV0by1kZXRlY3RlZA0KIyBJUCBhZGRyZXNzIiBvZiB0aGUgVlBOIFNlcnZlci4gWW91IGhhdmUgdG8gY29uZmlybSB0aGUgY29ycmVjdG5lc3MNCiMgYmVmb3JlaGFuZC4NCiMgDQojIFdoZW4geW91IHdhbnQgdG8gY29ubmVjdCB0byB0aGUgVlBOIFNlcnZlciBieSB1c2luZyBUQ1AgcHJvdG9jb2wsDQojIHRoZSBwb3J0IG51bWJlciBvZiB0aGUgZGVzdGluYXRpb24gVENQIHBvcnQgc2hvdWxkIGJlIHNhbWUgYXMgb25lIG9mDQojIHRoZSBhdmFpbGFibGUgVENQIGxpc3RlbmVycyBvbiB0aGUgVlBOIFNlcnZlci4NCiMgDQojIFdoZW4geW91IHVzZSBVRFAgcHJvdG9jb2wsIHRoZSBwb3J0IG51bWJlciBtdXN0IHNhbWUgYXMgdGhlIGNvbmZpZ3VyYXRpb24NCiMgc2V0dGluZyBvZiAiT3BlblZQTiBTZXJ2ZXIgQ29tcGF0aWJsZSBGdW5jdGlvbiIgb24gdGhlIFZQTiBTZXJ2ZXIuDQoNCnJlbW90ZSAyMTcuMTM4LjIxMi41OSA0NDMNCg0KDQojIyMjIyMjIyMjIyMjIyMjIyMjIyMjIyMjIyMjIyMjIyMjIyMjIyMjIyMjIyMjIyMjIyMjIyMjIyMjIyMjIyMjIyMjIyMjIyMjIyMjIyMjDQojIFRoZSBIVFRQL0hUVFBTIHByb3h5IHNldHRpbmcuDQojIA0KIyBPbmx5IGlmIHlvdSBoYXZlIHRvIHVzZSB0aGUgSW50ZXJuZXQgdmlhIGEgcHJveHksIHVuY29tbWVudCB0aGUgYmVsb3cNCiMgdHdvIGxpbmVzIGFuZCBzcGVjaWZ5IHRoZSBwcm94eSBhZGRyZXNzIGFuZCB0aGUgcG9ydCBudW1iZXIuDQojIEluIHRoZSBjYXNlIG9mIHVzaW5nIHByb3h5LWF1dGhlbnRpY2F0aW9uLCByZWZlciB0aGUgT3BlblZQTiBtYW51YWwuDQoNCjtodHRwLXByb3h5LXJldHJ5DQo7aHR0cC1wcm94eSBbcHJveHkgc2VydmVyXSBbcHJveHkgcG9ydF0NCg0KDQojIyMjIyMjIyMjIyMjIyMjIyMjIyMjIyMjIyMjIyMjIyMjIyMjIyMjIyMjIyMjIyMjIyMjIyMjIyMjIyMjIyMjIyMjIyMjIyMjIyMjIyMjDQojIFRoZSBlbmNyeXB0aW9uIGFuZCBhdXRoZW50aWNhdGlvbiBhbGdvcml0aG0uDQojIA0KIyBEZWZhdWx0IHNldHRpbmcgaXMgZ29vZC4gTW9kaWZ5IGl0IGFzIHlvdSBwcmVmZXIuDQojIFdoZW4geW91IHNwZWNpZnkgYW4gdW5zdXBwb3J0ZWQgYWxnb3JpdGhtLCB0aGUgZXJyb3Igd2lsbCBvY2N1ci4NCiMgDQojIFRoZSBzdXBwb3J0ZWQgYWxnb3JpdGhtcyBhcmUgYXMgZm9sbG93czoNCiMgIGNpcGhlcjogW05VTEwtQ0lQSEVSXSBOVUxMIEFFUy0xMjgtQ0JDIEFFUy0xOTItQ0JDIEFFUy0yNTYtQ0JDIEJGLUNCQw0KIyAgICAgICAgICBDQVNULUNCQyBDQVNUNS1DQkMgREVTLUNCQyBERVMtRURFLUNCQyBERVMtRURFMy1DQkMgREVTWC1DQkMNCiMgICAgICAgICAgUkMyLTQwLUNCQyBSQzItNjQtQ0JDIFJDMi1DQkMNCiMgIGF1dGg6ICAgU0hBIFNIQTEgTUQ1IE1ENCBSTUQxNjANCg0KY2lwaGVyIEFFUy0xMjgtQ0JDDQphdXRoIFNIQTENCg0KDQojIyMjIyMjIyMjIyMjIyMjIyMjIyMjIyMjIyMjIyMjIyMjIyMjIyMjIyMjIyMjIyMjIyMjIyMjIyMjIyMjIyMjIyMjIyMjIyMjIyMjIyMjDQojIE90aGVyIHBhcmFtZXRlcnMgbmVjZXNzYXJ5IHRvIGNvbm5lY3QgdG8gdGhlIFZQTiBTZXJ2ZXIuDQojIA0KIyBJdCBpcyBub3QgcmVjb21tZW5kZWQgdG8gbW9kaWZ5IGl0IHVubGVzcyB5b3UgaGF2ZSBhIHBhcnRpY3VsYXIgbmVlZC4NCg0KcmVzb2x2LXJldHJ5IGluZmluaXRlDQpub2JpbmQNCnBlcnNpc3Qta2V5DQpwZXJzaXN0LXR1bg0KY2xpZW50DQp2ZXJiIDMNCiNhdXRoLXVzZXItcGFzcw0KDQoNCiMjIyMjIyMjIyMjIyMjIyMjIyMjIyMjIyMjIyMjIyMjIyMjIyMjIyMjIyMjIyMjIyMjIyMjIyMjIyMjIyMjIyMjIyMjIyMjIyMjIyMjIyMNCiMgVGhlIGNlcnRpZmljYXRlIGZpbGUgb2YgdGhlIGRlc3RpbmF0aW9uIFZQTiBTZXJ2ZXIuDQojIA0KIyBUaGUgQ0EgY2VydGlmaWNhdGUgZmlsZSBpcyBlbWJlZGRlZCBpbiB0aGUgaW5saW5lIGZvcm1hdC4NCiMgWW91IGNhbiByZXBsYWNlIHRoaXMgQ0EgY29udGVudHMgaWYgbmVjZXNzYXJ5Lg0KIyBQbGVhc2Ugbm90ZSB0aGF0IGlmIHRoZSBzZXJ2ZXIgY2VydGlmaWNhdGUgaXMgbm90IGEgc2VsZi1zaWduZWQsIHlvdSBoYXZlIHRvDQojIHNwZWNpZnkgdGhlIHNpZ25lcidzIHJvb3QgY2VydGlmaWNhdGUgKENBKSBoZXJlLg0KDQo8Y2E+DQotLS0tLUJFR0lOIENFUlRJRklDQVRFLS0tLS0NCk1JSUZhekNDQTFPZ0F3SUJBZ0lSQUlJUXo3RFNRT05aUkdQZ3UyT0Npd0F3RFFZSktvWklodmNOQVFFTEJRQXcNClR6RUxNQWtHQTFVRUJoTUNWVk14S1RBbkJnTlZCQW9USUVsdWRHVnlibVYwSUZObFkzVnlhWFI1SUZKbGMyVmgNCmNtTm9JRWR5YjNWd01SVXdFd1lEVlFRREV3eEpVMUpISUZKdmIzUWdXREV3SGhjTk1UVXdOakEwTVRFd05ETTQNCldoY05NelV3TmpBME1URXdORE00V2pCUE1Rc3dDUVlEVlFRR0V3SlZVekVwTUNjR0ExVUVDaE1nU1c1MFpYSnUNClpYUWdVMlZqZFhKcGRIa2dVbVZ6WldGeVkyZ2dSM0p2ZFhBeEZUQVRCZ05WQkFNVERFbFRVa2NnVW05dmRDQlkNCk1UQ0NBaUl3RFFZSktvWklodmNOQVFFQkJRQURnZ0lQQURDQ0Fnb0NnZ0lCQUszb0pIUDBGRGZ6bTU0clZ5Z2MNCmg3N2N0OTg0a0l4dVBPWlhvSGozZGNLaS92VnFidllBVHlqYjNtaUdiRVNUdHJGai9SUVNhNzhmMHVveG15RisNCjBUTTh1a2oxM1huZnM3ai9FdkVobWt2QmlvWnhhVXBtWm15UGZqeHd2NjBwSWdiejVNRG1nSzdpUzQrM21YNlUNCkE1L1RSNWQ4bVVnalUrZzRyazhLYjRNdTBVbFhqSUIwdHRvdjBEaU5ld053SVJ0MThqQTgrbyt1M2RwanErc1cNClQ4S09FVXQrend2by83VjNMdlN5ZTByZ1RCSWxESENOQXltZzRWTWs3QlBaN2htL0VMTktqRCtKbzJGUjNxeUgNCkI1VDBZM0hzTHVKdlc1aUI0WWxjTkhsc2R1ODdrR0o1NXR1a21pOG14ZEFRNFE3ZTJSQ09GdnUzOTZqM3grVUMNCkI1aVBOZ2lWNStJM2xnMDJkWjc3RG5LeEhadThBL2xKQmRpQjNRVzBLdFpCNmF3QmRwVUtEOWpmMWIwU0h6VXYNCktCZHMwcGpCcUFsa2QyNUhON3JPckZsZWFKMS9jdGFKeFFaQktUNVpQdDBtOVNUSkVhZGFvMHhBSDBhaG1iV24NCk9sRnVoanVlZlhLbkVnVjRXZTArVVhnVkN3T1BqZEF2QmJJK2Uwb2NTM01GRXZ6RzZ1QlFFM3hEazNTenluVG4NCmpoOEJDTkF3MUZ0eE5yUUh1c0V3TUZ4SXQ0STdtS1o5WUlxaW95bUN6THE5Z3dRYm9vTURRYUhXQmZFYndyYncNCnFIeUdPMGFvU0NxSTNIYWFkcjhmYXFVOUdZL3JPUE5rM3NnckRRb28vL2ZiNGhWQzFDTFFKMTNoZWY0WTUzQ0kNCnJVN20yWXM2eHQwblVXNy92R1QxTTBOUEFnTUJBQUdqUWpCQU1BNEdBMVVkRHdFQi93UUVBd0lCQmpBUEJnTlYNCkhSTUJBZjhFQlRBREFRSC9NQjBHQTFVZERnUVdCQlI1dEZubWU3Ymw1QUZ6Z0FpSXlCcFk5dW1iYmpBTkJna3ENCmhraUc5dzBCQVFzRkFBT0NBZ0VBVlI5WXFieXlxRkRRRExIWUdta2dKeWtJckdGMVhJcHUrSUxsYVMvVjlsWkwNCnViaHpFRm5USVpkKzUweHgrN0xTWUswNXFBdnFGeUZXaGZGUURsbnJ6dUJaNmJySkZlK0duWStFZ1BiazZaR1ENCjNCZWJZaHRGOEdhVjBueHZ3dW83N3gvUHk5YXVKL0dwc01pdS9YMSttdm9pQk92LzJYL3FrU3Npc1JjT2ovS0sNCk5GdFkyUHdCeVZTNXVDYk1pb2d6aVV3dGhEeUMzKzZXVndXNkxMdjN4TGZIVGp1Q3ZqSElJbk56a3RIQ2dLUTUNCk9SQXpJNEpNUEorR3NsV1lIYjRwaG93aW01N2lhenRYT29Kd1Rkd0p4NG5MQ2dkTmJPaGRqc252enF2SHU3VXINClRrWFdTdEFtek9WeXlnaHFwWlhqRmFIM3BPM0pMRitsKy8rc0tBSXV2dGQ3dStOeGU1QVcwd2RlUmxOOE53ZEMNCmpOUEVscHpWbWJVcTRKVWFnRWl1VERrSHpzeEhwRktWSzdxNCs2M1NNMU45NVIxTmJkV2hzY2RDYitaQUp6VmMNCm95aTNCNDNualRPUTV5T2YrMUNjZVd4RzFiUVZzNVp1ZnBzTWxqcTRVaTAvMWx2aCt3akNoUDRrcUtPSjJxeHENCjRSZ3FzYWhEWVZ2VEg5dzdqWGJ5TGVpTmRkOFhNMnc5VS90N3kwRmYvOXlpMEdFNDRaYTRyRjJMTjlkMTFUUEENCm1SR3VuVUhCY25XRXZnSkJRbDluSkVpVTBac252Z2MvdWJoUGdYUlI0WHEzN1owajRyN2cxU2dFRXp3eEE1N2QNCmVteVB4Z2NZeG4vZVI0NC9LSjRFQnMrbFZEUjN2ZXlKbStrWFE5OWIyMS8ramg1WG9zMUFuWDVpSXRyZUdDYz0NCi0tLS0tRU5EIENFUlRJRklDQVRFLS0tLS0NCg0KPC9jYT4NCg0KDQojIyMjIyMjIyMjIyMjIyMjIyMjIyMjIyMjIyMjIyMjIyMjIyMjIyMjIyMjIyMjIyMjIyMjIyMjIyMjIyMjIyMjIyMjIyMjIyMjIyMjIyMjDQojIFRoZSBjbGllbnQgY2VydGlmaWNhdGUgZmlsZSAoZHVtbXkpLg0KIyANCiMgSW4gc29tZSBpbXBsZW1lbnRhdGlvbnMgb2YgT3BlblZQTiBDbGllbnQgc29mdHdhcmUNCiMgKGZvciBleGFtcGxlOiBPcGVuVlBOIENsaWVudCBmb3IgaU9TKSwNCiMgYSBwYWlyIG9mIGNsaWVudCBjZXJ0aWZpY2F0ZSBhbmQgcHJpdmF0ZSBrZXkgbXVzdCBiZSBpbmNsdWRlZCBvbiB0aGUNCiMgY29uZmlndXJhdGlvbiBmaWxlIGR1ZSB0byB0aGUgbGltaXRhdGlvbiBvZiB0aGUgY2xpZW50Lg0KIyBTbyB0aGlzIHNhbXBsZSBjb25maWd1cmF0aW9uIGZpbGUgaGFzIGEgZHVtbXkgcGFpciBvZiBjbGllbnQgY2VydGlmaWNhdGUNCiMgYW5kIHByaXZhdGUga2V5IGFzIGZvbGxvd3MuDQoNCjxjZXJ0Pg0KLS0tLS1CRUdJTiBDRVJUSUZJQ0FURS0tLS0tDQpNSUlDeGpDQ0FhNENBUUF3RFFZSktvWklodmNOQVFFRkJRQXdLVEVhTUJnR0ExVUVBeE1SVmxCT1IyRjBaVU5zDQphV1Z1ZEVObGNuUXhDekFKQmdOVkJBWVRBa3BRTUI0WERURXpNREl4TVRBek5EazBPVm9YRFRNM01ERXhPVEF6DQpNVFF3TjFvd0tURWFNQmdHQTFVRUF4TVJWbEJPUjJGMFpVTnNhV1Z1ZEVObGNuUXhDekFKQmdOVkJBWVRBa3BRDQpNSUlCSWpBTkJna3Foa2lHOXcwQkFRRUZBQU9DQVE4QU1JSUJDZ0tDQVFFQTVoMmxnUVFZVWp3b0tZSmJ6VlpBDQo1VmNJR2Q1b3RQYy9xWlJNdDBLSXRDRkEwczlSd1JlTlZhOWZEUkZMUkJoY0lUT2x2M0ZCY1czRThoMVVzN1JEDQo0VzhHbUplOHphcEpuTHNEMzlPU01SQ3paSm5jelc0T0NIMVBaUlpXS3FEdGpsTmNhOUFGOGE2NWpUbWxEeENRDQpDam50TElXazVPTExWa0Z0OS90U2NjMUdEdGNpNTVvZmhhTkFZTVBpSDdWOCsxZzY2cEdIWEFvV0s2QVFWSDY3DQpYQ0tKbkdCNW5sUStIc01ZUFYvTzQ5TGQ5MVpOLzJ0SGtjYUxMeU50eXd4VlBSU3NSaDQ4MGpqdTBmY0NzdjZoDQpwLzB5WG5UQi8vbVd1dEJHcGRVbElid2lJVGJBbXJzYlluamlnUnZuUHFYMVJOSlViaTlGcDZDMmMvSElGSkdEDQp5d0lEQVFBQk1BMEdDU3FHU0liM0RRRUJCUVVBQTRJQkFRQ2hPNWhnY3cvNG9XZm9FRkx1OWtCYTFCLy9reEg4DQpoUWtDaFZObjhCUkM3WTBVUlFpdFBsM0RLRWVkOVVSQkRkZzJLT0F6NzdiYjZFTlBpbGlEK2EzOFVKSElSTXFlDQpVQkhobGxPSEl6dkRoSEZiYW92QUxCUWNlZUJ6ZGtReHNLUUVTS21RbVI4MzI5NTBVQ292b3lSQjYxVXlBVjdoDQorbVpoWVBHUktYS1NKSTZzMEVnZy9DcmkrQ3drNGJqSmZyYjVoVnNlMTF5aDREOU1IaHdTZkNPSCswejRoUFVUDQpGa3U3ZEdhdlVSTzVTVnhNbi9zTDZFbjVEK29TZVhrYWRIcERzK0FpcnltMllIaDE1aDAralBTT29SNnlpVnAvDQo2elplWmtyTjQza3VTNzNLcEtERmpmRlBoOHQ0cjFnT0lqdHRrTmNRcUJjY3VzbnBsUTdISnBzaw0KLS0tLS1FTkQgQ0VSVElGSUNBVEUtLS0tLQ0KDQo8L2NlcnQ+DQoNCjxrZXk+DQotLS0tLUJFR0lOIFJTQSBQUklWQVRFIEtFWS0tLS0tDQpNSUlFcEFJQkFBS0NBUUVBNWgybGdRUVlVandvS1lKYnpWWkE1VmNJR2Q1b3RQYy9xWlJNdDBLSXRDRkEwczlSDQp3UmVOVmE5ZkRSRkxSQmhjSVRPbHYzRkJjVzNFOGgxVXM3UkQ0VzhHbUplOHphcEpuTHNEMzlPU01SQ3paSm5jDQp6VzRPQ0gxUFpSWldLcUR0amxOY2E5QUY4YTY1alRtbER4Q1FDam50TElXazVPTExWa0Z0OS90U2NjMUdEdGNpDQo1NW9maGFOQVlNUGlIN1Y4KzFnNjZwR0hYQW9XSzZBUVZINjdYQ0tKbkdCNW5sUStIc01ZUFYvTzQ5TGQ5MVpODQovMnRIa2NhTEx5TnR5d3hWUFJTc1JoNDgwamp1MGZjQ3N2NmhwLzB5WG5UQi8vbVd1dEJHcGRVbElid2lJVGJBDQptcnNiWW5qaWdSdm5QcVgxUk5KVWJpOUZwNkMyYy9ISUZKR0R5d0lEQVFBQkFvSUJBRVJWN1g1QXZ4QTh1UmlLDQprOFNJcHNEMGRYMXBKT01Jd2FrVVZ5dmM0RWZOMERoS1JOYjRyWW9TaUVHVEx5ekxweUJjL0EyOERsa201ZU9ZDQpmanpYZllrR3RZaS9GdHhrZzNPOXZjck1RNCs2aSt1R0hhSUwyckwrczRNcmZPOHYxeHY2K1dreTMzRUVHQ291DQpRaXdWR1JGUVhuUm9RNjJOQkNGYlVOTGhtWHdkajFha1p6TFU0cDVSNHpBM1FoZHh3RUlhdFZMdDArN293TFEzDQpsUDhzZlhocHBQT1hqVHFNRDRRa1l3elBBYTgvekY3YWNuNGtyeXJVUDdRNlBBZmQwekVWcU55OVpDWjlmZmhvDQp6WGVkRmo0ODZJRm9jNWduVHAyTjZqc25WajRMQ0dJaGxWSGxZR296S0tGcUpjUVZHc0hDcXExb3oyempXNkxTDQpvUllJSGdFQ2dZRUE4elpya0N3TllTWEp1T0RKM20vaE9MVnhjeGdKdXdYb2lFcldkMEU0MnZQYW5qalZNaG50DQpLWTVsOHFHTUo2RmhLOUxZeDJxQ3JmL0UwWHRVQVoyd1ZxM09SVHlHbnNNV3JlOXRMWXM1NVgrWk4xMFRjNzV6DQo0aGFjYlUwaHFLTjFIaURtc01SWTMvMk5hWkhveTdNS253SkpCYUc0OGw5Q0NUbFZ3TUhvY0lFQ2dZRUE4amJ5DQpkR2p4VEgrNlhIV05pemI1U1JiWnhBbnlFZUplUndUTWgwZ0d6d0dQcEgvc1pZR3p5dTBTeVNYV0NuWmgzUmdxDQo1dUxsTnh0clhybGpabHlpMm5RZFFnc3EyWXJXVXMwK3pnVSsyMnVRc1pwU0FmdG1oVnJ0dmV0Nk1qVmpiQnlZDQpEQURjaUVWVWRKWUlYaytxbkZVSnllcm9MSWtUajdXWUtaNlJqa3NDZ1lCb0NGSXdSRGVnNDJvSzg5UkZtbk9yDQpMeW1OQXE0KzJvTWhzV2xWYjRlaldJV2VBazluYytHWFVmclhzelJoUzAxbVVuVTVyNXlnVXZSY2FyVi9UM1U3DQpUbk1aK0k3WTREZ1dSSURkNTF6bmh4SUJ0WVY1ai9DL3Q4NUhqcU9rSCs4YjZSVGtiY2hhWDNtYXU3ZnBVZmRzDQpGcTBuaElxNDJmaEVPOHNyZllZd2dRS0JnUUN5aGkxTi84dGFSd3BrKzMvSURFelF3amJmZHpVa1dXU0RrOVhzDQpIL3BrdVJIV2ZUTVAzZmxXcUVZZ1cvTFc0MHBlVzJIRHE1aW1kVjgrQWdaeGUvWE1iYWppOUxnd2YxUlkwMDVuDQpLeGFaUXo3eXFIdXBXbExHRjY4RFBIeGtaVlZTYWdEblYvc3p0V1g2U0ZzQ3FGVm54SVhpZlhHQzRjVzVObTlnDQp2YThxNFFLQmdRQ0VoTFZlVWZkd0t2a1o5NGcvR0Z6NzMxWjJocmRWaGdNWmFVL3U2dDBWOTUrWWV6UE5DUVpCDQp3bUU5TW1sYnExZW1EZVJPaXZqQ2ZvR2hSM2taWFcxcFRLbExoNlpNVVFVT3BwdGRYdmE4WHhmb3FRd2EzZW5BDQpNN211QmJGMFhON1ZPODBpSlB2K1BtSVpkRUlBa3B3S2ZpMjAxWUIrQmFmQ0l1R3hJRjUwVmc9PQ0KLS0tLS1FTkQgUlNBIFBSSVZBVEUgS0VZLS0tLS0NCg0KPC9rZXk+DQoNCg==
vpn809464495,92.37.177.9,1244009,125,78590696,Russian Federation,RU,18,1000515507,151185,17098727650010,2weeks,AMBYLATORNIY's owner,,IyMjIyMjIyMjIyMjIyMjIyMjIyMjIyMjIyMjIyMjIyMjIyMjIyMjIyMjIyMjIyMjIyMjIyMjIyMjIyMjIyMjIyMjIyMjIyMjIyMjIyMjIw0KIyBPcGVuVlBOIDIuMCBTYW1wbGUgQ29uZmlndXJhdGlvbiBGaWxlDQojIGZvciBQYWNrZXRpWCBWUE4gLyBTb2Z0RXRoZXIgVlBOIFNlcnZlcg0KIyANCiMgISEhIEFVVE8tR0VORVJBVEVEIEJZIFNPRlRFVEhFUiBWUE4gU0VSVkVSIE1BTkFHRU1FTlQgVE9PTCAhISENCiMgDQojICEhISBZT1UgSEFWRSBUTyBSRVZJRVcgSVQgQkVGT1JFIFVTRSBBTkQgTU9ESUZZIElUIEFTIE5FQ0VTU0FSWSAhISENCiMgDQojIFRoaXMgY29uZmlndXJhdGlvbiBmaWxlIGlzIGF1dG8tZ2VuZXJhdGVkLiBZb3UgbWlnaHQgdXNlIHRoaXMgY29uZmlnIGZpbGUNCiMgaW4gb3JkZXIgdG8gY29ubmVjdCB0byB0aGUgUGFja2V0aVggVlBOIC8gU29mdEV0aGVyIFZQTiBTZXJ2ZXIuDQojIEhvd2V2ZXIsIGJlZm9yZSB5b3UgdHJ5IGl0LCB5b3Ugc2hvdWxkIHJldmlldyB0aGUgZGVzY3JpcHRpb25zIG9mIHRoZSBmaWxlDQojIHRvIGRldGVybWluZSB0aGUgbmVjZXNzaXR5IHRvIG1vZGlmeSB0byBzdWl0YWJsZSBmb3IgeW91ciByZWFsIGVudmlyb25tZW50Lg0KIyBJZiBuZWNlc3NhcnksIHlvdSBoYXZlIHRvIG1vZGlmeSBhIGxpdHRsZSBhZGVxdWF0ZWx5IG9uIHRoZSBmaWxlLg0KIyBGb3IgZXhhbXBsZSwgdGhlIElQIGFkZHJlc3Mgb3IgdGhlIGhvc3RuYW1lIGFzIGEgZGVzdGluYXRpb24gVlBOIFNlcnZlcg0KIyBzaG91bGQgYmUgY29uZmlybWVkLg0KIyANCiMgTm90ZSB0aGF0IHRvIHVzZSBPcGVuVlBOIDIuMCwgeW91IGhhdmUgdG8gcHV0IHRoZSBjZXJ0aWZpY2F0aW9uIGZpbGUgb2YNCiMgdGhlIGRlc3RpbmF0aW9uIFZQTiBTZXJ2ZXIgb24gdGhlIE9wZW5WUE4gQ2xpZW50IGNvbXB1dGVyIHdoZW4geW91IHVzZSB0aGlzDQojIGNvbmZpZyBmaWxlLiBQbGVhc2UgcmVmZXIgdGhlIGJlbG93IGRlc2NyaXB0aW9ucyBjYXJlZnVsbHkuDQoNCg0KIyMjIyMjIyMjIyMjIyMjIyMjIyMjIyMjIyMjIyMjIyMjIyMjIyMjIyMjIyMjIyMjIyMjIyMjIyMjIyMjIyMjIyMjIyMjIyMjIyMjIyMjIw0KIyBTcGVjaWZ5IHRoZSB0eXBlIG9mIHRoZSBsYXllciBvZiB0aGUgVlBOIGNvbm5lY3Rpb24uDQojIA0KIyBUbyBjb25uZWN0IHRvIHRoZSBWUE4gU2VydmVyIGFzIGEgIlJlbW90ZS1BY2Nlc3MgVlBOIENsaWVudCBQQyIsDQojICBzcGVjaWZ5ICdkZXYgdHVuJy4gKExheWVyLTMgSVAgUm91dGluZyBNb2RlKQ0KIw0KIyBUbyBjb25uZWN0IHRvIHRoZSBWUE4gU2VydmVyIGFzIGEgYnJpZGdpbmcgZXF1aXBtZW50IG9mICJTaXRlLXRvLVNpdGUgVlBOIiwNCiMgIHNwZWNpZnkgJ2RldiB0YXAnLiAoTGF5ZXItMiBFdGhlcm5ldCBCcmlkZ2luZSBNb2RlKQ0KDQpkZXYgdHVuDQoNCg0KIyMjIyMjIyMjIyMjIyMjIyMjIyMjIyMjIyMjIyMjIyMjIyMjIyMjIyMjIyMjIyMjIyMjIyMjIyMjIyMjIyMjIyMjIyMjIyMjIyMjIyMjIw0KIyBTcGVjaWZ5IHRoZSB1bmRlcmx5aW5nIHByb3RvY29sIGJleW9uZCB0aGUgSW50ZXJuZXQuDQojIE5vdGUgdGhhdCB0aGlzIHNldHRpbmcgbXVzdCBiZSBjb3JyZXNwb25kIHdpdGggdGhlIGxpc3RlbmluZyBzZXR0aW5nIG9uDQojIHRoZSBWUE4gU2VydmVyLg0KIyANCiMgU3BlY2lmeSBlaXRoZXIgJ3Byb3RvIHRjcCcgb3IgJ3Byb3RvIHVkcCcuDQoNCnByb3RvIHRjcA0KDQoNCiMjIyMjIyMjIyMjIyMjIyMjIyMjIyMjIyMjIyMjIyMjIyMjIyMjIyMjIyMjIyMjIyMjIyMjIyMjIyMjIyMjIyMjIyMjIyMjIyMjIyMjIyMNCiMgVGhlIGRlc3RpbmF0aW9uIGhvc3RuYW1lIC8gSVAgYWRkcmVzcywgYW5kIHBvcnQgbnVtYmVyIG9mDQojIHRoZSB0YXJnZXQgVlBOIFNlcnZlci4NCiMgDQojIFlvdSBoYXZlIHRvIHNwZWNpZnkgYXMgJ3JlbW90ZSA8SE9TVE5BTUU+IDxQT1JUPicuIFlvdSBjYW4gYWxzbw0KIyBzcGVjaWZ5IHRoZSBJUCBhZGRyZXNzIGluc3RlYWQgb2YgdGhlIGhvc3RuYW1lLg0KIyANCiMgTm90ZSB0aGF0IHRoZSBhdXRvLWdlbmVyYXRlZCBiZWxvdyBob3N0bmFtZSBhcmUgYSAiYXV0by1kZXRlY3RlZA0KIyBJUCBhZGRyZXNzIiBvZiB0aGUgVlBOIFNlcnZlci4gWW91IGhhdmUgdG8gY29uZmlybSB0aGUgY29ycmVjdG5lc3MNCiMgYmVmb3JlaGFuZC4NCiMgDQojIFdoZW4geW91IHdhbnQgdG8gY29ubmVjdCB0byB0aGUgVlBOIFNlcnZlciBieSB1c2luZyBUQ1AgcHJvdG9jb2wsDQojIHRoZSBwb3J0IG51bWJlciBvZiB0aGUgZGVzdGluYXRpb24gVENQIHBvcnQgc2hvdWxkIGJlIHNhbWUgYXMgb25lIG9mDQojIHRoZSBhdmFpbGFibGUgVENQIGxpc3RlbmVycyBvbiB0aGUgVlBOIFNlcnZlci4NCiMgDQojIFdoZW4geW91IHVzZSBVRFAgcHJvdG9jb2wsIHRoZSBwb3J0IG51bWJlciBtdXN0IHNhbWUgYXMgdGhlIGNvbmZpZ3VyYXRpb24NCiMgc2V0dGluZyBvZiAiT3BlblZQTiBTZXJ2ZXIgQ29tcGF0aWJsZSBGdW5jdGlvbiIgb24gdGhlIFZQTiBTZXJ2ZXIuDQoNCnJlbW90ZSA5Mi4zNy4xNzcuOSAxODA2DQoNCg0KIyMjIyMjIyMjIyMjIyMjIyMjIyMjIyMjIyMjIyMjIyMjIyMjIyMjIyMjIyMjIyMjIyMjIyMjIyMjIyMjIyMjIyMjIyMjIyMjIyMjIyMjIw0KIyBUaGUgSFRUUC9IVFRQUyBwcm94eSBzZXR0aW5nLg0KIyANCiMgT25seSBpZiB5b3UgaGF2ZSB0byB1c2UgdGhlIEludGVybmV0IHZpYSBhIHByb3h5LCB1bmNvbW1lbnQgdGhlIGJlbG93DQojIHR3byBsaW5lcyBhbmQgc3BlY2lmeSB0aGUgcHJveHkgYWRkcmVzcyBhbmQgdGhlIHBvcnQgbnVtYmVyLg0KIyBJbiB0aGUgY2FzZSBvZiB1c2luZyBwcm94eS1hdXRoZW50aWNhdGlvbiwgcmVmZXIgdGhlIE9wZW5WUE4gbWFudWFsLg0KDQo7aHR0cC1wcm94eS1yZXRyeQ0KO2h0dHAtcHJveHkgW3Byb3h5IHNlcnZlcl0gW3Byb3h5IHBvcnRdDQoNCg0KIyMjIyMjIyMjIyMjIyMjIyMjIyMjIyMjIyMjIyMjIyMjIyMjIyMjIyMjIyMjIyMjIyMjIyMjIyMjIyMjIyMjIyMjIyMjIyMjIyMjIyMjIw0KIyBUaGUgZW5jcnlwdGlvbiBhbmQgYXV0aGVudGljYXRpb24gYWxnb3JpdGhtLg0KIyANCiMgRGVmYXVsdCBzZXR0aW5nIGlzIGdvb2QuIE1vZGlmeSBpdCBhcyB5b3UgcHJlZmVyLg0KIyBXaGVuIHlvdSBzcGVjaWZ5IGFuIHVuc3VwcG9ydGVkIGFsZ29yaXRobSwgdGhlIGVycm9yIHdpbGwgb2NjdXIuDQojIA0KIyBUaGUgc3VwcG9ydGVkIGFsZ29yaXRobXMgYXJlIGFzIGZvbGxvd3M6DQojICBjaXBoZXI6IFtOVUxMLUNJUEhFUl0gTlVMTCBBRVMtMTI4LUNCQyBBRVMtMTkyLUNCQyBBRVMtMjU2LUNCQyBCRi1DQkMNCiMgICAgICAgICAgQ0FTVC1DQkMgQ0FTVDUtQ0JDIERFUy1DQkMgREVTLUVERS1DQkMgREVTLUVERTMtQ0JDIERFU1gtQ0JDDQojICAgICAgICAgIFJDMi00MC1DQkMgUkMyLTY0LUNCQyBSQzItQ0JDDQojICBhdXRoOiAgIFNIQSBTSEExIE1ENSBNRDQgUk1EMTYwDQoNCmNpcGhlciBBRVMtMTI4LUNCQw0KYXV0aCBTSEExDQoNCg0KIyMjIyMjIyMjIyMjIyMjIyMjIyMjIyMjIyMjIyMjIyMjIyMjIyMjIyMjIyMjIyMjIyMjIyMjIyMjIyMjIyMjIyMjIyMjIyMjIyMjIyMjIw0KIyBPdGhlciBwYXJhbWV0ZXJzIG5lY2Vzc2FyeSB0byBjb25uZWN0IHRvIHRoZSBWUE4gU2VydmVyLg0KIyANCiMgSXQgaXMgbm90IHJlY29tbWVuZGVkIHRvIG1vZGlmeSBpdCB1bmxlc3MgeW91IGhhdmUgYSBwYXJ0aWN1bGFyIG5lZWQuDQoNCnJlc29sdi1yZXRyeSBpbmZpbml0ZQ0Kbm9iaW5kDQpwZXJzaXN0LWtleQ0KcGVyc2lzdC10dW4NCmNsaWVudA0KdmVyYiAzDQojYXV0aC11c2VyLXBhc3MNCg0KDQojIyMjIyMjIyMjIyMjIyMjIyMjIyMjIyMjIyMjIyMjIyMjIyMjIyMjIyMjIyMjIyMjIyMjIyMjIyMjIyMjIyMjIyMjIyMjIyMjIyMjIyMjDQojIFRoZSBjZXJ0aWZpY2F0ZSBmaWxlIG9mIHRoZSBkZXN0aW5hdGlvbiBWUE4gU2VydmVyLg0KIyANCiMgVGhlIENBIGNlcnRpZmljYXRlIGZpbGUgaXMgZW1iZWRkZWQgaW4gdGhlIGlubGluZSBmb3JtYXQuDQojIFlvdSBjYW4gcmVwbGFjZSB0aGlzIENBIGNvbnRlbnRzIGlmIG5lY2Vzc2FyeS4NCiMgUGxlYXNlIG5vdGUgdGhhdCBpZiB0aGUgc2VydmVyIGNlcnRpZmljYXRlIGlzIG5vdCBhIHNlbGYtc2lnbmVkLCB5b3UgaGF2ZSB0bw0KIyBzcGVjaWZ5IHRoZSBzaWduZXIncyByb290IGNlcnRpZmljYXRlIChDQSkgaGVyZS4NCg0KPGNhPg0KLS0tLS1CRUdJTiBDRVJUSUZJQ0FURS0tLS0tDQpNSUlGYXpDQ0ExT2dBd0lCQWdJUkFJSVF6N0RTUU9OWlJHUGd1Mk9DaXdBd0RRWUpLb1pJaHZjTkFRRUxCUUF3DQpUekVMTUFrR0ExVUVCaE1DVlZNeEtUQW5CZ05WQkFvVElFbHVkR1Z5Ym1WMElGTmxZM1Z5YVhSNUlGSmxjMlZoDQpjbU5vSUVkeWIzVndNUlV3RXdZRFZRUURFd3hKVTFKSElGSnZiM1FnV0RFd0hoY05NVFV3TmpBME1URXdORE00DQpXaGNOTXpVd05qQTBNVEV3TkRNNFdqQlBNUXN3Q1FZRFZRUUdFd0pWVXpFcE1DY0dBMVVFQ2hNZ1NXNTBaWEp1DQpaWFFnVTJWamRYSnBkSGtnVW1WelpXRnlZMmdnUjNKdmRYQXhGVEFUQmdOVkJBTVRERWxUVWtjZ1VtOXZkQ0JZDQpNVENDQWlJd0RRWUpLb1pJaHZjTkFRRUJCUUFEZ2dJUEFEQ0NBZ29DZ2dJQkFLM29KSFAwRkRmem01NHJWeWdjDQpoNzdjdDk4NGtJeHVQT1pYb0hqM2RjS2kvdlZxYnZZQVR5amIzbWlHYkVTVHRyRmovUlFTYTc4ZjB1b3hteUYrDQowVE04dWtqMTNYbmZzN2ovRXZFaG1rdkJpb1p4YVVwbVpteVBmanh3djYwcElnYno1TURtZ0s3aVM0KzNtWDZVDQpBNS9UUjVkOG1VZ2pVK2c0cms4S2I0TXUwVWxYaklCMHR0b3YwRGlOZXdOd0lSdDE4akE4K28rdTNkcGpxK3NXDQpUOEtPRVV0K3p3dm8vN1YzTHZTeWUwcmdUQklsREhDTkF5bWc0Vk1rN0JQWjdobS9FTE5LakQrSm8yRlIzcXlIDQpCNVQwWTNIc0x1SnZXNWlCNFlsY05IbHNkdTg3a0dKNTV0dWttaThteGRBUTRRN2UyUkNPRnZ1Mzk2ajN4K1VDDQpCNWlQTmdpVjUrSTNsZzAyZFo3N0RuS3hIWnU4QS9sSkJkaUIzUVcwS3RaQjZhd0JkcFVLRDlqZjFiMFNIelV2DQpLQmRzMHBqQnFBbGtkMjVITjdyT3JGbGVhSjEvY3RhSnhRWkJLVDVaUHQwbTlTVEpFYWRhbzB4QUgwYWhtYlduDQpPbEZ1aGp1ZWZYS25FZ1Y0V2UwK1VYZ1ZDd09QamRBdkJiSStlMG9jUzNNRkV2ekc2dUJRRTN4RGszU3p5blRuDQpqaDhCQ05BdzFGdHhOclFIdXNFd01GeEl0NEk3bUtaOVlJcWlveW1DekxxOWd3UWJvb01EUWFIV0JmRWJ3cmJ3DQpxSHlHTzBhb1NDcUkzSGFhZHI4ZmFxVTlHWS9yT1BOazNzZ3JEUW9vLy9mYjRoVkMxQ0xRSjEzaGVmNFk1M0NJDQpyVTdtMllzNnh0MG5VVzcvdkdUMU0wTlBBZ01CQUFHalFqQkFNQTRHQTFVZER3RUIvd1FFQXdJQkJqQVBCZ05WDQpIUk1CQWY4RUJUQURBUUgvTUIwR0ExVWREZ1FXQkJSNXRGbm1lN2JsNUFGemdBaUl5QnBZOXVtYmJqQU5CZ2txDQpoa2lHOXcwQkFRc0ZBQU9DQWdFQVZSOVlxYnl5cUZEUURMSFlHbWtnSnlrSXJHRjFYSXB1K0lMbGFTL1Y5bFpMDQp1Ymh6RUZuVElaZCs1MHh4KzdMU1lLMDVxQXZxRnlGV2hmRlFEbG5yenVCWjZickpGZStHblkrRWdQYms2WkdRDQozQmViWWh0RjhHYVYwbnh2d3VvNzd4L1B5OWF1Si9HcHNNaXUvWDErbXZvaUJPdi8yWC9xa1NzaXNSY09qL0tLDQpORnRZMlB3QnlWUzV1Q2JNaW9nemlVd3RoRHlDMys2V1Z3VzZMTHYzeExmSFRqdUN2akhJSW5Oemt0SENnS1E1DQpPUkF6STRKTVBKK0dzbFdZSGI0cGhvd2ltNTdpYXp0WE9vSndUZHdKeDRuTENnZE5iT2hkanNudnpxdkh1N1VyDQpUa1hXU3RBbXpPVnl5Z2hxcFpYakZhSDNwTzNKTEYrbCsvK3NLQUl1dnRkN3UrTnhlNUFXMHdkZVJsTjhOd2RDDQpqTlBFbHB6Vm1iVXE0SlVhZ0VpdVREa0h6c3hIcEZLVks3cTQrNjNTTTFOOTVSMU5iZFdoc2NkQ2IrWkFKelZjDQpveWkzQjQzbmpUT1E1eU9mKzFDY2VXeEcxYlFWczVadWZwc01sanE0VWkwLzFsdmgrd2pDaFA0a3FLT0oycXhxDQo0Umdxc2FoRFlWdlRIOXc3alhieUxlaU5kZDhYTTJ3OVUvdDd5MEZmLzl5aTBHRTQ0WmE0ckYyTE45ZDExVFBBDQptUkd1blVIQmNuV0V2Z0pCUWw5bkpFaVUwWnNudmdjL3ViaFBnWFJSNFhxMzdaMGo0cjdnMVNnRUV6d3hBNTdkDQplbXlQeGdjWXhuL2VSNDQvS0o0RUJzK2xWRFIzdmV5Sm0ra1hROTliMjEvK2poNVhvczFBblg1aUl0cmVHQ2M9DQotLS0tLUVORCBDRVJUSUZJQ0FURS0tLS0tDQoNCjwvY2E+DQoNCg0KIyMjIyMjIyMjIyMjIyMjIyMjIyMjIyMjIyMjIyMjIyMjIyMjIyMjIyMjIyMjIyMjIyMjIyMjIyMjIyMjIyMjIyMjIyMjIyMjIyMjIyMjIw0KIyBUaGUgY2xpZW50IGNlcnRpZmljYXRlIGZpbGUgKGR1bW15KS4NCiMgDQojIEluIHNvbWUgaW1wbGVtZW50YXRpb25zIG9mIE9wZW5WUE4gQ2xpZW50IHNvZnR3YXJlDQojIChmb3IgZXhhbXBsZTogT3BlblZQTiBDbGllbnQgZm9yIGlPUyksDQojIGEgcGFpciBvZiBjbGllbnQgY2VydGlmaWNhdGUgYW5kIHByaXZhdGUga2V5IG11c3QgYmUgaW5jbHVkZWQgb24gdGhlDQojIGNvbmZpZ3VyYXRpb24gZmlsZSBkdWUgdG8gdGhlIGxpbWl0YXRpb24gb2YgdGhlIGNsaWVudC4NCiMgU28gdGhpcyBzYW1wbGUgY29uZmlndXJhdGlvbiBmaWxlIGhhcyBhIGR1bW15IHBhaXIgb2YgY2xpZW50IGNlcnRpZmljYXRlDQojIGFuZCBwcml2YXRlIGtleSBhcyBmb2xsb3dzLg0KDQo8Y2VydD4NCi0tLS0tQkVHSU4gQ0VSVElGSUNBVEUtLS0tLQ0KTUlJQ3hqQ0NBYTRDQVFBd0RRWUpLb1pJaHZjTkFRRUZCUUF3S1RFYU1CZ0dBMVVFQXhNUlZsQk9SMkYwWlVOcw0KYVdWdWRFTmxjblF4Q3pBSkJnTlZCQVlUQWtwUU1CNFhEVEV6TURJeE1UQXpORGswT1ZvWERUTTNNREV4T1RBeg0KTVRRd04xb3dLVEVhTUJnR0ExVUVBeE1SVmxCT1IyRjBaVU5zYVdWdWRFTmxjblF4Q3pBSkJnTlZCQVlUQWtwUQ0KTUlJQklqQU5CZ2txaGtpRzl3MEJBUUVGQUFPQ0FROEFNSUlCQ2dLQ0FRRUE1aDJsZ1FRWVVqd29LWUpielZaQQ0KNVZjSUdkNW90UGMvcVpSTXQwS0l0Q0ZBMHM5UndSZU5WYTlmRFJGTFJCaGNJVE9sdjNGQmNXM0U4aDFVczdSRA0KNFc4R21KZTh6YXBKbkxzRDM5T1NNUkN6WkpuY3pXNE9DSDFQWlJaV0txRHRqbE5jYTlBRjhhNjVqVG1sRHhDUQ0KQ2pudExJV2s1T0xMVmtGdDkvdFNjYzFHRHRjaTU1b2ZoYU5BWU1QaUg3VjgrMWc2NnBHSFhBb1dLNkFRVkg2Nw0KWENLSm5HQjVubFErSHNNWVBWL080OUxkOTFaTi8ydEhrY2FMTHlOdHl3eFZQUlNzUmg0ODBqanUwZmNDc3Y2aA0KcC8weVhuVEIvL21XdXRCR3BkVWxJYndpSVRiQW1yc2JZbmppZ1J2blBxWDFSTkpVYmk5RnA2QzJjL0hJRkpHRA0KeXdJREFRQUJNQTBHQ1NxR1NJYjNEUUVCQlFVQUE0SUJBUUNoTzVoZ2N3LzRvV2ZvRUZMdTlrQmExQi8va3hIOA0KaFFrQ2hWTm44QlJDN1kwVVJRaXRQbDNES0VlZDlVUkJEZGcyS09Bejc3YmI2RU5QaWxpRCthMzhVSkhJUk1xZQ0KVUJIaGxsT0hJenZEaEhGYmFvdkFMQlFjZWVCemRrUXhzS1FFU0ttUW1SODMyOTUwVUNvdm95UkI2MVV5QVY3aA0KK21aaFlQR1JLWEtTSkk2czBFZ2cvQ3JpK0N3azRiakpmcmI1aFZzZTExeWg0RDlNSGh3U2ZDT0grMHo0aFBVVA0KRmt1N2RHYXZVUk81U1Z4TW4vc0w2RW41RCtvU2VYa2FkSHBEcytBaXJ5bTJZSGgxNWgwK2pQU09vUjZ5aVZwLw0KNnpaZVprck40M2t1UzczS3BLREZqZkZQaDh0NHIxZ09JanR0a05jUXFCY2N1c25wbFE3SEpwc2sNCi0tLS0tRU5EIENFUlRJRklDQVRFLS0tLS0NCg0KPC9jZXJ0Pg0KDQo8a2V5Pg0KLS0tLS1CRUdJTiBSU0EgUFJJVkFURSBLRVktLS0tLQ0KTUlJRXBBSUJBQUtDQVFFQTVoMmxnUVFZVWp3b0tZSmJ6VlpBNVZjSUdkNW90UGMvcVpSTXQwS0l0Q0ZBMHM5Ug0Kd1JlTlZhOWZEUkZMUkJoY0lUT2x2M0ZCY1czRThoMVVzN1JENFc4R21KZTh6YXBKbkxzRDM5T1NNUkN6WkpuYw0Kelc0T0NIMVBaUlpXS3FEdGpsTmNhOUFGOGE2NWpUbWxEeENRQ2pudExJV2s1T0xMVmtGdDkvdFNjYzFHRHRjaQ0KNTVvZmhhTkFZTVBpSDdWOCsxZzY2cEdIWEFvV0s2QVFWSDY3WENLSm5HQjVubFErSHNNWVBWL080OUxkOTFaTg0KLzJ0SGtjYUxMeU50eXd4VlBSU3NSaDQ4MGpqdTBmY0NzdjZocC8weVhuVEIvL21XdXRCR3BkVWxJYndpSVRiQQ0KbXJzYlluamlnUnZuUHFYMVJOSlViaTlGcDZDMmMvSElGSkdEeXdJREFRQUJBb0lCQUVSVjdYNUF2eEE4dVJpSw0KazhTSXBzRDBkWDFwSk9NSXdha1VWeXZjNEVmTjBEaEtSTmI0cllvU2lFR1RMeXpMcHlCYy9BMjhEbGttNWVPWQ0KZmp6WGZZa0d0WWkvRnR4a2czTzl2Y3JNUTQrNmkrdUdIYUlMMnJMK3M0TXJmTzh2MXh2NitXa3kzM0VFR0NvdQ0KUWl3VkdSRlFYblJvUTYyTkJDRmJVTkxobVh3ZGoxYWtaekxVNHA1UjR6QTNRaGR4d0VJYXRWTHQwKzdvd0xRMw0KbFA4c2ZYaHBwUE9YalRxTUQ0UWtZd3pQQWE4L3pGN2FjbjRrcnlyVVA3UTZQQWZkMHpFVnFOeTlaQ1o5ZmZobw0KelhlZEZqNDg2SUZvYzVnblRwMk42anNuVmo0TENHSWhsVkhsWUdvektLRnFKY1FWR3NIQ3FxMW96MnpqVzZMUw0Kb1JZSUhnRUNnWUVBOHpacmtDd05ZU1hKdU9ESjNtL2hPTFZ4Y3hnSnV3WG9pRXJXZDBFNDJ2UGFuampWTWhudA0KS1k1bDhxR01KNkZoSzlMWXgycUNyZi9FMFh0VUFaMndWcTNPUlR5R25zTVdyZTl0TFlzNTVYK1pOMTBUYzc1eg0KNGhhY2JVMGhxS04xSGlEbXNNUlkzLzJOYVpIb3k3TUtud0pKQmFHNDhsOUNDVGxWd01Ib2NJRUNnWUVBOGpieQ0KZEdqeFRIKzZYSFdOaXpiNVNSYlp4QW55RWVKZVJ3VE1oMGdHendHUHBIL3NaWUd6eXUwU3lTWFdDblpoM1JncQ0KNXVMbE54dHJYcmxqWmx5aTJuUWRRZ3NxMllyV1VzMCt6Z1UrMjJ1UXNacFNBZnRtaFZydHZldDZNalZqYkJ5WQ0KREFEY2lFVlVkSllJWGsrcW5GVUp5ZXJvTElrVGo3V1lLWjZSamtzQ2dZQm9DRkl3UkRlZzQyb0s4OVJGbW5Pcg0KTHltTkFxNCsyb01oc1dsVmI0ZWpXSVdlQWs5bmMrR1hVZnJYc3pSaFMwMW1VblU1cjV5Z1V2UmNhclYvVDNVNw0KVG5NWitJN1k0RGdXUklEZDUxem5oeElCdFlWNWovQy90ODVIanFPa0grOGI2UlRrYmNoYVgzbWF1N2ZwVWZkcw0KRnEwbmhJcTQyZmhFTzhzcmZZWXdnUUtCZ1FDeWhpMU4vOHRhUndwayszL0lERXpRd2piZmR6VWtXV1NEazlYcw0KSC9wa3VSSFdmVE1QM2ZsV3FFWWdXL0xXNDBwZVcySERxNWltZFY4K0FnWnhlL1hNYmFqaTlMZ3dmMVJZMDA1bg0KS3hhWlF6N3lxSHVwV2xMR0Y2OERQSHhrWlZWU2FnRG5WL3N6dFdYNlNGc0NxRlZueElYaWZYR0M0Y1c1Tm05Zw0KdmE4cTRRS0JnUUNFaExWZVVmZHdLdmtaOTRnL0dGejczMVoyaHJkVmhnTVphVS91NnQwVjk1K1llelBOQ1FaQg0Kd21FOU1tbGJxMWVtRGVST2l2akNmb0doUjNrWlhXMXBUS2xMaDZaTVVRVU9wcHRkWHZhOFh4Zm9xUXdhM2VuQQ0KTTdtdUJiRjBYTjdWTzgwaUpQditQbUlaZEVJQWtwd0tmaTIwMVlCK0JhZkNJdUd4SUY1MFZnPT0NCi0tLS0tRU5EIFJTQSBQUklWQVRFIEtFWS0tLS0tDQoNCjwva2V5Pg0KDQo=
laud,115.179.206.241,1165177,15,305833070,Japan,JP,128,395069507,72339,9773821881814,2weeks,Japan VPN,こんにちは! Hello! Здравствуйте! 你好! سلام (^_^)/,IyMjIyMjIyMjIyMjIyMjIyMjIyMjIyMjIyMjIyMjIyMjIyMjIyMjIyMjIyMjIyMjIyMjIyMjIyMjIyMjIyMjIyMjIyMjIyMjIyMjIyMjIw0KIyBPcGVuVlBOIDIuMCBTYW1wbGUgQ29uZmlndXJhdGlvbiBGaWxlDQojIGZvciBQYWNrZXRpWCBWUE4gLyBTb2Z0RXRoZXIgVlBOIFNlcnZlcg0KIyANCiMgISEhIEFVVE8tR0VORVJBVEVEIEJZIFNPRlRFVEhFUiBWUE4gU0VSVkVSIE1BTkFHRU1FTlQgVE9PTCAhISENCiMgDQojICEhISBZT1UgSEFWRSBUTyBSRVZJRVcgSVQgQkVGT1JFIFVTRSBBTkQgTU9ESUZZIElUIEFTIE5FQ0VTU0FSWSAhISENCiMgDQojIFRoaXMgY29uZmlndXJhdGlvbiBmaWxlIGlzIGF1dG8tZ2VuZXJhdGVkLiBZb3UgbWlnaHQgdXNlIHRoaXMgY29uZmlnIGZpbGUNCiMgaW4gb3JkZXIgdG8gY29ubmVjdCB0byB0aGUgUGFja2V0aVggVlBOIC8gU29mdEV0aGVyIFZQTiBTZXJ2ZXIuDQojIEhvd2V2ZXIsIGJlZm9yZSB5b3UgdHJ5IGl0LCB5b3Ugc2hvdWxkIHJldmlldyB0aGUgZGVzY3JpcHRpb25zIG9mIHRoZSBmaWxlDQojIHRvIGRldGVybWluZSB0aGUgbmVjZXNzaXR5IHRvIG1vZGlmeSB0byBzdWl0YWJsZSBmb3IgeW91ciByZWFsIGVudmlyb25tZW50Lg0KIyBJZiBuZWNlc3NhcnksIHlvdSBoYXZlIHRvIG1vZGlmeSBhIGxpdHRsZSBhZGVxdWF0ZWx5IG9uIHRoZSBmaWxlLg0KIyBGb3IgZXhhbXBsZSwgdGhlIElQIGFkZHJlc3Mgb3IgdGhlIGhvc3RuYW1lIGFzIGEgZGVzdGluYXRpb24gVlBOIFNlcnZlcg0KIyBzaG91bGQgYmUgY29uZmlybWVkLg0KIyANCiMgTm90ZSB0aGF0IHRvIHVzZSBPcGVuVlBOIDIuMCwgeW91IGhhdmUgdG8gcHV0IHRoZSBjZXJ0aWZpY2F0aW9uIGZpbGUgb2YNCiMgdGhlIGRlc3RpbmF0aW9uIFZQTiBTZXJ2ZXIgb24gdGhlIE9wZW5WUE4gQ2xpZW50IGNvbXB1dGVyIHdoZW4geW91IHVzZSB0aGlzDQojIGNvbmZpZyBmaWxlLiBQbGVhc2UgcmVmZXIgdGhlIGJlbG93IGRlc2NyaXB0aW9ucyBjYXJlZnVsbHkuDQoNCg0KIyMjIyMjIyMjIyMjIyMjIyMjIyMjIyMjIyMjIyMjIyMjIyMjIyMjIyMjIyMjIyMjIyMjIyMjIyMjIyMjIyMjIyMjIyMjIyMjIyMjIyMjIw0KIyBTcGVjaWZ5IHRoZSB0eXBlIG9mIHRoZSBsYXllciBvZiB0aGUgVlBOIGNvbm5lY3Rpb24uDQojIA0KIyBUbyBjb25uZWN0IHRvIHRoZSBWUE4gU2VydmVyIGFzIGEgIlJlbW90ZS1BY2Nlc3MgVlBOIENsaWVudCBQQyIsDQojICBzcGVjaWZ5ICdkZXYgdHVuJy4gKExheWVyLTMgSVAgUm91dGluZyBNb2RlKQ0KIw0KIyBUbyBjb25uZWN0IHRvIHRoZSBWUE4gU2VydmVyIGFzIGEgYnJpZGdpbmcgZXF1aXBtZW50IG9mICJTaXRlLXRvLVNpdGUgVlBOIiwNCiMgIHNwZWNpZnkgJ2RldiB0YXAnLiAoTGF5ZXItMiBFdGhlcm5ldCBCcmlkZ2luZSBNb2RlKQ0KDQpkZXYgdHVuDQoNCg0KIyMjIyMjIyMjIyMjIyMjIyMjIyMjIyMjIyMjIyMjIyMjIyMjIyMjIyMjIyMjIyMjIyMjIyMjIyMjIyMjIyMjIyMjIyMjIyMjIyMjIyMjIw0KIyBTcGVjaWZ5IHRoZSB1bmRlcmx5aW5nIHByb3RvY29sIGJleW9uZCB0aGUgSW50ZXJuZXQuDQojIE5vdGUgdGhhdCB0aGlzIHNldHRpbmcgbXVzdCBiZSBjb3JyZXNwb25kIHdpdGggdGhlIGxpc3RlbmluZyBzZXR0aW5nIG9uDQojIHRoZSBWUE4gU2VydmVyLg0KIyANCiMgU3BlY2lmeSBlaXRoZXIgJ3Byb3RvIHRjcCcgb3IgJ3Byb3RvIHVkcCcuDQoNCnByb3RvIHRjcA0KDQoNCiMjIyMjIyMjIyMjIyMjIyMjIyMjIyMjIyMjIyMjIyMjIyMjIyMjIyMjIyMjIyMjIyMjIyMjIyMjIyMjIyMjIyMjIyMjIyMjIyMjIyMjIyMNCiMgVGhlIGRlc3RpbmF0aW9uIGhvc3RuYW1lIC8gSVAgYWRkcmVzcywgYW5kIHBvcnQgbnVtYmVyIG9mDQojIHRoZSB0YXJnZXQgVlBOIFNlcnZlci4NCiMgDQojIFlvdSBoYXZlIHRvIHNwZWNpZnkgYXMgJ3JlbW90ZSA8SE9TVE5BTUU+IDxQT1JUPicuIFlvdSBjYW4gYWxzbw0KIyBzcGVjaWZ5IHRoZSBJUCBhZGRyZXNzIGluc3RlYWQgb2YgdGhlIGhvc3RuYW1lLg0KIyANCiMgTm90ZSB0aGF0IHRoZSBhdXRvLWdlbmVyYXRlZCBiZWxvdyBob3N0bmFtZSBhcmUgYSAiYXV0by1kZXRlY3RlZA0KIyBJUCBhZGRyZXNzIiBvZiB0aGUgVlBOIFNlcnZlci4gWW91IGhhdmUgdG8gY29uZmlybSB0aGUgY29ycmVjdG5lc3MNCiMgYmVmb3JlaGFuZC4NCiMgDQojIFdoZW4geW91IHdhbnQgdG8gY29ubmVjdCB0byB0aGUgVlBOIFNlcnZlciBieSB1c2luZyBUQ1AgcHJvdG9jb2wsDQojIHRoZSBwb3J0IG51bWJlciBvZiB0aGUgZGVzdGluYXRpb24gVENQIHBvcnQgc2hvdWxkIGJlIHNhbWUgYXMgb25lIG9mDQojIHRoZSBhdmFpbGFibGUgVENQIGxpc3RlbmVycyBvbiB0aGUgVlBOIFNlcnZlci4NCiMgDQojIFdoZW4geW91IHVzZSBVRFAgcHJvdG9jb2wsIHRoZSBwb3J0IG51bWJlciBtdXN0IHNhbWUgYXMgdGhlIGNvbmZpZ3VyYXRpb24NCiMgc2V0dGluZyBvZiAiT3BlblZQTiBTZXJ2ZXIgQ29tcGF0aWJsZSBGdW5jdGlvbiIgb24gdGhlIFZQTiBTZXJ2ZXIuDQoNCnJlbW90ZSAxMTUuMTc5LjIwNi4yNDEgNDQzDQoNCg0KIyMjIyMjIyMjIyMjIyMjIyMjIyMjIyMjIyMjIyMjIyMjIyMjIyMjIyMjIyMjIyMjIyMjIyMjIyMjIyMjIyMjIyMjIyMjIyMjIyMjIyMjIw0KIyBUaGUgSFRUUC9IVFRQUyBwcm94eSBzZXR0aW5nLg0KIyANCiMgT25seSBpZiB5b3UgaGF2ZSB0byB1c2UgdGhlIEludGVybmV0IHZpYSBhIHByb3h5LCB1bmNvbW1lbnQgdGhlIGJlbG93DQojIHR3byBsaW5lcyBhbmQgc3BlY2lmeSB0aGUgcHJveHkgYWRkcmVzcyBhbmQgdGhlIHBvcnQgbnVtYmVyLg0KIyBJbiB0aGUgY2FzZSBvZiB1c2luZyBwcm94eS1hdXRoZW50aWNhdGlvbiwgcmVmZXIgdGhlIE9wZW5WUE4gbWFudWFsLg0KDQo7aHR0cC1wcm94eS1yZXRyeQ0KO2h0dHAtcHJveHkgW3Byb3h5IHNlcnZlcl0gW3Byb3h5IHBvcnRdDQoNCg0KIyMjIyMjIyMjIyMjIyMjIyMjIyMjIyMjIyMjIyMjIyMjIyMjIyMjIyMjIyMjIyMjIyMjIyMjIyMjIyMjIyMjIyMjIyMjIyMjIyMjIyMjIw0KIyBUaGUgZW5jcnlwdGlvbiBhbmQgYXV0aGVudGljYXRpb24gYWxnb3JpdGhtLg0KIyANCiMgRGVmYXVsdCBzZXR0aW5nIGlzIGdvb2QuIE1vZGlmeSBpdCBhcyB5b3UgcHJlZmVyLg0KIyBXaGVuIHlvdSBzcGVjaWZ5IGFuIHVuc3VwcG9ydGVkIGFsZ29yaXRobSwgdGhlIGVycm9yIHdpbGwgb2NjdXIuDQojIA0KIyBUaGUgc3VwcG9ydGVkIGFsZ29yaXRobXMgYXJlIGFzIGZvbGxvd3M6DQojICBjaXBoZXI6IFtOVUxMLUNJUEhFUl0gTlVMTCBBRVMtMTI4LUNCQyBBRVMtMTkyLUNCQyBBRVMtMjU2LUNCQyBCRi1DQkMNCiMgICAgICAgICAgQ0FTVC1DQkMgQ0FTVDUtQ0JDIERFUy1DQkMgREVTLUVERS1DQkMgREVTLUVERTMtQ0JDIERFU1gtQ0JDDQojICAgICAgICAgIFJDMi00MC1DQkMgUkMyLTY0LUNCQyBSQzItQ0JDDQojICBhdXRoOiAgIFNIQSBTSEExIE1ENSBNRDQgUk1EMTYwDQoNCmNpcGhlciBBRVMtMTI4LUNCQw0KYXV0aCBTSEExDQoNCg0KIyMjIyMjIyMjIyMjIyMjIyMjIyMjIyMjIyMjIyMjIyMjIyMjIyMjIyMjIyMjIyMjIyMjIyMjIyMjIyMjIyMjIyMjIyMjIyMjIyMjIyMjIw0KIyBPdGhlciBwYXJhbWV0ZXJzIG5lY2Vzc2FyeSB0byBjb25uZWN0IHRvIHRoZSBWUE4gU2VydmVyLg0KIyANCiMgSXQgaXMgbm90IHJlY29tbWVuZGVkIHRvIG1vZGlmeSBpdCB1bmxlc3MgeW91IGhhdmUgYSBwYXJ0aWN1bGFyIG5lZWQuDQoNCnJlc29sdi1yZXRyeSBpbmZpbml0ZQ0Kbm9iaW5kDQpwZXJzaXN0LWtleQ0KcGVyc2lzdC10dW4NCmNsaWVudA0KdmVyYiAzDQojYXV0aC11c2VyLXBhc3MNCg0KDQojIyMjIyMjIyMjIyMjIyMjIyMjIyMjIyMjIyMjIyMjIyMjIyMjIyMjIyMjIyMjIyMjIyMjIyMjIyMjIyMjIyMjIyMjIyMjIyMjIyMjIyMjDQojIFRoZSBjZXJ0aWZpY2F0ZSBmaWxlIG9mIHRoZSBkZXN0aW5hdGlvbiBWUE4gU2VydmVyLg0KIyANCiMgVGhlIENBIGNlcnRpZmljYXRlIGZpbGUgaXMgZW1iZWRkZWQgaW4gdGhlIGlubGluZSBmb3JtYXQuDQojIFlvdSBjYW4gcmVwbGFjZSB0aGlzIENBIGNvbnRlbnRzIGlmIG5lY2Vzc2FyeS4NCiMgUGxlYXNlIG5vdGUgdGhhdCBpZiB0aGUgc2VydmVyIGNlcnRpZmljYXRlIGlzIG5vdCBhIHNlbGYtc2lnbmVkLCB5b3UgaGF2ZSB0bw0KIyBzcGVjaWZ5IHRoZSBzaWduZXIncyByb290IGNlcnRpZmljYXRlIChDQSkgaGVyZS4NCg0KPGNhPg0KLS0tLS1CRUdJTiBDRVJUSUZJQ0FURS0tLS0tDQpNSUlGYXpDQ0ExT2dBd0lCQWdJUkFJSVF6N0RTUU9OWlJHUGd1Mk9DaXdBd0RRWUpLb1pJaHZjTkFRRUxCUUF3DQpUekVMTUFrR0ExVUVCaE1DVlZNeEtUQW5CZ05WQkFvVElFbHVkR1Z5Ym1WMElGTmxZM1Z5YVhSNUlGSmxjMlZoDQpjbU5vSUVkeWIzVndNUlV3RXdZRFZRUURFd3hKVTFKSElGSnZiM1FnV0RFd0hoY05NVFV3TmpBME1URXdORE00DQpXaGNOTXpVd05qQTBNVEV3TkRNNFdqQlBNUXN3Q1FZRFZRUUdFd0pWVXpFcE1DY0dBMVVFQ2hNZ1NXNTBaWEp1DQpaWFFnVTJWamRYSnBkSGtnVW1WelpXRnlZMmdnUjNKdmRYQXhGVEFUQmdOVkJBTVRERWxUVWtjZ1VtOXZkQ0JZDQpNVENDQWlJd0RRWUpLb1pJaHZjTkFRRUJCUUFEZ2dJUEFEQ0NBZ29DZ2dJQkFLM29KSFAwRkRmem01NHJWeWdjDQpoNzdjdDk4NGtJeHVQT1pYb0hqM2RjS2kvdlZxYnZZQVR5amIzbWlHYkVTVHRyRmovUlFTYTc4ZjB1b3hteUYrDQowVE04dWtqMTNYbmZzN2ovRXZFaG1rdkJpb1p4YVVwbVpteVBmanh3djYwcElnYno1TURtZ0s3aVM0KzNtWDZVDQpBNS9UUjVkOG1VZ2pVK2c0cms4S2I0TXUwVWxYaklCMHR0b3YwRGlOZXdOd0lSdDE4akE4K28rdTNkcGpxK3NXDQpUOEtPRVV0K3p3dm8vN1YzTHZTeWUwcmdUQklsREhDTkF5bWc0Vk1rN0JQWjdobS9FTE5LakQrSm8yRlIzcXlIDQpCNVQwWTNIc0x1SnZXNWlCNFlsY05IbHNkdTg3a0dKNTV0dWttaThteGRBUTRRN2UyUkNPRnZ1Mzk2ajN4K1VDDQpCNWlQTmdpVjUrSTNsZzAyZFo3N0RuS3hIWnU4QS9sSkJkaUIzUVcwS3RaQjZhd0JkcFVLRDlqZjFiMFNIelV2DQpLQmRzMHBqQnFBbGtkMjVITjdyT3JGbGVhSjEvY3RhSnhRWkJLVDVaUHQwbTlTVEpFYWRhbzB4QUgwYWhtYlduDQpPbEZ1aGp1ZWZYS25FZ1Y0V2UwK1VYZ1ZDd09QamRBdkJiSStlMG9jUzNNRkV2ekc2dUJRRTN4RGszU3p5blRuDQpqaDhCQ05BdzFGdHhOclFIdXNFd01GeEl0NEk3bUtaOVlJcWlveW1DekxxOWd3UWJvb01EUWFIV0JmRWJ3cmJ3DQpxSHlHTzBhb1NDcUkzSGFhZHI4ZmFxVTlHWS9yT1BOazNzZ3JEUW9vLy9mYjRoVkMxQ0xRSjEzaGVmNFk1M0NJDQpyVTdtMllzNnh0MG5VVzcvdkdUMU0wTlBBZ01CQUFHalFqQkFNQTRHQTFVZER3RUIvd1FFQXdJQkJqQVBCZ05WDQpIUk1CQWY4RUJUQURBUUgvTUIwR0ExVWREZ1FXQkJSNXRGbm1lN2JsNUFGemdBaUl5QnBZOXVtYmJqQU5CZ2txDQpoa2lHOXcwQkFRc0ZBQU9DQWdFQVZSOVlxYnl5cUZEUURMSFlHbWtnSnlrSXJHRjFYSXB1K0lMbGFTL1Y5bFpMDQp1Ymh6RUZuVElaZCs1MHh4KzdMU1lLMDVxQXZxRnlGV2hmRlFEbG5yenVCWjZickpGZStHblkrRWdQYms2WkdRDQozQmViWWh0RjhHYVYwbnh2d3VvNzd4L1B5OWF1Si9HcHNNaXUvWDErbXZvaUJPdi8yWC9xa1NzaXNSY09qL0tLDQpORnRZMlB3QnlWUzV1Q2JNaW9nemlVd3RoRHlDMys2V1Z3VzZMTHYzeExmSFRqdUN2akhJSW5Oemt0SENnS1E1DQpPUkF6STRKTVBKK0dzbFdZSGI0cGhvd2ltNTdpYXp0WE9vSndUZHdKeDRuTENnZE5iT2hkanNudnpxdkh1N1VyDQpUa1hXU3RBbXpPVnl5Z2hxcFpYakZhSDNwTzNKTEYrbCsvK3NLQUl1dnRkN3UrTnhlNUFXMHdkZVJsTjhOd2RDDQpqTlBFbHB6Vm1iVXE0SlVhZ0VpdVREa0h6c3hIcEZLVks3cTQrNjNTTTFOOTVSMU5iZFdoc2NkQ2IrWkFKelZjDQpveWkzQjQzbmpUT1E1eU9mKzFDY2VXeEcxYlFWczVadWZwc01sanE0VWkwLzFsdmgrd2pDaFA0a3FLT0oycXhxDQo0Umdxc2FoRFlWdlRIOXc3alhieUxlaU5kZDhYTTJ3OVUvdDd5MEZmLzl5aTBHRTQ0WmE0ckYyTE45ZDExVFBBDQptUkd1blVIQmNuV0V2Z0pCUWw5bkpFaVUwWnNudmdjL3ViaFBnWFJSNFhxMzdaMGo0cjdnMVNnRUV6d3hBNTdkDQplbXlQeGdjWXhuL2VSNDQvS0o0RUJzK2xWRFIzdmV5Sm0ra1hROTliMjEvK2poNVhvczFBblg1aUl0cmVHQ2M9DQotLS0tLUVORCBDRVJUSUZJQ0FURS0tLS0tDQoNCjwvY2E+DQoNCg0KIyMjIyMjIyMjIyMjIyMjIyMjIyMjIyMjIyMjIyMjIyMjIyMjIyMjIyMjIyMjIyMjIyMjIyMjIyMjIyMjIyMjIyMjIyMjIyMjIyMjIyMjIw0KIyBUaGUgY2xpZW50IGNlcnRpZmljYXRlIGZpbGUgKGR1bW15KS4NCiMgDQojIEluIHNvbWUgaW1wbGVtZW50YXRpb25zIG9mIE9wZW5WUE4gQ2xpZW50IHNvZnR3YXJlDQojIChmb3IgZXhhbXBsZTogT3BlblZQTiBDbGllbnQgZm9yIGlPUyksDQojIGEgcGFpciBvZiBjbGllbnQgY2VydGlmaWNhdGUgYW5kIHByaXZhdGUga2V5IG11c3QgYmUgaW5jbHVkZWQgb24gdGhlDQojIGNvbmZpZ3VyYXRpb24gZmlsZSBkdWUgdG8gdGhlIGxpbWl0YXRpb24gb2YgdGhlIGNsaWVudC4NCiMgU28gdGhpcyBzYW1wbGUgY29uZmlndXJhdGlvbiBmaWxlIGhhcyBhIGR1bW15IHBhaXIgb2YgY2xpZW50IGNlcnRpZmljYXRlDQojIGFuZCBwcml2YXRlIGtleSBhcyBmb2xsb3dzLg0KDQo8Y2VydD4NCi0tLS0tQkVHSU4gQ0VSVElGSUNBVEUtLS0tLQ0KTUlJQ3hqQ0NBYTRDQVFBd0RRWUpLb1pJaHZjTkFRRUZCUUF3S1RFYU1CZ0dBMVVFQXhNUlZsQk9SMkYwWlVOcw0KYVdWdWRFTmxjblF4Q3pBSkJnTlZCQVlUQWtwUU1CNFhEVEV6TURJeE1UQXpORGswT1ZvWERUTTNNREV4T1RBeg0KTVRRd04xb3dLVEVhTUJnR0ExVUVBeE1SVmxCT1IyRjBaVU5zYVdWdWRFTmxjblF4Q3pBSkJnTlZCQVlUQWtwUQ0KTUlJQklqQU5CZ2txaGtpRzl3MEJBUUVGQUFPQ0FROEFNSUlCQ2dLQ0FRRUE1aDJsZ1FRWVVqd29LWUpielZaQQ0KNVZjSUdkNW90UGMvcVpSTXQwS0l0Q0ZBMHM5UndSZU5WYTlmRFJGTFJCaGNJVE9sdjNGQmNXM0U4aDFVczdSRA0KNFc4R21KZTh6YXBKbkxzRDM5T1NNUkN6WkpuY3pXNE9DSDFQWlJaV0txRHRqbE5jYTlBRjhhNjVqVG1sRHhDUQ0KQ2pudExJV2s1T0xMVmtGdDkvdFNjYzFHRHRjaTU1b2ZoYU5BWU1QaUg3VjgrMWc2NnBHSFhBb1dLNkFRVkg2Nw0KWENLSm5HQjVubFErSHNNWVBWL080OUxkOTFaTi8ydEhrY2FMTHlOdHl3eFZQUlNzUmg0ODBqanUwZmNDc3Y2aA0KcC8weVhuVEIvL21XdXRCR3BkVWxJYndpSVRiQW1yc2JZbmppZ1J2blBxWDFSTkpVYmk5RnA2QzJjL0hJRkpHRA0KeXdJREFRQUJNQTBHQ1NxR1NJYjNEUUVCQlFVQUE0SUJBUUNoTzVoZ2N3LzRvV2ZvRUZMdTlrQmExQi8va3hIOA0KaFFrQ2hWTm44QlJDN1kwVVJRaXRQbDNES0VlZDlVUkJEZGcyS09Bejc3YmI2RU5QaWxpRCthMzhVSkhJUk1xZQ0KVUJIaGxsT0hJenZEaEhGYmFvdkFMQlFjZWVCemRrUXhzS1FFU0ttUW1SODMyOTUwVUNvdm95UkI2MVV5QVY3aA0KK21aaFlQR1JLWEtTSkk2czBFZ2cvQ3JpK0N3azRiakpmcmI1aFZzZTExeWg0RDlNSGh3U2ZDT0grMHo0aFBVVA0KRmt1N2RHYXZVUk81U1Z4TW4vc0w2RW41RCtvU2VYa2FkSHBEcytBaXJ5bTJZSGgxNWgwK2pQU09vUjZ5aVZwLw0KNnpaZVprck40M2t1UzczS3BLREZqZkZQaDh0NHIxZ09JanR0a05jUXFCY2N1c25wbFE3SEpwc2sNCi0tLS0tRU5EIENFUlRJRklDQVRFLS0tLS0NCg0KPC9jZXJ0Pg0KDQo8a2V5Pg0KLS0tLS1CRUdJTiBSU0EgUFJJVkFURSBLRVktLS0tLQ0KTUlJRXBBSUJBQUtDQVFFQTVoMmxnUVFZVWp3b0tZSmJ6VlpBNVZjSUdkNW90UGMvcVpSTXQwS0l0Q0ZBMHM5Ug0Kd1JlTlZhOWZEUkZMUkJoY0lUT2x2M0ZCY1czRThoMVVzN1JENFc4R21KZTh6YXBKbkxzRDM5T1NNUkN6WkpuYw0Kelc0T0NIMVBaUlpXS3FEdGpsTmNhOUFGOGE2NWpUbWxEeENRQ2pudExJV2s1T0xMVmtGdDkvdFNjYzFHRHRjaQ0KNTVvZmhhTkFZTVBpSDdWOCsxZzY2cEdIWEFvV0s2QVFWSDY3WENLSm5HQjVubFErSHNNWVBWL080OUxkOTFaTg0KLzJ0SGtjYUxMeU50eXd4VlBSU3NSaDQ4MGpqdTBmY0NzdjZocC8weVhuVEIvL21XdXRCR3BkVWxJYndpSVRiQQ0KbXJzYlluamlnUnZuUHFYMVJOSlViaTlGcDZDMmMvSElGSkdEeXdJREFRQUJBb0lCQUVSVjdYNUF2eEE4dVJpSw0KazhTSXBzRDBkWDFwSk9NSXdha1VWeXZjNEVmTjBEaEtSTmI0cllvU2lFR1RMeXpMcHlCYy9BMjhEbGttNWVPWQ0KZmp6WGZZa0d0WWkvRnR4a2czTzl2Y3JNUTQrNmkrdUdIYUlMMnJMK3M0TXJmTzh2MXh2NitXa3kzM0VFR0NvdQ0KUWl3VkdSRlFYblJvUTYyTkJDRmJVTkxobVh3ZGoxYWtaekxVNHA1UjR6QTNRaGR4d0VJYXRWTHQwKzdvd0xRMw0KbFA4c2ZYaHBwUE9YalRxTUQ0UWtZd3pQQWE4L3pGN2FjbjRrcnlyVVA3UTZQQWZkMHpFVnFOeTlaQ1o5ZmZobw0KelhlZEZqNDg2SUZvYzVnblRwMk42anNuVmo0TENHSWhsVkhsWUdvektLRnFKY1FWR3NIQ3FxMW96MnpqVzZMUw0Kb1JZSUhnRUNnWUVBOHpacmtDd05ZU1hKdU9ESjNtL2hPTFZ4Y3hnSnV3WG9pRXJXZDBFNDJ2UGFuampWTWhudA0KS1k1bDhxR01KNkZoSzlMWXgycUNyZi9FMFh0VUFaMndWcTNPUlR5R25zTVdyZTl0TFlzNTVYK1pOMTBUYzc1eg0KNGhhY2JVMGhxS04xSGlEbXNNUlkzLzJOYVpIb3k3TUtud0pKQmFHNDhsOUNDVGxWd01Ib2NJRUNnWUVBOGpieQ0KZEdqeFRIKzZYSFdOaXpiNVNSYlp4QW55RWVKZVJ3VE1oMGdHendHUHBIL3NaWUd6eXUwU3lTWFdDblpoM1JncQ0KNXVMbE54dHJYcmxqWmx5aTJuUWRRZ3NxMllyV1VzMCt6Z1UrMjJ1UXNacFNBZnRtaFZydHZldDZNalZqYkJ5WQ0KREFEY2lFVlVkSllJWGsrcW5GVUp5ZXJvTElrVGo3V1lLWjZSamtzQ2dZQm9DRkl3UkRlZzQyb0s4OVJGbW5Pcg0KTHltTkFxNCsyb01oc1dsVmI0ZWpXSVdlQWs5bmMrR1hVZnJYc3pSaFMwMW1VblU1cjV5Z1V2UmNhclYvVDNVNw0KVG5NWitJN1k0RGdXUklEZDUxem5oeElCdFlWNWovQy90ODVIanFPa0grOGI2UlRrYmNoYVgzbWF1N2ZwVWZkcw0KRnEwbmhJcTQyZmhFTzhzcmZZWXdnUUtCZ1FDeWhpMU4vOHRhUndwayszL0lERXpRd2piZmR6VWtXV1NEazlYcw0KSC9wa3VSSFdmVE1QM2ZsV3FFWWdXL0xXNDBwZVcySERxNWltZFY4K0FnWnhlL1hNYmFqaTlMZ3dmMVJZMDA1bg0KS3hhWlF6N3lxSHVwV2xMR0Y2OERQSHhrWlZWU2FnRG5WL3N6dFdYNlNGc0NxRlZueElYaWZYR0M0Y1c1Tm05Zw0KdmE4cTRRS0JnUUNFaExWZVVmZHdLdmtaOTRnL0dGejczMVoyaHJkVmhnTVphVS91NnQwVjk1K1llelBOQ1FaQg0Kd21FOU1tbGJxMWVtRGVST2l2akNmb0doUjNrWlhXMXBUS2xMaDZaTVVRVU9wcHRkWHZhOFh4Zm9xUXdhM2VuQQ0KTTdtdUJiRjBYTjdWTzgwaUpQditQbUlaZEVJQWtwd0tmaTIwMVlCK0JhZkNJdUd4SUY1MFZnPT0NCi0tLS0tRU5EIFJTQSBQUklWQVRFIEtFWS0tLS0tDQoNCjwva2V5Pg0KDQo=
vpn430214613,118.41.0.114,1151925,24,24984801,Korea Republic of,KR,74,457916507,236260,49074567408134,2weeks,win10-DY's owner,,IyMjIyMjIyMjIyMjIyMjIyMjIyMjIyMjIyMjIyMjIyMjIyMjIyMjIyMjIyMjIyMjIyMjIyMjIyMjIyMjIyMjIyMjIyMjIyMjIyMjIyMjIw0KIyBPcGVuVlBOIDIuMCBTYW1wbGUgQ29uZmlndXJhdGlvbiBGaWxlDQojIGZvciBQYWNrZXRpWCBWUE4gLyBTb2Z0RXRoZXIgVlBOIFNlcnZlcg0KIyANCiMgISEhIEFVVE8tR0VORVJBVEVEIEJZIFNPRlRFVEhFUiBWUE4gU0VSVkVSIE1BTkFHRU1FTlQgVE9PTCAhISENCiMgDQojICEhISBZT1UgSEFWRSBUTyBSRVZJRVcgSVQgQkVGT1JFIFVTRSBBTkQgTU9ESUZZIElUIEFTIE5FQ0VTU0FSWSAhISENCiMgDQojIFRoaXMgY29uZmlndXJhdGlvbiBmaWxlIGlzIGF1dG8tZ2VuZXJhdGVkLiBZb3UgbWlnaHQgdXNlIHRoaXMgY29uZmlnIGZpbGUNCiMgaW4gb3JkZXIgdG8gY29ubmVjdCB0byB0aGUgUGFja2V0aVggVlBOIC8gU29mdEV0aGVyIFZQTiBTZXJ2ZXIuDQojIEhvd2V2ZXIsIGJlZm9yZSB5b3UgdHJ5IGl0LCB5b3Ugc2hvdWxkIHJldmlldyB0aGUgZGVzY3JpcHRpb25zIG9mIHRoZSBmaWxlDQojIHRvIGRldGVybWluZSB0aGUgbmVjZXNzaXR5IHRvIG1vZGlmeSB0byBzdWl0YWJsZSBmb3IgeW91ciByZWFsIGVudmlyb25tZW50Lg0KIyBJZiBuZWNlc3NhcnksIHlvdSBoYXZlIHRvIG1vZGlmeSBhIGxpdHRsZSBhZGVxdWF0ZWx5IG9uIHRoZSBmaWxlLg0KIyBGb3IgZXhhbXBsZSwgdGhlIElQIGFkZHJlc3Mgb3IgdGhlIGhvc3RuYW1lIGFzIGEgZGVzdGluYXRpb24gVlBOIFNlcnZlcg0KIyBzaG91bGQgYmUgY29uZmlybWVkLg0KIyANCiMgTm90ZSB0aGF0IHRvIHVzZSBPcGVuVlBOIDIuMCwgeW91IGhhdmUgdG8gcHV0IHRoZSBjZXJ0aWZpY2F0aW9uIGZpbGUgb2YNCiMgdGhlIGRlc3RpbmF0aW9uIFZQTiBTZXJ2ZXIgb24gdGhlIE9wZW5WUE4gQ2xpZW50IGNvbXB1dGVyIHdoZW4geW91IHVzZSB0aGlzDQojIGNvbmZpZyBmaWxlLiBQbGVhc2UgcmVmZXIgdGhlIGJlbG93IGRlc2NyaXB0aW9ucyBjYXJlZnVsbHkuDQoNCg0KIyMjIyMjIyMjIyMjIyMjIyMjIyMjIyMjIyMjIyMjIyMjIyMjIyMjIyMjIyMjIyMjIyMjIyMjIyMjIyMjIyMjIyMjIyMjIyMjIyMjIyMjIw0KIyBTcGVjaWZ5IHRoZSB0eXBlIG9mIHRoZSBsYXllciBvZiB0aGUgVlBOIGNvbm5lY3Rpb24uDQojIA0KIyBUbyBjb25uZWN0IHRvIHRoZSBWUE4gU2VydmVyIGFzIGEgIlJlbW90ZS1BY2Nlc3MgVlBOIENsaWVudCBQQyIsDQojICBzcGVjaWZ5ICdkZXYgdHVuJy4gKExheWVyLTMgSVAgUm91dGluZyBNb2RlKQ0KIw0KIyBUbyBjb25uZWN0IHRvIHRoZSBWUE4gU2VydmVyIGFzIGEgYnJpZGdpbmcgZXF1aXBtZW50IG9mICJTaXRlLXRvLVNpdGUgVlBOIiwNCiMgIHNwZWNpZnkgJ2RldiB0YXAnLiAoTGF5ZXItMiBFdGhlcm5ldCBCcmlkZ2luZSBNb2RlKQ0KDQpkZXYgdHVuDQoNCg0KIyMjIyMjIyMjIyMjIyMjIyMjIyMjIyMjIyMjIyMjIyMjIyMjIyMjIyMjIyMjIyMjIyMjIyMjIyMjIyMjIyMjIyMjIyMjIyMjIyMjIyMjIw0KIyBTcGVjaWZ5IHRoZSB1bmRlcmx5aW5nIHByb3RvY29sIGJleW9uZCB0aGUgSW50ZXJuZXQuDQojIE5vdGUgdGhhdCB0aGlzIHNldHRpbmcgbXVzdCBiZSBjb3JyZXNwb25kIHdpdGggdGhlIGxpc3RlbmluZyBzZXR0aW5nIG9uDQojIHRoZSBWUE4gU2VydmVyLg0KIyANCiMgU3BlY2lmeSBlaXRoZXIgJ3Byb3RvIHRjcCcgb3IgJ3Byb3RvIHVkcCcuDQoNCnByb3RvIHRjcA0KDQoNCiMjIyMjIyMjIyMjIyMjIyMjIyMjIyMjIyMjIyMjIyMjIyMjIyMjIyMjIyMjIyMjIyMjIyMjIyMjIyMjIyMjIyMjIyMjIyMjIyMjIyMjIyMNCiMgVGhlIGRlc3RpbmF0aW9uIGhvc3RuYW1lIC8gSVAgYWRkcmVzcywgYW5kIHBvcnQgbnVtYmVyIG9mDQojIHRoZSB0YXJnZXQgVlBOIFNlcnZlci4NCiMgDQojIFlvdSBoYXZlIHRvIHNwZWNpZnkgYXMgJ3JlbW90ZSA8SE9TVE5BTUU+IDxQT1JUPicuIFlvdSBjYW4gYWxzbw0KIyBzcGVjaWZ5IHRoZSBJUCBhZGRyZXNzIGluc3RlYWQgb2YgdGhlIGhvc3RuYW1lLg0KIyANCiMgTm90ZSB0aGF0IHRoZSBhdXRvLWdlbmVyYXRlZCBiZWxvdyBob3N0bmFtZSBhcmUgYSAiYXV0by1kZXRlY3RlZA0KIyBJUCBhZGRyZXNzIiBvZiB0aGUgVlBOIFNlcnZlci4gWW91IGhhdmUgdG8gY29uZmlybSB0aGUgY29ycmVjdG5lc3MNCiMgYmVmb3JlaGFuZC4NCiMgDQojIFdoZW4geW91IHdhbnQgdG8gY29ubmVjdCB0byB0aGUgVlBOIFNlcnZlciBieSB1c2luZyBUQ1AgcHJvdG9jb2wsDQojIHRoZSBwb3J0IG51bWJlciBvZiB0aGUgZGVzdGluYXRpb24gVENQIHBvcnQgc2hvdWxkIGJlIHNhbWUgYXMgb25lIG9mDQojIHRoZSBhdmFpbGFibGUgVENQIGxpc3RlbmVycyBvbiB0aGUgVlBOIFNlcnZlci4NCiMgDQojIFdoZW4geW91IHVzZSBVRFAgcHJvdG9jb2wsIHRoZSBwb3J0IG51bWJlciBtdXN0IHNhbWUgYXMgdGhlIGNvbmZpZ3VyYXRpb24NCiMgc2V0dGluZyBvZiAiT3BlblZQTiBTZXJ2ZXIgQ29tcGF0aWJsZSBGdW5jdGlvbiIgb24gdGhlIFZQTiBTZXJ2ZXIuDQoNCnJlbW90ZSAxMTguNDEuMC4xMTQgOTk1DQoNCg0KIyMjIyMjIyMjIyMjIyMjIyMjIyMjIyMjIyMjIyMjIyMjIyMjIyMjIyMjIyMjIyMjIyMjIyMjIyMjIyMjIyMjIyMjIyMjIyMjIyMjIyMjIw0KIyBUaGUgSFRUUC9IVFRQUyBwcm94eSBzZXR0aW5nLg0KIyANCiMgT25seSBpZiB5b3UgaGF2ZSB0byB1c2UgdGhlIEludGVybmV0IHZpYSBhIHByb3h5LCB1bmNvbW1lbnQgdGhlIGJlbG93DQojIHR3byBsaW5lcyBhbmQgc3BlY2lmeSB0aGUgcHJveHkgYWRkcmVzcyBhbmQgdGhlIHBvcnQgbnVtYmVyLg0KIyBJbiB0aGUgY2FzZSBvZiB1c2luZyBwcm94eS1hdXRoZW50aWNhdGlvbiwgcmVmZXIgdGhlIE9wZW5WUE4gbWFudWFsLg0KDQo7aHR0cC1wcm94eS1yZXRyeQ0KO2h0dHAtcHJveHkgW3Byb3h5IHNlcnZlcl0gW3Byb3h5IHBvcnRdDQoNCg0KIyMjIyMjIyMjIyMjIyMjIyMjIyMjIyMjIyMjIyMjIyMjIyMjIyMjIyMjIyMjIyMjIyMjIyMjIyMjIyMjIyMjIyMjIyMjIyMjIyMjIyMjIw0KIyBUaGUgZW5jcnlwdGlvbiBhbmQgYXV0aGVudGljYXRpb24gYWxnb3JpdGhtLg0KIyANCiMgRGVmYXVsdCBzZXR0aW5nIGlzIGdvb2QuIE1vZGlmeSBpdCBhcyB5b3UgcHJlZmVyLg0KIyBXaGVuIHlvdSBzcGVjaWZ5IGFuIHVuc3VwcG9ydGVkIGFsZ29yaXRobSwgdGhlIGVycm9yIHdpbGwgb2NjdXIuDQojIA0KIyBUaGUgc3VwcG9ydGVkIGFsZ29yaXRobXMgYXJlIGFzIGZvbGxvd3M6DQojICBjaXBoZXI6IFtOVUxMLUNJUEhFUl0gTlVMTCBBRVMtMTI4LUNCQyBBRVMtMTkyLUNCQyBBRVMtMjU2LUNCQyBCRi1DQkMNCiMgICAgICAgICAgQ0FTVC1DQkMgQ0FTVDUtQ0JDIERFUy1DQkMgREVTLUVERS1DQkMgREVTLUVERTMtQ0JDIERFU1gtQ0JDDQojICAgICAgICAgIFJDMi00MC1DQkMgUkMyLTY0LUNCQyBSQzItQ0JDDQojICBhdXRoOiAgIFNIQSBTSEExIE1ENSBNRDQgUk1EMTYwDQoNCmNpcGhlciBBRVMtMTI4LUNCQw0KYXV0aCBTSEExDQoNCg0KIyMjIyMjIyMjIyMjIyMjIyMjIyMjIyMjIyMjIyMjIyMjIyMjIyMjIyMjIyMjIyMjIyMjIyMjIyMjIyMjIyMjIyMjIyMjIyMjIyMjIyMjIw0KIyBPdGhlciBwYXJhbWV0ZXJzIG5lY2Vzc2FyeSB0byBjb25uZWN0IHRvIHRoZSBWUE4gU2VydmVyLg0KIyANCiMgSXQgaXMgbm90IHJlY29tbWVuZGVkIHRvIG1vZGlmeSBpdCB1bmxlc3MgeW91IGhhdmUgYSBwYXJ0aWN1bGFyIG5lZWQuDQoNCnJlc29sdi1yZXRyeSBpbmZpbml0ZQ0Kbm9iaW5kDQpwZXJzaXN0LWtleQ0KcGVyc2lzdC10dW4NCmNsaWVudA0KdmVyYiAzDQojYXV0aC11c2VyLXBhc3MNCg0KDQojIyMjIyMjIyMjIyMjIyMjIyMjIyMjIyMjIyMjIyMjIyMjIyMjIyMjIyMjIyMjIyMjIyMjIyMjIyMjIyMjIyMjIyMjIyMjIyMjIyMjIyMjDQojIFRoZSBjZXJ0aWZpY2F0ZSBmaWxlIG9mIHRoZSBkZXN0aW5hdGlvbiBWUE4gU2VydmVyLg0KIyANCiMgVGhlIENBIGNlcnRpZmljYXRlIGZpbGUgaXMgZW1iZWRkZWQgaW4gdGhlIGlubGluZSBmb3JtYXQuDQojIFlvdSBjYW4gcmVwbGFjZSB0aGlzIENBIGNvbnRlbnRzIGlmIG5lY2Vzc2FyeS4NCiMgUGxlYXNlIG5vdGUgdGhhdCBpZiB0aGUgc2VydmVyIGNlcnRpZmljYXRlIGlzIG5vdCBhIHNlbGYtc2lnbmVkLCB5b3UgaGF2ZSB0bw0KIyBzcGVjaWZ5IHRoZSBzaWduZXIncyByb290IGNlcnRpZmljYXRlIChDQSkgaGVyZS4NCg0KPGNhPg0KLS0tLS1CRUdJTiBDRVJUSUZJQ0FURS0tLS0tDQpNSUlGYXpDQ0ExT2dBd0lCQWdJUkFJSVF6N0RTUU9OWlJHUGd1Mk9DaXdBd0RRWUpLb1pJaHZjTkFRRUxCUUF3DQpUekVMTUFrR0ExVUVCaE1DVlZNeEtUQW5CZ05WQkFvVElFbHVkR1Z5Ym1WMElGTmxZM1Z5YVhSNUlGSmxjMlZoDQpjbU5vSUVkeWIzVndNUlV3RXdZRFZRUURFd3hKVTFKSElGSnZiM1FnV0RFd0hoY05NVFV3TmpBME1URXdORE00DQpXaGNOTXpVd05qQTBNVEV3TkRNNFdqQlBNUXN3Q1FZRFZRUUdFd0pWVXpFcE1DY0dBMVVFQ2hNZ1NXNTBaWEp1DQpaWFFnVTJWamRYSnBkSGtnVW1WelpXRnlZMmdnUjNKdmRYQXhGVEFUQmdOVkJBTVRERWxUVWtjZ1VtOXZkQ0JZDQpNVENDQWlJd0RRWUpLb1pJaHZjTkFRRUJCUUFEZ2dJUEFEQ0NBZ29DZ2dJQkFLM29KSFAwRkRmem01NHJWeWdjDQpoNzdjdDk4NGtJeHVQT1pYb0hqM2RjS2kvdlZxYnZZQVR5amIzbWlHYkVTVHRyRmovUlFTYTc4ZjB1b3hteUYrDQowVE04dWtqMTNYbmZzN2ovRXZFaG1rdkJpb1p4YVVwbVpteVBmanh3djYwcElnYno1TURtZ0s3aVM0KzNtWDZVDQpBNS9UUjVkOG1VZ2pVK2c0cms4S2I0TXUwVWxYaklCMHR0b3YwRGlOZXdOd0lSdDE4akE4K28rdTNkcGpxK3NXDQpUOEtPRVV0K3p3dm8vN1YzTHZTeWUwcmdUQklsREhDTkF5bWc0Vk1rN0JQWjdobS9FTE5LakQrSm8yRlIzcXlIDQpCNVQwWTNIc0x1SnZXNWlCNFlsY05IbHNkdTg3a0dKNTV0dWttaThteGRBUTRRN2UyUkNPRnZ1Mzk2ajN4K1VDDQpCNWlQTmdpVjUrSTNsZzAyZFo3N0RuS3hIWnU4QS9sSkJkaUIzUVcwS3RaQjZhd0JkcFVLRDlqZjFiMFNIelV2DQpLQmRzMHBqQnFBbGtkMjVITjdyT3JGbGVhSjEvY3RhSnhRWkJLVDVaUHQwbTlTVEpFYWRhbzB4QUgwYWhtYlduDQpPbEZ1aGp1ZWZYS25FZ1Y0V2UwK1VYZ1ZDd09QamRBdkJiSStlMG9jUzNNRkV2ekc2dUJRRTN4RGszU3p5blRuDQpqaDhCQ05BdzFGdHhOclFIdXNFd01GeEl0NEk3bUtaOVlJcWlveW1DekxxOWd3UWJvb01EUWFIV0JmRWJ3cmJ3DQpxSHlHTzBhb1NDcUkzSGFhZHI4ZmFxVTlHWS9yT1BOazNzZ3JEUW9vLy9mYjRoVkMxQ0xRSjEzaGVmNFk1M0NJDQpyVTdtMllzNnh0MG5VVzcvdkdUMU0wTlBBZ01CQUFHalFqQkFNQTRHQTFVZER3RUIvd1FFQXdJQkJqQVBCZ05WDQpIUk1CQWY4RUJUQURBUUgvTUIwR0ExVWREZ1FXQkJSNXRGbm1lN2JsNUFGemdBaUl5QnBZOXVtYmJqQU5CZ2txDQpoa2lHOXcwQkFRc0ZBQU9DQWdFQVZSOVlxYnl5cUZEUURMSFlHbWtnSnlrSXJHRjFYSXB1K0lMbGFTL1Y5bFpMDQp1Ymh6RUZuVElaZCs1MHh4KzdMU1lLMDVxQXZxRnlGV2hmRlFEbG5yenVCWjZickpGZStHblkrRWdQYms2WkdRDQozQmViWWh0RjhHYVYwbnh2d3VvNzd4L1B5OWF1Si9HcHNNaXUvWDErbXZvaUJPdi8yWC9xa1NzaXNSY09qL0tLDQpORnRZMlB3QnlWUzV1Q2JNaW9nemlVd3RoRHlDMys2V1Z3VzZMTHYzeExmSFRqdUN2akhJSW5Oemt0SENnS1E1DQpPUkF6STRKTVBKK0dzbFdZSGI0cGhvd2ltNTdpYXp0WE9vSndUZHdKeDRuTENnZE5iT2hkanNudnpxdkh1N1VyDQpUa1hXU3RBbXpPVnl5Z2hxcFpYakZhSDNwTzNKTEYrbCsvK3NLQUl1dnRkN3UrTnhlNUFXMHdkZVJsTjhOd2RDDQpqTlBFbHB6Vm1iVXE0SlVhZ0VpdVREa0h6c3hIcEZLVks3cTQrNjNTTTFOOTVSMU5iZFdoc2NkQ2IrWkFKelZjDQpveWkzQjQzbmpUT1E1eU9mKzFDY2VXeEcxYlFWczVadWZwc01sanE0VWkwLzFsdmgrd2pDaFA0a3FLT0oycXhxDQo0Umdxc2FoRFlWdlRIOXc3alhieUxlaU5kZDhYTTJ3OVUvdDd5MEZmLzl5aTBHRTQ0WmE0ckYyTE45ZDExVFBBDQptUkd1blVIQmNuV0V2Z0pCUWw5bkpFaVUwWnNudmdjL3ViaFBnWFJSNFhxMzdaMGo0cjdnMVNnRUV6d3hBNTdkDQplbXlQeGdjWXhuL2VSNDQvS0o0RUJzK2xWRFIzdmV5Sm0ra1hROTliMjEvK2poNVhvczFBblg1aUl0cmVHQ2M9DQotLS0tLUVORCBDRVJUSUZJQ0FURS0tLS0tDQoNCjwvY2E+DQoNCg0KIyMjIyMjIyMjIyMjIyMjIyMjIyMjIyMjIyMjIyMjIyMjIyMjIyMjIyMjIyMjIyMjIyMjIyMjIyMjIyMjIyMjIyMjIyMjIyMjIyMjIyMjIw0KIyBUaGUgY2xpZW50IGNlcnRpZmljYXRlIGZpbGUgKGR1bW15KS4NCiMgDQojIEluIHNvbWUgaW1wbGVtZW50YXRpb25zIG9mIE9wZW5WUE4gQ2xpZW50IHNvZnR3YXJlDQojIChmb3IgZXhhbXBsZTogT3BlblZQTiBDbGllbnQgZm9yIGlPUyksDQojIGEgcGFpciBvZiBjbGllbnQgY2VydGlmaWNhdGUgYW5kIHByaXZhdGUga2V5IG11c3QgYmUgaW5jbHVkZWQgb24gdGhlDQojIGNvbmZpZ3VyYXRpb24gZmlsZSBkdWUgdG8gdGhlIGxpbWl0YXRpb24gb2YgdGhlIGNsaWVudC4NCiMgU28gdGhpcyBzYW1wbGUgY29uZmlndXJhdGlvbiBmaWxlIGhhcyBhIGR1bW15IHBhaXIgb2YgY2xpZW50IGNlcnRpZmljYXRlDQojIGFuZCBwcml2YXRlIGtleSBhcyBmb2xsb3dzLg0KDQo8Y2VydD4NCi0tLS0tQkVHSU4gQ0VSVElGSUNBVEUtLS0tLQ0KTUlJQ3hqQ0NBYTRDQVFBd0RRWUpLb1pJaHZjTkFRRUZCUUF3S1RFYU1CZ0dBMVVFQXhNUlZsQk9SMkYwWlVOcw0KYVdWdWRFTmxjblF4Q3pBSkJnTlZCQVlUQWtwUU1CNFhEVEV6TURJeE1UQXpORGswT1ZvWERUTTNNREV4T1RBeg0KTVRRd04xb3dLVEVhTUJnR0ExVUVBeE1SVmxCT1IyRjBaVU5zYVdWdWRFTmxjblF4Q3pBSkJnTlZCQVlUQWtwUQ0KTUlJQklqQU5CZ2txaGtpRzl3MEJBUUVGQUFPQ0FROEFNSUlCQ2dLQ0FRRUE1aDJsZ1FRWVVqd29LWUpielZaQQ0KNVZjSUdkNW90UGMvcVpSTXQwS0l0Q0ZBMHM5UndSZU5WYTlmRFJGTFJCaGNJVE9sdjNGQmNXM0U4aDFVczdSRA0KNFc4R21KZTh6YXBKbkxzRDM5T1NNUkN6WkpuY3pXNE9DSDFQWlJaV0txRHRqbE5jYTlBRjhhNjVqVG1sRHhDUQ0KQ2pudExJV2s1T0xMVmtGdDkvdFNjYzFHRHRjaTU1b2ZoYU5BWU1QaUg3VjgrMWc2NnBHSFhBb1dLNkFRVkg2Nw0KWENLSm5HQjVubFErSHNNWVBWL080OUxkOTFaTi8ydEhrY2FMTHlOdHl3eFZQUlNzUmg0ODBqanUwZmNDc3Y2aA0KcC8weVhuVEIvL21XdXRCR3BkVWxJYndpSVRiQW1yc2JZbmppZ1J2blBxWDFSTkpVYmk5RnA2QzJjL0hJRkpHRA0KeXdJREFRQUJNQTBHQ1NxR1NJYjNEUUVCQlFVQUE0SUJBUUNoTzVoZ2N3LzRvV2ZvRUZMdTlrQmExQi8va3hIOA0KaFFrQ2hWTm44QlJDN1kwVVJRaXRQbDNES0VlZDlVUkJEZGcyS09Bejc3YmI2RU5QaWxpRCthMzhVSkhJUk1xZQ0KVUJIaGxsT0hJenZEaEhGYmFvdkFMQlFjZWVCemRrUXhzS1FFU0ttUW1SODMyOTUwVUNvdm95UkI2MVV5QVY3aA0KK21aaFlQR1JLWEtTSkk2czBFZ2cvQ3JpK0N3azRiakpmcmI1aFZzZTExeWg0RDlNSGh3U2ZDT0grMHo0aFBVVA0KRmt1N2RHYXZVUk81U1Z4TW4vc0w2RW41RCtvU2VYa2FkSHBEcytBaXJ5bTJZSGgxNWgwK2pQU09vUjZ5aVZwLw0KNnpaZVprck40M2t1UzczS3BLREZqZkZQaDh0NHIxZ09JanR0a05jUXFCY2N1c25wbFE3SEpwc2sNCi0tLS0tRU5EIENFUlRJRklDQVRFLS0tLS0NCg0KPC9jZXJ0Pg0KDQo8a2V5Pg0KLS0tLS1CRUdJTiBSU0EgUFJJVkFURSBLRVktLS0tLQ0KTUlJRXBBSUJBQUtDQVFFQTVoMmxnUVFZVWp3b0tZSmJ6VlpBNVZjSUdkNW90UGMvcVpSTXQwS0l0Q0ZBMHM5Ug0Kd1JlTlZhOWZEUkZMUkJoY0lUT2x2M0ZCY1czRThoMVVzN1JENFc4R21KZTh6YXBKbkxzRDM5T1NNUkN6WkpuYw0Kelc0T0NIMVBaUlpXS3FEdGpsTmNhOUFGOGE2NWpUbWxEeENRQ2pudExJV2s1T0xMVmtGdDkvdFNjYzFHRHRjaQ0KNTVvZmhhTkFZTVBpSDdWOCsxZzY2cEdIWEFvV0s2QVFWSDY3WENLSm5HQjVubFErSHNNWVBWL080OUxkOTFaTg0KLzJ0SGtjYUxMeU50eXd4VlBSU3NSaDQ4MGpqdTBmY0NzdjZocC8weVhuVEIvL21XdXRCR3BkVWxJYndpSVRiQQ0KbXJzYlluamlnUnZuUHFYMVJOSlViaTlGcDZDMmMvSElGSkdEeXdJREFRQUJBb0lCQUVSVjdYNUF2eEE4dVJpSw0KazhTSXBzRDBkWDFwSk9NSXdha1VWeXZjNEVmTjBEaEtSTmI0cllvU2lFR1RMeXpMcHlCYy9BMjhEbGttNWVPWQ0KZmp6WGZZa0d0WWkvRnR4a2czTzl2Y3JNUTQrNmkrdUdIYUlMMnJMK3M0TXJmTzh2MXh2NitXa3kzM0VFR0NvdQ0KUWl3VkdSRlFYblJvUTYyTkJDRmJVTkxobVh3ZGoxYWtaekxVNHA1UjR6QTNRaGR4d0VJYXRWTHQwKzdvd0xRMw0KbFA4c2ZYaHBwUE9YalRxTUQ0UWtZd3pQQWE4L3pGN2FjbjRrcnlyVVA3UTZQQWZkMHpFVnFOeTlaQ1o5ZmZobw0KelhlZEZqNDg2SUZvYzVnblRwMk42anNuVmo0TENHSWhsVkhsWUdvektLRnFKY1FWR3NIQ3FxMW96MnpqVzZMUw0Kb1JZSUhnRUNnWUVBOHpacmtDd05ZU1hKdU9ESjNtL2hPTFZ4Y3hnSnV3WG9pRXJXZDBFNDJ2UGFuampWTWhudA0KS1k1bDhxR01KNkZoSzlMWXgycUNyZi9FMFh0VUFaMndWcTNPUlR5R25zTVdyZTl0TFlzNTVYK1pOMTBUYzc1eg0KNGhhY2JVMGhxS04xSGlEbXNNUlkzLzJOYVpIb3k3TUtud0pKQmFHNDhsOUNDVGxWd01Ib2NJRUNnWUVBOGpieQ0KZEdqeFRIKzZYSFdOaXpiNVNSYlp4QW55RWVKZVJ3VE1oMGdHendHUHBIL3NaWUd6eXUwU3lTWFdDblpoM1JncQ0KNXVMbE54dHJYcmxqWmx5aTJuUWRRZ3NxMllyV1VzMCt6Z1UrMjJ1UXNacFNBZnRtaFZydHZldDZNalZqYkJ5WQ0KREFEY2lFVlVkSllJWGsrcW5GVUp5ZXJvTElrVGo3V1lLWjZSamtzQ2dZQm9DRkl3UkRlZzQyb0s4OVJGbW5Pcg0KTHltTkFxNCsyb01oc1dsVmI0ZWpXSVdlQWs5bmMrR1hVZnJYc3pSaFMwMW1VblU1cjV5Z1V2UmNhclYvVDNVNw0KVG5NWitJN1k0RGdXUklEZDUxem5oeElCdFlWNWovQy90ODVIanFPa0grOGI2UlRrYmNoYVgzbWF1N2ZwVWZkcw0KRnEwbmhJcTQyZmhFTzhzcmZZWXdnUUtCZ1FDeWhpMU4vOHRhUndwayszL0lERXpRd2piZmR6VWtXV1NEazlYcw0KSC9wa3VSSFdmVE1QM2ZsV3FFWWdXL0xXNDBwZVcySERxNWltZFY4K0FnWnhlL1hNYmFqaTlMZ3dmMVJZMDA1bg0KS3hhWlF6N3lxSHVwV2xMR0Y2OERQSHhrWlZWU2FnRG5WL3N6dFdYNlNGc0NxRlZueElYaWZYR0M0Y1c1Tm05Zw0KdmE4cTRRS0JnUUNFaExWZVVmZHdLdmtaOTRnL0dGejczMVoyaHJkVmhnTVphVS91NnQwVjk1K1llelBOQ1FaQg0Kd21FOU1tbGJxMWVtRGVST2l2akNmb0doUjNrWlhXMXBUS2xMaDZaTVVRVU9wcHRkWHZhOFh4Zm9xUXdhM2VuQQ0KTTdtdUJiRjBYTjdWTzgwaUpQditQbUlaZEVJQWtwd0tmaTIwMVlCK0JhZkNJdUd4SUY1MFZnPT0NCi0tLS0tRU5EIFJTQSBQUklWQVRFIEtFWS0tLS0tDQoNCjwva2V5Pg0KDQo=
vpn229940546,114.19.146.163,1146918,4,604781396,Japan,JP,87,360839507,35574,8944095045186,2weeks,gippy's owner,,IyMjIyMjIyMjIyMjIyMjIyMjIyMjIyMjIyMjIyMjIyMjIyMjIyMjIyMjIyMjIyMjIyMjIyMjIyMjIyMjIyMjIyMjIyMjIyMjIyMjIyMjIw0KIyBPcGVuVlBOIDIuMCBTYW1wbGUgQ29uZmlndXJhdGlvbiBGaWxlDQojIGZvciBQYWNrZXRpWCBWUE4gLyBTb2Z0RXRoZXIgVlBOIFNlcnZlcg0KIyANCiMgISEhIEFVVE8tR0VORVJBVEVEIEJZIFNPRlRFVEhFUiBWUE4gU0VSVkVSIE1BTkFHRU1FTlQgVE9PTCAhISENCiMgDQojICEhISBZT1UgSEFWRSBUTyBSRVZJRVcgSVQgQkVGT1JFIFVTRSBBTkQgTU9ESUZZIElUIEFTIE5FQ0VTU0FSWSAhISENCiMgDQojIFRoaXMgY29uZmlndXJhdGlvbiBmaWxlIGlzIGF1dG8tZ2VuZXJhdGVkLiBZb3UgbWlnaHQgdXNlIHRoaXMgY29uZmlnIGZpbGUNCiMgaW4gb3JkZXIgdG8gY29ubmVjdCB0byB0aGUgUGFja2V0aVggVlBOIC8gU29mdEV0aGVyIFZQTiBTZXJ2ZXIuDQojIEhvd2V2ZXIsIGJlZm9yZSB5b3UgdHJ5IGl0LCB5b3Ugc2hvdWxkIHJldmlldyB0aGUgZGVzY3JpcHRpb25zIG9mIHRoZSBmaWxlDQojIHRvIGRldGVybWluZSB0aGUgbmVjZXNzaXR5IHRvIG1vZGlmeSB0byBzdWl0YWJsZSBmb3IgeW91ciByZWFsIGVudmlyb25tZW50Lg0KIyBJZiBuZWNlc3NhcnksIHlvdSBoYXZlIHRvIG1vZGlmeSBhIGxpdHRsZSBhZGVxdWF0ZWx5IG9uIHRoZSBmaWxlLg0KIyBGb3IgZXhhbXBsZSwgdGhlIElQIGFkZHJlc3Mgb3IgdGhlIGhvc3RuYW1lIGFzIGEgZGVzdGluYXRpb24gVlBOIFNlcnZlcg0KIyBzaG91bGQgYmUgY29uZmlybWVkLg0KIyANCiMgTm90ZSB0aGF0IHRvIHVzZSBPcGVuVlBOIDIuMCwgeW91IGhhdmUgdG8gcHV0IHRoZSBjZXJ0aWZpY2F0aW9uIGZpbGUgb2YNCiMgdGhlIGRlc3RpbmF0aW9uIFZQTiBTZXJ2ZXIgb24gdGhlIE9wZW5WUE4gQ2xpZW50IGNvbXB1dGVyIHdoZW4geW91IHVzZSB0aGlzDQojIGNvbmZpZyBmaWxlLiBQbGVhc2UgcmVmZXIgdGhlIGJlbG93IGRlc2NyaXB0aW9ucyBjYXJlZnVsbHkuDQoNCg0KIyMjIyMjIyMjIyMjIyMjIyMjIyMjIyMjIyMjIyMjIyMjIyMjIyMjIyMjIyMjIyMjIyMjIyMjIyMjIyMjIyMjIyMjIyMjIyMjIyMjIyMjIw0KIyBTcGVjaWZ5IHRoZSB0eXBlIG9mIHRoZSBsYXllciBvZiB0aGUgVlBOIGNvbm5lY3Rpb24uDQojIA0KIyBUbyBjb25uZWN0IHRvIHRoZSBWUE4gU2VydmVyIGFzIGEgIlJlbW90ZS1BY2Nlc3MgVlBOIENsaWVudCBQQyIsDQojICBzcGVjaWZ5ICdkZXYgdHVuJy4gKExheWVyLTMgSVAgUm91dGluZyBNb2RlKQ0KIw0KIyBUbyBjb25uZWN0IHRvIHRoZSBWUE4gU2VydmVyIGFzIGEgYnJpZGdpbmcgZXF1aXBtZW50IG9mICJTaXRlLXRvLVNpdGUgVlBOIiwNCiMgIHNwZWNpZnkgJ2RldiB0YXAnLiAoTGF5ZXItMiBFdGhlcm5ldCBCcmlkZ2luZSBNb2RlKQ0KDQpkZXYgdHVuDQoNCg0KIyMjIyMjIyMjIyMjIyMjIyMjIyMjIyMjIyMjIyMjIyMjIyMjIyMjIyMjIyMjIyMjIyMjIyMjIyMjIyMjIyMjIyMjIyMjIyMjIyMjIyMjIw0KIyBTcGVjaWZ5IHRoZSB1bmRlcmx5aW5nIHByb3RvY29sIGJleW9uZCB0aGUgSW50ZXJuZXQuDQojIE5vdGUgdGhhdCB0aGlzIHNldHRpbmcgbXVzdCBiZSBjb3JyZXNwb25kIHdpdGggdGhlIGxpc3RlbmluZyBzZXR0aW5nIG9uDQojIHRoZSBWUE4gU2VydmVyLg0KIyANCiMgU3BlY2lmeSBlaXRoZXIgJ3Byb3RvIHRjcCcgb3IgJ3Byb3RvIHVkcCcuDQoNCnByb3RvIHRjcA0KDQoNCiMjIyMjIyMjIyMjIyMjIyMjIyMjIyMjIyMjIyMjIyMjIyMjIyMjIyMjIyMjIyMjIyMjIyMjIyMjIyMjIyMjIyMjIyMjIyMjIyMjIyMjIyMNCiMgVGhlIGRlc3RpbmF0aW9uIGhvc3RuYW1lIC8gSVAgYWRkcmVzcywgYW5kIHBvcnQgbnVtYmVyIG9mDQojIHRoZSB0YXJnZXQgVlBOIFNlcnZlci4NCiMgDQojIFlvdSBoYXZlIHRvIHNwZWNpZnkgYXMgJ3JlbW90ZSA8SE9TVE5BTUU+IDxQT1JUPicuIFlvdSBjYW4gYWxzbw0KIyBzcGVjaWZ5IHRoZSBJUCBhZGRyZXNzIGluc3RlYWQgb2YgdGhlIGhvc3RuYW1lLg0KIyANCiMgTm90ZSB0aGF0IHRoZSBhdXRvLWdlbmVyYXRlZCBiZWxvdyBob3N0bmFtZSBhcmUgYSAiYXV0by1kZXRlY3RlZA0KIyBJUCBhZGRyZXNzIiBvZiB0aGUgVlBOIFNlcnZlci4gWW91IGhhdmUgdG8gY29uZmlybSB0aGUgY29ycmVjdG5lc3MNCiMgYmVmb3JlaGFuZC4NCiMgDQojIFdoZW4geW91IHdhbnQgdG8gY29ubmVjdCB0byB0aGUgVlBOIFNlcnZlciBieSB1c2luZyBUQ1AgcHJvdG9jb2wsDQojIHRoZSBwb3J0IG51bWJlciBvZiB0aGUgZGVzdGluYXRpb24gVENQIHBvcnQgc2hvdWxkIGJlIHNhbWUgYXMgb25lIG9mDQojIHRoZSBhdmFpbGFibGUgVENQIGxpc3RlbmVycyBvbiB0aGUgVlBOIFNlcnZlci4NCiMgDQojIFdoZW4geW91IHVzZSBVRFAgcHJvdG9jb2wsIHRoZSBwb3J0IG51bWJlciBtdXN0IHNhbWUgYXMgdGhlIGNvbmZpZ3VyYXRpb24NCiMgc2V0dGluZyBvZiAiT3BlblZQTiBTZXJ2ZXIgQ29tcGF0aWJsZSBGdW5jdGlvbiIgb24gdGhlIFZQTiBTZXJ2ZXIuDQoNCnJlbW90ZSAxMTQuMTkuMTQ2LjE2MyAxMjMyDQoNCg0KIyMjIyMjIyMjIyMjIyMjIyMjIyMjIyMjIyMjIyMjIyMjIyMjIyMjIyMjIyMjIyMjIyMjIyMjIyMjIyMjIyMjIyMjIyMjIyMjIyMjIyMjIw0KIyBUaGUgSFRUUC9IVFRQUyBwcm94eSBzZXR0aW5nLg0KIyANCiMgT25seSBpZiB5b3UgaGF2ZSB0byB1c2UgdGhlIEludGVybmV0IHZpYSBhIHByb3h5LCB1bmNvbW1lbnQgdGhlIGJlbG93DQojIHR3byBsaW5lcyBhbmQgc3BlY2lmeSB0aGUgcHJveHkgYWRkcmVzcyBhbmQgdGhlIHBvcnQgbnVtYmVyLg0KIyBJbiB0aGUgY2FzZSBvZiB1c2luZyBwcm94eS1hdXRoZW50aWNhdGlvbiwgcmVmZXIgdGhlIE9wZW5WUE4gbWFudWFsLg0KDQo7aHR0cC1wcm94eS1yZXRyeQ0KO2h0dHAtcHJveHkgW3Byb3h5IHNlcnZlcl0gW3Byb3h5IHBvcnRdDQoNCg0KIyMjIyMjIyMjIyMjIyMjIyMjIyMjIyMjIyMjIyMjIyMjIyMjIyMjIyMjIyMjIyMjIyMjIyMjIyMjIyMjIyMjIyMjIyMjIyMjIyMjIyMjIw0KIyBUaGUgZW5jcnlwdGlvbiBhbmQgYXV0aGVudGljYXRpb24gYWxnb3JpdGhtLg0KIyANCiMgRGVmYXVsdCBzZXR0aW5nIGlzIGdvb2QuIE1vZGlmeSBpdCBhcyB5b3UgcHJlZmVyLg0KIyBXaGVuIHlvdSBzcGVjaWZ5IGFuIHVuc3VwcG9ydGVkIGFsZ29yaXRobSwgdGhlIGVycm9yIHdpbGwgb2NjdXIuDQojIA0KIyBUaGUgc3VwcG9ydGVkIGFsZ29yaXRobXMgYXJlIGFzIGZvbGxvd3M6DQojICBjaXBoZXI6IFtOVUxMLUNJUEhFUl0gTlVMTCBBRVMtMTI4LUNCQyBBRVMtMTkyLUNCQyBBRVMtMjU2LUNCQyBCRi1DQkMNCiMgICAgICAgICAgQ0FTVC1DQkMgQ0FTVDUtQ0JDIERFUy1DQkMgREVTLUVERS1DQkMgREVTLUVERTMtQ0JDIERFU1gtQ0JDDQojICAgICAgICAgIFJDMi00MC1DQkMgUkMyLTY0LUNCQyBSQzItQ0JDDQojICBhdXRoOiAgIFNIQSBTSEExIE1ENSBNRDQgUk1EMTYwDQoNCmNpcGhlciBBRVMtMTI4LUNCQw0KYXV0aCBTSEExDQoNCg0KIyMjIyMjIyMjIyMjIyMjIyMjIyMjIyMjIyMjIyMjIyMjIyMjIyMjIyMjIyMjIyMjIyMjIyMjIyMjIyMjIyMjIyMjIyMjIyMjIyMjIyMjIw0KIyBPdGhlciBwYXJhbWV0ZXJzIG5lY2Vzc2FyeSB0byBjb25uZWN0IHRvIHRoZSBWUE4gU2VydmVyLg0KIyANCiMgSXQgaXMgbm90IHJlY29tbWVuZGVkIHRvIG1vZGlmeSBpdCB1bmxlc3MgeW91IGhhdmUgYSBwYXJ0aWN1bGFyIG5lZWQuDQoNCnJlc29sdi1yZXRyeSBpbmZpbml0ZQ0Kbm9iaW5kDQpwZXJzaXN0LWtleQ0KcGVyc2lzdC10dW4NCmNsaWVudA0KdmVyYiAzDQojYXV0aC11c2VyLXBhc3MNCg0KDQojIyMjIyMjIyMjIyMjIyMjIyMjIyMjIyMjIyMjIyMjIyMjIyMjIyMjIyMjIyMjIyMjIyMjIyMjIyMjIyMjIyMjIyMjIyMjIyMjIyMjIyMjDQojIFRoZSBjZXJ0aWZpY2F0ZSBmaWxlIG9mIHRoZSBkZXN0aW5hdGlvbiBWUE4gU2VydmVyLg0KIyANCiMgVGhlIENBIGNlcnRpZmljYXRlIGZpbGUgaXMgZW1iZWRkZWQgaW4gdGhlIGlubGluZSBmb3JtYXQuDQojIFlvdSBjYW4gcmVwbGFjZSB0aGlzIENBIGNvbnRlbnRzIGlmIG5lY2Vzc2FyeS4NCiMgUGxlYXNlIG5vdGUgdGhhdCBpZiB0aGUgc2VydmVyIGNlcnRpZmljYXRlIGlzIG5vdCBhIHNlbGYtc2lnbmVkLCB5b3UgaGF2ZSB0bw0KIyBzcGVjaWZ5IHRoZSBzaWduZXIncyByb290IGNlcnRpZmljYXRlIChDQSkgaGVyZS4NCg0KPGNhPg0KLS0tLS1CRUdJTiBDRVJUSUZJQ0FURS0tLS0tDQpNSUlGYXpDQ0ExT2dBd0lCQWdJUkFJSVF6N0RTUU9OWlJHUGd1Mk9DaXdBd0RRWUpLb1pJaHZjTkFRRUxCUUF3DQpUekVMTUFrR0ExVUVCaE1DVlZNeEtUQW5CZ05WQkFvVElFbHVkR1Z5Ym1WMElGTmxZM1Z5YVhSNUlGSmxjMlZoDQpjbU5vSUVkeWIzVndNUlV3RXdZRFZRUURFd3hKVTFKSElGSnZiM1FnV0RFd0hoY05NVFV3TmpBME1URXdORE00DQpXaGNOTXpVd05qQTBNVEV3TkRNNFdqQlBNUXN3Q1FZRFZRUUdFd0pWVXpFcE1DY0dBMVVFQ2hNZ1NXNTBaWEp1DQpaWFFnVTJWamRYSnBkSGtnVW1WelpXRnlZMmdnUjNKdmRYQXhGVEFUQmdOVkJBTVRERWxUVWtjZ1VtOXZkQ0JZDQpNVENDQWlJd0RRWUpLb1pJaHZjTkFRRUJCUUFEZ2dJUEFEQ0NBZ29DZ2dJQkFLM29KSFAwRkRmem01NHJWeWdjDQpoNzdjdDk4NGtJeHVQT1pYb0hqM2RjS2kvdlZxYnZZQVR5amIzbWlHYkVTVHRyRmovUlFTYTc4ZjB1b3hteUYrDQowVE04dWtqMTNYbmZzN2ovRXZFaG1rdkJpb1p4YVVwbVpteVBmanh3djYwcElnYno1TURtZ0s3aVM0KzNtWDZVDQpBNS9UUjVkOG1VZ2pVK2c0cms4S2I0TXUwVWxYaklCMHR0b3YwRGlOZXdOd0lSdDE4akE4K28rdTNkcGpxK3NXDQpUOEtPRVV0K3p3dm8vN1YzTHZTeWUwcmdUQklsREhDTkF5bWc0Vk1rN0JQWjdobS9FTE5LakQrSm8yRlIzcXlIDQpCNVQwWTNIc0x1SnZXNWlCNFlsY05IbHNkdTg3a0dKNTV0dWttaThteGRBUTRRN2UyUkNPRnZ1Mzk2ajN4K1VDDQpCNWlQTmdpVjUrSTNsZzAyZFo3N0RuS3hIWnU4QS9sSkJkaUIzUVcwS3RaQjZhd0JkcFVLRDlqZjFiMFNIelV2DQpLQmRzMHBqQnFBbGtkMjVITjdyT3JGbGVhSjEvY3RhSnhRWkJLVDVaUHQwbTlTVEpFYWRhbzB4QUgwYWhtYlduDQpPbEZ1aGp1ZWZYS25FZ1Y0V2UwK1VYZ1ZDd09QamRBdkJiSStlMG9jUzNNRkV2ekc2dUJRRTN4RGszU3p5blRuDQpqaDhCQ05BdzFGdHhOclFIdXNFd01GeEl0NEk3bUtaOVlJcWlveW1DekxxOWd3UWJvb01EUWFIV0JmRWJ3cmJ3DQpxSHlHTzBhb1NDcUkzSGFhZHI4ZmFxVTlHWS9yT1BOazNzZ3JEUW9vLy9mYjRoVkMxQ0xRSjEzaGVmNFk1M0NJDQpyVTdtMllzNnh0MG5VVzcvdkdUMU0wTlBBZ01CQUFHalFqQkFNQTRHQTFVZER3RUIvd1FFQXdJQkJqQVBCZ05WDQpIUk1CQWY4RUJUQURBUUgvTUIwR0ExVWREZ1FXQkJSNXRGbm1lN2JsNUFGemdBaUl5QnBZOXVtYmJqQU5CZ2txDQpoa2lHOXcwQkFRc0ZBQU9DQWdFQVZSOVlxYnl5cUZEUURMSFlHbWtnSnlrSXJHRjFYSXB1K0lMbGFTL1Y5bFpMDQp1Ymh6RUZuVElaZCs1MHh4KzdMU1lLMDVxQXZxRnlGV2hmRlFEbG5yenVCWjZickpGZStHblkrRWdQYms2WkdRDQozQmViWWh0RjhHYVYwbnh2d3VvNzd4L1B5OWF1Si9HcHNNaXUvWDErbXZvaUJPdi8yWC9xa1NzaXNSY09qL0tLDQpORnRZMlB3QnlWUzV1Q2JNaW9nemlVd3RoRHlDMys2V1Z3VzZMTHYzeExmSFRqdUN2akhJSW5Oemt0SENnS1E1DQpPUkF6STRKTVBKK0dzbFdZSGI0cGhvd2ltNTdpYXp0WE9vSndUZHdKeDRuTENnZE5iT2hkanNudnpxdkh1N1VyDQpUa1hXU3RBbXpPVnl5Z2hxcFpYakZhSDNwTzNKTEYrbCsvK3NLQUl1dnRkN3UrTnhlNUFXMHdkZVJsTjhOd2RDDQpqTlBFbHB6Vm1iVXE0SlVhZ0VpdVREa0h6c3hIcEZLVks3cTQrNjNTTTFOOTVSMU5iZFdoc2NkQ2IrWkFKelZjDQpveWkzQjQzbmpUT1E1eU9mKzFDY2VXeEcxYlFWczVadWZwc01sanE0VWkwLzFsdmgrd2pDaFA0a3FLT0oycXhxDQo0Umdxc2FoRFlWdlRIOXc3alhieUxlaU5kZDhYTTJ3OVUvdDd5MEZmLzl5aTBHRTQ0WmE0ckYyTE45ZDExVFBBDQptUkd1blVIQmNuV0V2Z0pCUWw5bkpFaVUwWnNudmdjL3ViaFBnWFJSNFhxMzdaMGo0cjdnMVNnRUV6d3hBNTdkDQplbXlQeGdjWXhuL2VSNDQvS0o0RUJzK2xWRFIzdmV5Sm0ra1hROTliMjEvK2poNVhvczFBblg1aUl0cmVHQ2M9DQotLS0tLUVORCBDRVJUSUZJQ0FURS0tLS0tDQoNCjwvY2E+DQoNCg0KIyMjIyMjIyMjIyMjIyMjIyMjIyMjIyMjIyMjIyMjIyMjIyMjIyMjIyMjIyMjIyMjIyMjIyMjIyMjIyMjIyMjIyMjIyMjIyMjIyMjIyMjIw0KIyBUaGUgY2xpZW50IGNlcnRpZmljYXRlIGZpbGUgKGR1bW15KS4NCiMgDQojIEluIHNvbWUgaW1wbGVtZW50YXRpb25zIG9mIE9wZW5WUE4gQ2xpZW50IHNvZnR3YXJlDQojIChmb3IgZXhhbXBsZTogT3BlblZQTiBDbGllbnQgZm9yIGlPUyksDQojIGEgcGFpciBvZiBjbGllbnQgY2VydGlmaWNhdGUgYW5kIHByaXZhdGUga2V5IG11c3QgYmUgaW5jbHVkZWQgb24gdGhlDQojIGNvbmZpZ3VyYXRpb24gZmlsZSBkdWUgdG8gdGhlIGxpbWl0YXRpb24gb2YgdGhlIGNsaWVudC4NCiMgU28gdGhpcyBzYW1wbGUgY29uZmlndXJhdGlvbiBmaWxlIGhhcyBhIGR1bW15IHBhaXIgb2YgY2xpZW50IGNlcnRpZmljYXRlDQojIGFuZCBwcml2YXRlIGtleSBhcyBmb2xsb3dzLg0KDQo8Y2VydD4NCi0tLS0tQkVHSU4gQ0VSVElGSUNBVEUtLS0tLQ0KTUlJQ3hqQ0NBYTRDQVFBd0RRWUpLb1pJaHZjTkFRRUZCUUF3S1RFYU1CZ0dBMVVFQXhNUlZsQk9SMkYwWlVOcw0KYVdWdWRFTmxjblF4Q3pBSkJnTlZCQVlUQWtwUU1CNFhEVEV6TURJeE1UQXpORGswT1ZvWERUTTNNREV4T1RBeg0KTVRRd04xb3dLVEVhTUJnR0ExVUVBeE1SVmxCT1IyRjBaVU5zYVdWdWRFTmxjblF4Q3pBSkJnTlZCQVlUQWtwUQ0KTUlJQklqQU5CZ2txaGtpRzl3MEJBUUVGQUFPQ0FROEFNSUlCQ2dLQ0FRRUE1aDJsZ1FRWVVqd29LWUpielZaQQ0KNVZjSUdkNW90UGMvcVpSTXQwS0l0Q0ZBMHM5UndSZU5WYTlmRFJGTFJCaGNJVE9sdjNGQmNXM0U4aDFVczdSRA0KNFc4R21KZTh6YXBKbkxzRDM5T1NNUkN6WkpuY3pXNE9DSDFQWlJaV0txRHRqbE5jYTlBRjhhNjVqVG1sRHhDUQ0KQ2pudExJV2s1T0xMVmtGdDkvdFNjYzFHRHRjaTU1b2ZoYU5BWU1QaUg3VjgrMWc2NnBHSFhBb1dLNkFRVkg2Nw0KWENLSm5HQjVubFErSHNNWVBWL080OUxkOTFaTi8ydEhrY2FMTHlOdHl3eFZQUlNzUmg0ODBqanUwZmNDc3Y2aA0KcC8weVhuVEIvL21XdXRCR3BkVWxJYndpSVRiQW1yc2JZbmppZ1J2blBxWDFSTkpVYmk5RnA2QzJjL0hJRkpHRA0KeXdJREFRQUJNQTBHQ1NxR1NJYjNEUUVCQlFVQUE0SUJBUUNoTzVoZ2N3LzRvV2ZvRUZMdTlrQmExQi8va3hIOA0KaFFrQ2hWTm44QlJDN1kwVVJRaXRQbDNES0VlZDlVUkJEZGcyS09Bejc3YmI2RU5QaWxpRCthMzhVSkhJUk1xZQ0KVUJIaGxsT0hJenZEaEhGYmFvdkFMQlFjZWVCemRrUXhzS1FFU0ttUW1SODMyOTUwVUNvdm95UkI2MVV5QVY3aA0KK21aaFlQR1JLWEtTSkk2czBFZ2cvQ3JpK0N3azRiakpmcmI1aFZzZTExeWg0RDlNSGh3U2ZDT0grMHo0aFBVVA0KRmt1N2RHYXZVUk81U1Z4TW4vc0w2RW41RCtvU2VYa2FkSHBEcytBaXJ5bTJZSGgxNWgwK2pQU09vUjZ5aVZwLw0KNnpaZVprck40M2t1UzczS3BLREZqZkZQaDh0NHIxZ09JanR0a05jUXFCY2N1c25wbFE3SEpwc2sNCi0tLS0tRU5EIENFUlRJRklDQVRFLS0tLS0NCg0KPC9jZXJ0Pg0KDQo8a2V5Pg0KLS0tLS1CRUdJTiBSU0EgUFJJVkFURSBLRVktLS0tLQ0KTUlJRXBBSUJBQUtDQVFFQTVoMmxnUVFZVWp3b0tZSmJ6VlpBNVZjSUdkNW90UGMvcVpSTXQwS0l0Q0ZBMHM5Ug0Kd1JlTlZhOWZEUkZMUkJoY0lUT2x2M0ZCY1czRThoMVVzN1JENFc4R21KZTh6YXBKbkxzRDM5T1NNUkN6WkpuYw0Kelc0T0NIMVBaUlpXS3FEdGpsTmNhOUFGOGE2NWpUbWxEeENRQ2pudExJV2s1T0xMVmtGdDkvdFNjYzFHRHRjaQ0KNTVvZmhhTkFZTVBpSDdWOCsxZzY2cEdIWEFvV0s2QVFWSDY3WENLSm5HQjVubFErSHNNWVBWL080OUxkOTFaTg0KLzJ0SGtjYUxMeU50eXd4VlBSU3NSaDQ4MGpqdTBmY0NzdjZocC8weVhuVEIvL21XdXRCR3BkVWxJYndpSVRiQQ0KbXJzYlluamlnUnZuUHFYMVJOSlViaTlGcDZDMmMvSElGSkdEeXdJREFRQUJBb0lCQUVSVjdYNUF2eEE4dVJpSw0KazhTSXBzRDBkWDFwSk9NSXdha1VWeXZjNEVmTjBEaEtSTmI0cllvU2lFR1RMeXpMcHlCYy9BMjhEbGttNWVPWQ0KZmp6WGZZa0d0WWkvRnR4a2czTzl2Y3JNUTQrNmkrdUdIYUlMMnJMK3M0TXJmTzh2MXh2NitXa3kzM0VFR0NvdQ0KUWl3VkdSRlFYblJvUTYyTkJDRmJVTkxobVh3ZGoxYWtaekxVNHA1UjR6QTNRaGR4d0VJYXRWTHQwKzdvd0xRMw0KbFA4c2ZYaHBwUE9YalRxTUQ0UWtZd3pQQWE4L3pGN2FjbjRrcnlyVVA3UTZQQWZkMHpFVnFOeTlaQ1o5ZmZobw0KelhlZEZqNDg2SUZvYzVnblRwMk42anNuVmo0TENHSWhsVkhsWUdvektLRnFKY1FWR3NIQ3FxMW96MnpqVzZMUw0Kb1JZSUhnRUNnWUVBOHpacmtDd05ZU1hKdU9ESjNtL2hPTFZ4Y3hnSnV3WG9pRXJXZDBFNDJ2UGFuampWTWhudA0KS1k1bDhxR01KNkZoSzlMWXgycUNyZi9FMFh0VUFaMndWcTNPUlR5R25zTVdyZTl0TFlzNTVYK1pOMTBUYzc1eg0KNGhhY2JVMGhxS04xSGlEbXNNUlkzLzJOYVpIb3k3TUtud0pKQmFHNDhsOUNDVGxWd01Ib2NJRUNnWUVBOGpieQ0KZEdqeFRIKzZYSFdOaXpiNVNSYlp4QW55RWVKZVJ3VE1oMGdHendHUHBIL3NaWUd6eXUwU3lTWFdDblpoM1JncQ0KNXVMbE54dHJYcmxqWmx5aTJuUWRRZ3NxMllyV1VzMCt6Z1UrMjJ1UXNacFNBZnRtaFZydHZldDZNalZqYkJ5WQ0KREFEY2lFVlVkSllJWGsrcW5GVUp5ZXJvTElrVGo3V1lLWjZSamtzQ2dZQm9DRkl3UkRlZzQyb0s4OVJGbW5Pcg0KTHltTkFxNCsyb01oc1dsVmI0ZWpXSVdlQWs5bmMrR1hVZnJYc3pSaFMwMW1VblU1cjV5Z1V2UmNhclYvVDNVNw0KVG5NWitJN1k0RGdXUklEZDUxem5oeElCdFlWNWovQy90ODVIanFPa0grOGI2UlRrYmNoYVgzbWF1N2ZwVWZkcw0KRnEwbmhJcTQyZmhFTzhzcmZZWXdnUUtCZ1FDeWhpMU4vOHRhUndwayszL0lERXpRd2piZmR6VWtXV1NEazlYcw0KSC9wa3VSSFdmVE1QM2ZsV3FFWWdXL0xXNDBwZVcySERxNWltZFY4K0FnWnhlL1hNYmFqaTlMZ3dmMVJZMDA1bg0KS3hhWlF6N3lxSHVwV2xMR0Y2OERQSHhrWlZWU2FnRG5WL3N6dFdYNlNGc0NxRlZueElYaWZYR0M0Y1c1Tm05Zw0KdmE4cTRRS0JnUUNFaExWZVVmZHdLdmtaOTRnL0dGejczMVoyaHJkVmhnTVphVS91NnQwVjk1K1llelBOQ1FaQg0Kd21FOU1tbGJxMWVtRGVST2l2akNmb0doUjNrWlhXMXBUS2xMaDZaTVVRVU9wcHRkWHZhOFh4Zm9xUXdhM2VuQQ0KTTdtdUJiRjBYTjdWTzgwaUpQditQbUlaZEVJQWtwd0tmaTIwMVlCK0JhZkNJdUd4SUY1MFZnPT0NCi0tLS0tRU5EIFJTQSBQUklWQVRFIEtFWS0tLS0tDQoNCjwva2V5Pg0KDQo=
vpn370075691,211.197.241.214,1076926,34,87569928,Korea Republic of,KR,44,360839507,6523,785429648363,2weeks,DESKTOP-8E75919's owner,,IyMjIyMjIyMjIyMjIyMjIyMjIyMjIyMjIyMjIyMjIyMjIyMjIyMjIyMjIyMjIyMjIyMjIyMjIyMjIyMjIyMjIyMjIyMjIyMjIyMjIyMjIw0KIyBPcGVuVlBOIDIuMCBTYW1wbGUgQ29uZmlndXJhdGlvbiBGaWxlDQojIGZvciBQYWNrZXRpWCBWUE4gLyBTb2Z0RXRoZXIgVlBOIFNlcnZlcg0KIyANCiMgISEhIEFVVE8tR0VORVJBVEVEIEJZIFNPRlRFVEhFUiBWUE4gU0VSVkVSIE1BTkFHRU1FTlQgVE9PTCAhISENCiMgDQojICEhISBZT1UgSEFWRSBUTyBSRVZJRVcgSVQgQkVGT1JFIFVTRSBBTkQgTU9ESUZZIElUIEFTIE5FQ0VTU0FSWSAhISENCiMgDQojIFRoaXMgY29uZmlndXJhdGlvbiBmaWxlIGlzIGF1dG8tZ2VuZXJhdGVkLiBZb3UgbWlnaHQgdXNlIHRoaXMgY29uZmlnIGZpbGUNCiMgaW4gb3JkZXIgdG8gY29ubmVjdCB0byB0aGUgUGFja2V0aVggVlBOIC8gU29mdEV0aGVyIFZQTiBTZXJ2ZXIuDQojIEhvd2V2ZXIsIGJlZm9yZSB5b3UgdHJ5IGl0LCB5b3Ugc2hvdWxkIHJldmlldyB0aGUgZGVzY3JpcHRpb25zIG9mIHRoZSBmaWxlDQojIHRvIGRldGVybWluZSB0aGUgbmVjZXNzaXR5IHRvIG1vZGlmeSB0byBzdWl0YWJsZSBmb3IgeW91ciByZWFsIGVudmlyb25tZW50Lg0KIyBJZiBuZWNlc3NhcnksIHlvdSBoYXZlIHRvIG1vZGlmeSBhIGxpdHRsZSBhZGVxdWF0ZWx5IG9uIHRoZSBmaWxlLg0KIyBGb3IgZXhhbXBsZSwgdGhlIElQIGFkZHJlc3Mgb3IgdGhlIGhvc3RuYW1lIGFzIGEgZGVzdGluYXRpb24gVlBOIFNlcnZlcg0KIyBzaG91bGQgYmUgY29uZmlybWVkLg0KIyANCiMgTm90ZSB0aGF0IHRvIHVzZSBPcGVuVlBOIDIuMCwgeW91IGhhdmUgdG8gcHV0IHRoZSBjZXJ0aWZpY2F0aW9uIGZpbGUgb2YNCiMgdGhlIGRlc3RpbmF0aW9uIFZQTiBTZXJ2ZXIgb24gdGhlIE9wZW5WUE4gQ2xpZW50IGNvbXB1dGVyIHdoZW4geW91IHVzZSB0aGlzDQojIGNvbmZpZyBmaWxlLiBQbGVhc2UgcmVmZXIgdGhlIGJlbG93IGRlc2NyaXB0aW9ucyBjYXJlZnVsbHkuDQoNCg0KIyMjIyMjIyMjIyMjIyMjIyMjIyMjIyMjIyMjIyMjIyMjIyMjIyMjIyMjIyMjIyMjIyMjIyMjIyMjIyMjIyMjIyMjIyMjIyMjIyMjIyMjIw0KIyBTcGVjaWZ5IHRoZSB0eXBlIG9mIHRoZSBsYXllciBvZiB0aGUgVlBOIGNvbm5lY3Rpb24uDQojIA0KIyBUbyBjb25uZWN0IHRvIHRoZSBWUE4gU2VydmVyIGFzIGEgIlJlbW90ZS1BY2Nlc3MgVlBOIENsaWVudCBQQyIsDQojICBzcGVjaWZ5ICdkZXYgdHVuJy4gKExheWVyLTMgSVAgUm91dGluZyBNb2RlKQ0KIw0KIyBUbyBjb25uZWN0IHRvIHRoZSBWUE4gU2VydmVyIGFzIGEgYnJpZGdpbmcgZXF1aXBtZW50IG9mICJTaXRlLXRvLVNpdGUgVlBOIiwNCiMgIHNwZWNpZnkgJ2RldiB0YXAnLiAoTGF5ZXItMiBFdGhlcm5ldCBCcmlkZ2luZSBNb2RlKQ0KDQpkZXYgdHVuDQoNCg0KIyMjIyMjIyMjIyMjIyMjIyMjIyMjIyMjIyMjIyMjIyMjIyMjIyMjIyMjIyMjIyMjIyMjIyMjIyMjIyMjIyMjIyMjIyMjIyMjIyMjIyMjIw0KIyBTcGVjaWZ5IHRoZSB1bmRlcmx5aW5nIHByb3RvY29sIGJleW9uZCB0aGUgSW50ZXJuZXQuDQojIE5vdGUgdGhhdCB0aGlzIHNldHRpbmcgbXVzdCBiZSBjb3JyZXNwb25kIHdpdGggdGhlIGxpc3RlbmluZyBzZXR0aW5nIG9uDQojIHRoZSBWUE4gU2VydmVyLg0KIyANCiMgU3BlY2lmeSBlaXRoZXIgJ3Byb3RvIHRjcCcgb3IgJ3Byb3RvIHVkcCcuDQoNCnByb3RvIHRjcA0KDQoNCiMjIyMjIyMjIyMjIyMjIyMjIyMjIyMjIyMjIyMjIyMjIyMjIyMjIyMjIyMjIyMjIyMjIyMjIyMjIyMjIyMjIyMjIyMjIyMjIyMjIyMjIyMNCiMgVGhlIGRlc3RpbmF0aW9uIGhvc3RuYW1lIC8gSVAgYWRkcmVzcywgYW5kIHBvcnQgbnVtYmVyIG9mDQojIHRoZSB0YXJnZXQgVlBOIFNlcnZlci4NCiMgDQojIFlvdSBoYXZlIHRvIHNwZWNpZnkgYXMgJ3JlbW90ZSA8SE9TVE5BTUU+IDxQT1JUPicuIFlvdSBjYW4gYWxzbw0KIyBzcGVjaWZ5IHRoZSBJUCBhZGRyZXNzIGluc3RlYWQgb2YgdGhlIGhvc3RuYW1lLg0KIyANCiMgTm90ZSB0aGF0IHRoZSBhdXRvLWdlbmVyYXRlZCBiZWxvdyBob3N0bmFtZSBhcmUgYSAiYXV0by1kZXRlY3RlZA0KIyBJUCBhZGRyZXNzIiBvZiB0aGUgVlBOIFNlcnZlci4gWW91IGhhdmUgdG8gY29uZmlybSB0aGUgY29ycmVjdG5lc3MNCiMgYmVmb3JlaGFuZC4NCiMgDQojIFdoZW4geW91IHdhbnQgdG8gY29ubmVjdCB0byB0aGUgVlBOIFNlcnZlciBieSB1c2luZyBUQ1AgcHJvdG9jb2wsDQojIHRoZSBwb3J0IG51bWJlciBvZiB0aGUgZGVzdGluYXRpb24gVENQIHBvcnQgc2hvdWxkIGJlIHNhbWUgYXMgb25lIG9mDQojIHRoZSBhdmFpbGFibGUgVENQIGxpc3RlbmVycyBvbiB0aGUgVlBOIFNlcnZlci4NCiMgDQojIFdoZW4geW91IHVzZSBVRFAgcHJvdG9jb2wsIHRoZSBwb3J0IG51bWJlciBtdXN0IHNhbWUgYXMgdGhlIGNvbmZpZ3VyYXRpb24NCiMgc2V0dGluZyBvZiAiT3BlblZQTiBTZXJ2ZXIgQ29tcGF0aWJsZSBGdW5jdGlvbiIgb24gdGhlIFZQTiBTZXJ2ZXIuDQoNCnJlbW90ZSAyMTEuMTk3LjI0MS4yMTQgMTk0OA0KDQoNCiMjIyMjIyMjIyMjIyMjIyMjIyMjIyMjIyMjIyMjIyMjIyMjIyMjIyMjIyMjIyMjIyMjIyMjIyMjIyMjIyMjIyMjIyMjIyMjIyMjIyMjIyMNCiMgVGhlIEhUVFAvSFRUUFMgcHJveHkgc2V0dGluZy4NCiMgDQojIE9ubHkgaWYgeW91IGhhdmUgdG8gdXNlIHRoZSBJbnRlcm5ldCB2aWEgYSBwcm94eSwgdW5jb21tZW50IHRoZSBiZWxvdw0KIyB0d28gbGluZXMgYW5kIHNwZWNpZnkgdGhlIHByb3h5IGFkZHJlc3MgYW5kIHRoZSBwb3J0IG51bWJlci4NCiMgSW4gdGhlIGNhc2Ugb2YgdXNpbmcgcHJveHktYXV0aGVudGljYXRpb24sIHJlZmVyIHRoZSBPcGVuVlBOIG1hbnVhbC4NCg0KO2h0dHAtcHJveHktcmV0cnkNCjtodHRwLXByb3h5IFtwcm94eSBzZXJ2ZXJdIFtwcm94eSBwb3J0XQ0KDQoNCiMjIyMjIyMjIyMjIyMjIyMjIyMjIyMjIyMjIyMjIyMjIyMjIyMjIyMjIyMjIyMjIyMjIyMjIyMjIyMjIyMjIyMjIyMjIyMjIyMjIyMjIyMNCiMgVGhlIGVuY3J5cHRpb24gYW5kIGF1dGhlbnRpY2F0aW9uIGFsZ29yaXRobS4NCiMgDQojIERlZmF1bHQgc2V0dGluZyBpcyBnb29kLiBNb2RpZnkgaXQgYXMgeW91IHByZWZlci4NCiMgV2hlbiB5b3Ugc3BlY2lmeSBhbiB1bnN1cHBvcnRlZCBhbGdvcml0aG0sIHRoZSBlcnJvciB3aWxsIG9jY3VyLg0KIyANCiMgVGhlIHN1cHBvcnRlZCBhbGdvcml0aG1zIGFyZSBhcyBmb2xsb3dzOg0KIyAgY2lwaGVyOiBbTlVMTC1DSVBIRVJdIE5VTEwgQUVTLTEyOC1DQkMgQUVTLTE5Mi1DQkMgQUVTLTI1Ni1DQkMgQkYtQ0JDDQojICAgICAgICAgIENBU1QtQ0JDIENBU1Q1LUNCQyBERVMtQ0JDIERFUy1FREUtQ0JDIERFUy1FREUzLUNCQyBERVNYLUNCQw0KIyAgICAgICAgICBSQzItNDAtQ0JDIFJDMi02NC1DQkMgUkMyLUNCQw0KIyAgYXV0aDogICBTSEEgU0hBMSBNRDUgTUQ0IFJNRDE2MA0KDQpjaXBoZXIgQUVTLTEyOC1DQkMNCmF1dGggU0hBMQ0KDQoNCiMjIyMjIyMjIyMjIyMjIyMjIyMjIyMjIyMjIyMjIyMjIyMjIyMjIyMjIyMjIyMjIyMjIyMjIyMjIyMjIyMjIyMjIyMjIyMjIyMjIyMjIyMNCiMgT3RoZXIgcGFyYW1ldGVycyBuZWNlc3NhcnkgdG8gY29ubmVjdCB0byB0aGUgVlBOIFNlcnZlci4NCiMgDQojIEl0IGlzIG5vdCByZWNvbW1lbmRlZCB0byBtb2RpZnkgaXQgdW5sZXNzIHlvdSBoYXZlIGEgcGFydGljdWxhciBuZWVkLg0KDQpyZXNvbHYtcmV0cnkgaW5maW5pdGUNCm5vYmluZA0KcGVyc2lzdC1rZXkNCnBlcnNpc3QtdHVuDQpjbGllbnQNCnZlcmIgMw0KI2F1dGgtdXNlci1wYXNzDQoNCg0KIyMjIyMjIyMjIyMjIyMjIyMjIyMjIyMjIyMjIyMjIyMjIyMjIyMjIyMjIyMjIyMjIyMjIyMjIyMjIyMjIyMjIyMjIyMjIyMjIyMjIyMjIw0KIyBUaGUgY2VydGlmaWNhdGUgZmlsZSBvZiB0aGUgZGVzdGluYXRpb24gVlBOIFNlcnZlci4NCiMgDQojIFRoZSBDQSBjZXJ0aWZpY2F0ZSBmaWxlIGlzIGVtYmVkZGVkIGluIHRoZSBpbmxpbmUgZm9ybWF0Lg0KIyBZb3UgY2FuIHJlcGxhY2UgdGhpcyBDQSBjb250ZW50cyBpZiBuZWNlc3NhcnkuDQojIFBsZWFzZSBub3RlIHRoYXQgaWYgdGhlIHNlcnZlciBjZXJ0aWZpY2F0ZSBpcyBub3QgYSBzZWxmLXNpZ25lZCwgeW91IGhhdmUgdG8NCiMgc3BlY2lmeSB0aGUgc2lnbmVyJ3Mgcm9vdCBjZXJ0aWZpY2F0ZSAoQ0EpIGhlcmUuDQoNCjxjYT4NCi0tLS0tQkVHSU4gQ0VSVElGSUNBVEUtLS0tLQ0KTUlJRmF6Q0NBMU9nQXdJQkFnSVJBSUlRejdEU1FPTlpSR1BndTJPQ2l3QXdEUVlKS29aSWh2Y05BUUVMQlFBdw0KVHpFTE1Ba0dBMVVFQmhNQ1ZWTXhLVEFuQmdOVkJBb1RJRWx1ZEdWeWJtVjBJRk5sWTNWeWFYUjVJRkpsYzJWaA0KY21Ob0lFZHliM1Z3TVJVd0V3WURWUVFERXd4SlUxSkhJRkp2YjNRZ1dERXdIaGNOTVRVd05qQTBNVEV3TkRNNA0KV2hjTk16VXdOakEwTVRFd05ETTRXakJQTVFzd0NRWURWUVFHRXdKVlV6RXBNQ2NHQTFVRUNoTWdTVzUwWlhKdQ0KWlhRZ1UyVmpkWEpwZEhrZ1VtVnpaV0Z5WTJnZ1IzSnZkWEF4RlRBVEJnTlZCQU1UREVsVFVrY2dVbTl2ZENCWQ0KTVRDQ0FpSXdEUVlKS29aSWh2Y05BUUVCQlFBRGdnSVBBRENDQWdvQ2dnSUJBSzNvSkhQMEZEZnptNTRyVnlnYw0KaDc3Y3Q5ODRrSXh1UE9aWG9IajNkY0tpL3ZWcWJ2WUFUeWpiM21pR2JFU1R0ckZqL1JRU2E3OGYwdW94bXlGKw0KMFRNOHVrajEzWG5mczdqL0V2RWhta3ZCaW9aeGFVcG1abXlQZmp4d3Y2MHBJZ2J6NU1EbWdLN2lTNCszbVg2VQ0KQTUvVFI1ZDhtVWdqVStnNHJrOEtiNE11MFVsWGpJQjB0dG92MERpTmV3TndJUnQxOGpBOCtvK3UzZHBqcStzVw0KVDhLT0VVdCt6d3ZvLzdWM0x2U3llMHJnVEJJbERIQ05BeW1nNFZNazdCUFo3aG0vRUxOS2pEK0pvMkZSM3F5SA0KQjVUMFkzSHNMdUp2VzVpQjRZbGNOSGxzZHU4N2tHSjU1dHVrbWk4bXhkQVE0UTdlMlJDT0Z2dTM5NmozeCtVQw0KQjVpUE5naVY1K0kzbGcwMmRaNzdEbkt4SFp1OEEvbEpCZGlCM1FXMEt0WkI2YXdCZHBVS0Q5amYxYjBTSHpVdg0KS0JkczBwakJxQWxrZDI1SE43ck9yRmxlYUoxL2N0YUp4UVpCS1Q1WlB0MG05U1RKRWFkYW8weEFIMGFobWJXbg0KT2xGdWhqdWVmWEtuRWdWNFdlMCtVWGdWQ3dPUGpkQXZCYkkrZTBvY1MzTUZFdnpHNnVCUUUzeERrM1N6eW5Ubg0Kamg4QkNOQXcxRnR4TnJRSHVzRXdNRnhJdDRJN21LWjlZSXFpb3ltQ3pMcTlnd1Fib29NRFFhSFdCZkVid3Jidw0KcUh5R08wYW9TQ3FJM0hhYWRyOGZhcVU5R1kvck9QTmszc2dyRFFvby8vZmI0aFZDMUNMUUoxM2hlZjRZNTNDSQ0KclU3bTJZczZ4dDBuVVc3L3ZHVDFNME5QQWdNQkFBR2pRakJBTUE0R0ExVWREd0VCL3dRRUF3SUJCakFQQmdOVg0KSFJNQkFmOEVCVEFEQVFIL01CMEdBMVVkRGdRV0JCUjV0Rm5tZTdibDVBRnpnQWlJeUJwWTl1bWJiakFOQmdrcQ0KaGtpRzl3MEJBUXNGQUFPQ0FnRUFWUjlZcWJ5eXFGRFFETEhZR21rZ0p5a0lyR0YxWElwdStJTGxhUy9WOWxaTA0KdWJoekVGblRJWmQrNTB4eCs3TFNZSzA1cUF2cUZ5RldoZkZRRGxucnp1Qlo2YnJKRmUrR25ZK0VnUGJrNlpHUQ0KM0JlYllodEY4R2FWMG54dnd1bzc3eC9QeTlhdUovR3BzTWl1L1gxK212b2lCT3YvMlgvcWtTc2lzUmNPai9LSw0KTkZ0WTJQd0J5VlM1dUNiTWlvZ3ppVXd0aER5QzMrNldWd1c2TEx2M3hMZkhUanVDdmpISUluTnprdEhDZ0tRNQ0KT1JBekk0Sk1QSitHc2xXWUhiNHBob3dpbTU3aWF6dFhPb0p3VGR3Sng0bkxDZ2ROYk9oZGpzbnZ6cXZIdTdVcg0KVGtYV1N0QW16T1Z5eWdocXBaWGpGYUgzcE8zSkxGK2wrLytzS0FJdXZ0ZDd1K054ZTVBVzB3ZGVSbE44TndkQw0Kak5QRWxwelZtYlVxNEpVYWdFaXVURGtIenN4SHBGS1ZLN3E0KzYzU00xTjk1UjFOYmRXaHNjZENiK1pBSnpWYw0Kb3lpM0I0M25qVE9RNXlPZisxQ2NlV3hHMWJRVnM1WnVmcHNNbGpxNFVpMC8xbHZoK3dqQ2hQNGtxS09KMnF4cQ0KNFJncXNhaERZVnZUSDl3N2pYYnlMZWlOZGQ4WE0ydzlVL3Q3eTBGZi85eWkwR0U0NFphNHJGMkxOOWQxMVRQQQ0KbVJHdW5VSEJjbldFdmdKQlFsOW5KRWlVMFpzbnZnYy91YmhQZ1hSUjRYcTM3WjBqNHI3ZzFTZ0VFend4QTU3ZA0KZW15UHhnY1l4bi9lUjQ0L0tKNEVCcytsVkRSM3ZleUptK2tYUTk5YjIxLytqaDVYb3MxQW5YNWlJdHJlR0NjPQ0KLS0tLS1FTkQgQ0VSVElGSUNBVEUtLS0tLQ0KDQo8L2NhPg0KDQoNCiMjIyMjIyMjIyMjIyMjIyMjIyMjIyMjIyMjIyMjIyMjIyMjIyMjIyMjIyMjIyMjIyMjIyMjIyMjIyMjIyMjIyMjIyMjIyMjIyMjIyMjIyMNCiMgVGhlIGNsaWVudCBjZXJ0aWZpY2F0ZSBmaWxlIChkdW1teSkuDQojIA0KIyBJbiBzb21lIGltcGxlbWVudGF0aW9ucyBvZiBPcGVuVlBOIENsaWVudCBzb2Z0d2FyZQ0KIyAoZm9yIGV4YW1wbGU6IE9wZW5WUE4gQ2xpZW50IGZvciBpT1MpLA0KIyBhIHBhaXIgb2YgY2xpZW50IGNlcnRpZmljYXRlIGFuZCBwcml2YXRlIGtleSBtdXN0IGJlIGluY2x1ZGVkIG9uIHRoZQ0KIyBjb25maWd1cmF0aW9uIGZpbGUgZHVlIHRvIHRoZSBsaW1pdGF0aW9uIG9mIHRoZSBjbGllbnQuDQojIFNvIHRoaXMgc2FtcGxlIGNvbmZpZ3VyYXRpb24gZmlsZSBoYXMgYSBkdW1teSBwYWlyIG9mIGNsaWVudCBjZXJ0aWZpY2F0ZQ0KIyBhbmQgcHJpdmF0ZSBrZXkgYXMgZm9sbG93cy4NCg0KPGNlcnQ+DQotLS0tLUJFR0lOIENFUlRJRklDQVRFLS0tLS0NCk1JSUN4akNDQWE0Q0FRQXdEUVlKS29aSWh2Y05BUUVGQlFBd0tURWFNQmdHQTFVRUF4TVJWbEJPUjJGMFpVTnMNCmFXVnVkRU5sY25ReEN6QUpCZ05WQkFZVEFrcFFNQjRYRFRFek1ESXhNVEF6TkRrME9Wb1hEVE0zTURFeE9UQXoNCk1UUXdOMW93S1RFYU1CZ0dBMVVFQXhNUlZsQk9SMkYwWlVOc2FXVnVkRU5sY25ReEN6QUpCZ05WQkFZVEFrcFENCk1JSUJJakFOQmdrcWhraUc5dzBCQVFFRkFBT0NBUThBTUlJQkNnS0NBUUVBNWgybGdRUVlVandvS1lKYnpWWkENCjVWY0lHZDVvdFBjL3FaUk10MEtJdENGQTBzOVJ3UmVOVmE5ZkRSRkxSQmhjSVRPbHYzRkJjVzNFOGgxVXM3UkQNCjRXOEdtSmU4emFwSm5Mc0QzOU9TTVJDelpKbmN6VzRPQ0gxUFpSWldLcUR0amxOY2E5QUY4YTY1alRtbER4Q1ENCkNqbnRMSVdrNU9MTFZrRnQ5L3RTY2MxR0R0Y2k1NW9maGFOQVlNUGlIN1Y4KzFnNjZwR0hYQW9XSzZBUVZINjcNClhDS0puR0I1bmxRK0hzTVlQVi9PNDlMZDkxWk4vMnRIa2NhTEx5TnR5d3hWUFJTc1JoNDgwamp1MGZjQ3N2NmgNCnAvMHlYblRCLy9tV3V0QkdwZFVsSWJ3aUlUYkFtcnNiWW5qaWdSdm5QcVgxUk5KVWJpOUZwNkMyYy9ISUZKR0QNCnl3SURBUUFCTUEwR0NTcUdTSWIzRFFFQkJRVUFBNElCQVFDaE81aGdjdy80b1dmb0VGTHU5a0JhMUIvL2t4SDgNCmhRa0NoVk5uOEJSQzdZMFVSUWl0UGwzREtFZWQ5VVJCRGRnMktPQXo3N2JiNkVOUGlsaUQrYTM4VUpISVJNcWUNClVCSGhsbE9ISXp2RGhIRmJhb3ZBTEJRY2VlQnpka1F4c0tRRVNLbVFtUjgzMjk1MFVDb3ZveVJCNjFVeUFWN2gNCittWmhZUEdSS1hLU0pJNnMwRWdnL0NyaStDd2s0YmpKZnJiNWhWc2UxMXloNEQ5TUhod1NmQ09IKzB6NGhQVVQNCkZrdTdkR2F2VVJPNVNWeE1uL3NMNkVuNUQrb1NlWGthZEhwRHMrQWlyeW0yWUhoMTVoMCtqUFNPb1I2eWlWcC8NCjZ6WmVaa3JONDNrdVM3M0twS0RGamZGUGg4dDRyMWdPSWp0dGtOY1FxQmNjdXNucGxRN0hKcHNrDQotLS0tLUVORCBDRVJUSUZJQ0FURS0tLS0tDQoNCjwvY2VydD4NCg0KPGtleT4NCi0tLS0tQkVHSU4gUlNBIFBSSVZBVEUgS0VZLS0tLS0NCk1JSUVwQUlCQUFLQ0FRRUE1aDJsZ1FRWVVqd29LWUpielZaQTVWY0lHZDVvdFBjL3FaUk10MEtJdENGQTBzOVINCndSZU5WYTlmRFJGTFJCaGNJVE9sdjNGQmNXM0U4aDFVczdSRDRXOEdtSmU4emFwSm5Mc0QzOU9TTVJDelpKbmMNCnpXNE9DSDFQWlJaV0txRHRqbE5jYTlBRjhhNjVqVG1sRHhDUUNqbnRMSVdrNU9MTFZrRnQ5L3RTY2MxR0R0Y2kNCjU1b2ZoYU5BWU1QaUg3VjgrMWc2NnBHSFhBb1dLNkFRVkg2N1hDS0puR0I1bmxRK0hzTVlQVi9PNDlMZDkxWk4NCi8ydEhrY2FMTHlOdHl3eFZQUlNzUmg0ODBqanUwZmNDc3Y2aHAvMHlYblRCLy9tV3V0QkdwZFVsSWJ3aUlUYkENCm1yc2JZbmppZ1J2blBxWDFSTkpVYmk5RnA2QzJjL0hJRkpHRHl3SURBUUFCQW9JQkFFUlY3WDVBdnhBOHVSaUsNCms4U0lwc0QwZFgxcEpPTUl3YWtVVnl2YzRFZk4wRGhLUk5iNHJZb1NpRUdUTHl6THB5QmMvQTI4RGxrbTVlT1kNCmZqelhmWWtHdFlpL0Z0eGtnM085dmNyTVE0KzZpK3VHSGFJTDJyTCtzNE1yZk84djF4djYrV2t5MzNFRUdDb3UNClFpd1ZHUkZRWG5Sb1E2Mk5CQ0ZiVU5MaG1Yd2RqMWFrWnpMVTRwNVI0ekEzUWhkeHdFSWF0Vkx0MCs3b3dMUTMNCmxQOHNmWGhwcFBPWGpUcU1ENFFrWXd6UEFhOC96RjdhY240a3J5clVQN1E2UEFmZDB6RVZxTnk5WkNaOWZmaG8NCnpYZWRGajQ4NklGb2M1Z25UcDJONmpzblZqNExDR0lobFZIbFlHb3pLS0ZxSmNRVkdzSENxcTFvejJ6alc2TFMNCm9SWUlIZ0VDZ1lFQTh6WnJrQ3dOWVNYSnVPREozbS9oT0xWeGN4Z0p1d1hvaUVyV2QwRTQydlBhbmpqVk1obnQNCktZNWw4cUdNSjZGaEs5TFl4MnFDcmYvRTBYdFVBWjJ3VnEzT1JUeUduc01XcmU5dExZczU1WCtaTjEwVGM3NXoNCjRoYWNiVTBocUtOMUhpRG1zTVJZMy8yTmFaSG95N01LbndKSkJhRzQ4bDlDQ1RsVndNSG9jSUVDZ1lFQThqYnkNCmRHanhUSCs2WEhXTml6YjVTUmJaeEFueUVlSmVSd1RNaDBnR3p3R1BwSC9zWllHenl1MFN5U1hXQ25aaDNSZ3ENCjV1TGxOeHRyWHJsalpseWkyblFkUWdzcTJZcldVczAremdVKzIydVFzWnBTQWZ0bWhWcnR2ZXQ2TWpWamJCeVkNCkRBRGNpRVZVZEpZSVhrK3FuRlVKeWVyb0xJa1RqN1dZS1o2Umprc0NnWUJvQ0ZJd1JEZWc0Mm9LODlSRm1uT3INCkx5bU5BcTQrMm9NaHNXbFZiNGVqV0lXZUFrOW5jK0dYVWZyWHN6UmhTMDFtVW5VNXI1eWdVdlJjYXJWL1QzVTcNClRuTVorSTdZNERnV1JJRGQ1MXpuaHhJQnRZVjVqL0MvdDg1SGpxT2tIKzhiNlJUa2JjaGFYM21hdTdmcFVmZHMNCkZxMG5oSXE0MmZoRU84c3JmWVl3Z1FLQmdRQ3loaTFOLzh0YVJ3cGsrMy9JREV6UXdqYmZkelVrV1dTRGs5WHMNCkgvcGt1UkhXZlRNUDNmbFdxRVlnVy9MVzQwcGVXMkhEcTVpbWRWOCtBZ1p4ZS9YTWJhamk5TGd3ZjFSWTAwNW4NCkt4YVpRejd5cUh1cFdsTEdGNjhEUEh4a1pWVlNhZ0RuVi9zenRXWDZTRnNDcUZWbnhJWGlmWEdDNGNXNU5tOWcNCnZhOHE0UUtCZ1FDRWhMVmVVZmR3S3ZrWjk0Zy9HRno3MzFaMmhyZFZoZ01aYVUvdTZ0MFY5NStZZXpQTkNRWkINCndtRTlNbWxicTFlbURlUk9pdmpDZm9HaFIza1pYVzFwVEtsTGg2Wk1VUVVPcHB0ZFh2YThYeGZvcVF3YTNlbkENCk03bXVCYkYwWE43Vk84MGlKUHYrUG1JWmRFSUFrcHdLZmkyMDFZQitCYWZDSXVHeElGNTBWZz09DQotLS0tLUVORCBSU0EgUFJJVkFURSBLRVktLS0tLQ0KDQo8L2tleT4NCg0K
vpn444215255,36.14.209.11,1000136,9,39255160,Japan,JP,11,289435507,19086,2554713772508,2weeks,DESKTOP-8HS39SP's owner,,IyMjIyMjIyMjIyMjIyMjIyMjIyMjIyMjIyMjIyMjIyMjIyMjIyMjIyMjIyMjIyMjIyMjIyMjIyMjIyMjIyMjIyMjIyMjIyMjIyMjIyMjIw0KIyBPcGVuVlBOIDIuMCBTYW1wbGUgQ29uZmlndXJhdGlvbiBGaWxlDQojIGZvciBQYWNrZXRpWCBWUE4gLyBTb2Z0RXRoZXIgVlBOIFNlcnZlcg0KIyANCiMgISEhIEFVVE8tR0VORVJBVEVEIEJZIFNPRlRFVEhFUiBWUE4gU0VSVkVSIE1BTkFHRU1FTlQgVE9PTCAhISENCiMgDQojICEhISBZT1UgSEFWRSBUTyBSRVZJRVcgSVQgQkVGT1JFIFVTRSBBTkQgTU9ESUZZIElUIEFTIE5FQ0VTU0FSWSAhISENCiMgDQojIFRoaXMgY29uZmlndXJhdGlvbiBmaWxlIGlzIGF1dG8tZ2VuZXJhdGVkLiBZb3UgbWlnaHQgdXNlIHRoaXMgY29uZmlnIGZpbGUNCiMgaW4gb3JkZXIgdG8gY29ubmVjdCB0byB0aGUgUGFja2V0aVggVlBOIC8gU29mdEV0aGVyIFZQTiBTZXJ2ZXIuDQojIEhvd2V2ZXIsIGJlZm9yZSB5b3UgdHJ5IGl0LCB5b3Ugc2hvdWxkIHJldmlldyB0aGUgZGVzY3JpcHRpb25zIG9mIHRoZSBmaWxlDQojIHRvIGRldGVybWluZSB0aGUgbmVjZXNzaXR5IHRvIG1vZGlmeSB0byBzdWl0YWJsZSBmb3IgeW91ciByZWFsIGVudmlyb25tZW50Lg0KIyBJZiBuZWNlc3NhcnksIHlvdSBoYXZlIHRvIG1vZGlmeSBhIGxpdHRsZSBhZGVxdWF0ZWx5IG9uIHRoZSBmaWxlLg0KIyBGb3IgZXhhbXBsZSwgdGhlIElQIGFkZHJlc3Mgb3IgdGhlIGhvc3RuYW1lIGFzIGEgZGVzdGluYXRpb24gVlBOIFNlcnZlcg0KIyBzaG91bGQgYmUgY29uZmlybWVkLg0KIyANCiMgTm90ZSB0aGF0IHRvIHVzZSBPcGVuVlBOIDIuMCwgeW91IGhhdmUgdG8gcHV0IHRoZSBjZXJ0aWZpY2F0aW9uIGZpbGUgb2YNCiMgdGhlIGRlc3RpbmF0aW9uIFZQTiBTZXJ2ZXIgb24gdGhlIE9wZW5WUE4gQ2xpZW50IGNvbXB1dGVyIHdoZW4geW91IHVzZSB0aGlzDQojIGNvbmZpZyBmaWxlLiBQbGVhc2UgcmVmZXIgdGhlIGJlbG93IGRlc2NyaXB0aW9ucyBjYXJlZnVsbHkuDQoNCg0KIyMjIyMjIyMjIyMjIyMjIyMjIyMjIyMjIyMjIyMjIyMjIyMjIyMjIyMjIyMjIyMjIyMjIyMjIyMjIyMjIyMjIyMjIyMjIyMjIyMjIyMjIw0KIyBTcGVjaWZ5IHRoZSB0eXBlIG9mIHRoZSBsYXllciBvZiB0aGUgVlBOIGNvbm5lY3Rpb24uDQojIA0KIyBUbyBjb25uZWN0IHRvIHRoZSBWUE4gU2VydmVyIGFzIGEgIlJlbW90ZS1BY2Nlc3MgVlBOIENsaWVudCBQQyIsDQojICBzcGVjaWZ5ICdkZXYgdHVuJy4gKExheWVyLTMgSVAgUm91dGluZyBNb2RlKQ0KIw0KIyBUbyBjb25uZWN0IHRvIHRoZSBWUE4gU2VydmVyIGFzIGEgYnJpZGdpbmcgZXF1aXBtZW50IG9mICJTaXRlLXRvLVNpdGUgVlBOIiwNCiMgIHNwZWNpZnkgJ2RldiB0YXAnLiAoTGF5ZXItMiBFdGhlcm5ldCBCcmlkZ2luZSBNb2RlKQ0KDQpkZXYgdHVuDQoNCg0KIyMjIyMjIyMjIyMjIyMjIyMjIyMjIyMjIyMjIyMjIyMjIyMjIyMjIyMjIyMjIyMjIyMjIyMjIyMjIyMjIyMjIyMjIyMjIyMjIyMjIyMjIw0KIyBTcGVjaWZ5IHRoZSB1bmRlcmx5aW5nIHByb3RvY29sIGJleW9uZCB0aGUgSW50ZXJuZXQuDQojIE5vdGUgdGhhdCB0aGlzIHNldHRpbmcgbXVzdCBiZSBjb3JyZXNwb25kIHdpdGggdGhlIGxpc3RlbmluZyBzZXR0aW5nIG9uDQojIHRoZSBWUE4gU2VydmVyLg0KIyANCiMgU3BlY2lmeSBlaXRoZXIgJ3Byb3RvIHRjcCcgb3IgJ3Byb3RvIHVkcCcuDQoNCnByb3RvIHVkcA0KDQoNCiMjIyMjIyMjIyMjIyMjIyMjIyMjIyMjIyMjIyMjIyMjIyMjIyMjIyMjIyMjIyMjIyMjIyMjIyMjIyMjIyMjIyMjIyMjIyMjIyMjIyMjIyMNCiMgVGhlIGRlc3RpbmF0aW9uIGhvc3RuYW1lIC8gSVAgYWRkcmVzcywgYW5kIHBvcnQgbnVtYmVyIG9mDQojIHRoZSB0YXJnZXQgVlBOIFNlcnZlci4NCiMgDQojIFlvdSBoYXZlIHRvIHNwZWNpZnkgYXMgJ3JlbW90ZSA8SE9TVE5BTUU+IDxQT1JUPicuIFlvdSBjYW4gYWxzbw0KIyBzcGVjaWZ5IHRoZSBJUCBhZGRyZXNzIGluc3RlYWQgb2YgdGhlIGhvc3RuYW1lLg0KIyANCiMgTm90ZSB0aGF0IHRoZSBhdXRvLWdlbmVyYXRlZCBiZWxvdyBob3N0bmFtZSBhcmUgYSAiYXV0by1kZXRlY3RlZA0KIyBJUCBhZGRyZXNzIiBvZiB0aGUgVlBOIFNlcnZlci4gWW91IGhhdmUgdG8gY29uZmlybSB0aGUgY29ycmVjdG5lc3MNCiMgYmVmb3JlaGFuZC4NCiMgDQojIFdoZW4geW91IHdhbnQgdG8gY29ubmVjdCB0byB0aGUgVlBOIFNlcnZlciBieSB1c2luZyBUQ1AgcHJvdG9jb2wsDQojIHRoZSBwb3J0IG51bWJlciBvZiB0aGUgZGVzdGluYXRpb24gVENQIHBvcnQgc2hvdWxkIGJlIHNhbWUgYXMgb25lIG9mDQojIHRoZSBhdmFpbGFibGUgVENQIGxpc3RlbmVycyBvbiB0aGUgVlBOIFNlcnZlci4NCiMgDQojIFdoZW4geW91IHVzZSBVRFAgcHJvdG9jb2wsIHRoZSBwb3J0IG51bWJlciBtdXN0IHNhbWUgYXMgdGhlIGNvbmZpZ3VyYXRpb24NCiMgc2V0dGluZyBvZiAiT3BlblZQTiBTZXJ2ZXIgQ29tcGF0aWJsZSBGdW5jdGlvbiIgb24gdGhlIFZQTiBTZXJ2ZXIuDQoNCnJlbW90ZSAzNi4xNC4yMDkuMTEgMTMzMw0KDQoNCiMjIyMjIyMjIyMjIyMjIyMjIyMjIyMjIyMjIyMjIyMjIyMjIyMjIyMjIyMjIyMjIyMjIyMjIyMjIyMjIyMjIyMjIyMjIyMjIyMjIyMjIyMNCiMgVGhlIEhUVFAvSFRUUFMgcHJveHkgc2V0dGluZy4NCiMgDQojIE9ubHkgaWYgeW91IGhhdmUgdG8gdXNlIHRoZSBJbnRlcm5ldCB2aWEgYSBwcm94eSwgdW5jb21tZW50IHRoZSBiZWxvdw0KIyB0d28gbGluZXMgYW5kIHNwZWNpZnkgdGhlIHByb3h5IGFkZHJlc3MgYW5kIHRoZSBwb3J0IG51bWJlci4NCiMgSW4gdGhlIGNhc2Ugb2YgdXNpbmcgcHJveHktYXV0aGVudGljYXRpb24sIHJlZmVyIHRoZSBPcGVuVlBOIG1hbnVhbC4NCg0KO2h0dHAtcHJveHktcmV0cnkNCjtodHRwLXByb3h5IFtwcm94eSBzZXJ2ZXJdIFtwcm94eSBwb3J0XQ0KDQoNCiMjIyMjIyMjIyMjIyMjIyMjIyMjIyMjIyMjIyMjIyMjIyMjIyMjIyMjIyMjIyMjIyMjIyMjIyMjIyMjIyMjIyMjIyMjIyMjIyMjIyMjIyMNCiMgVGhlIGVuY3J5cHRpb24gYW5kIGF1dGhlbnRpY2F0aW9uIGFsZ29yaXRobS4NCiMgDQojIERlZmF1bHQgc2V0dGluZyBpcyBnb29kLiBNb2RpZnkgaXQgYXMgeW91IHByZWZlci4NCiMgV2hlbiB5b3Ugc3BlY2lmeSBhbiB1bnN1cHBvcnRlZCBhbGdvcml0aG0sIHRoZSBlcnJvciB3aWxsIG9jY3VyLg0KIyANCiMgVGhlIHN1cHBvcnRlZCBhbGdvcml0aG1zIGFyZSBhcyBmb2xsb3dzOg0KIyAgY2lwaGVyOiBbTlVMTC1DSVBIRVJdIE5VTEwgQUVTLTEyOC1DQkMgQUVTLTE5Mi1DQkMgQUVTLTI1Ni1DQkMgQkYtQ0JDDQojICAgICAgICAgIENBU1QtQ0JDIENBU1Q1LUNCQyBERVMtQ0JDIERFUy1FREUtQ0JDIERFUy1FREUzLUNCQyBERVNYLUNCQw0KIyAgICAgICAgICBSQzItNDAtQ0JDIFJDMi02NC1DQkMgUkMyLUNCQw0KIyAgYXV0aDogICBTSEEgU0hBMSBNRDUgTUQ0IFJNRDE2MA0KDQpjaXBoZXIgQUVTLTEyOC1DQkMNCmF1dGggU0hBMQ0KDQoNCiMjIyMjIyMjIyMjIyMjIyMjIyMjIyMjIyMjIyMjIyMjIyMjIyMjIyMjIyMjIyMjIyMjIyMjIyMjIyMjIyMjIyMjIyMjIyMjIyMjIyMjIyMNCiMgT3RoZXIgcGFyYW1ldGVycyBuZWNlc3NhcnkgdG8gY29ubmVjdCB0byB0aGUgVlBOIFNlcnZlci4NCiMgDQojIEl0IGlzIG5vdCByZWNvbW1lbmRlZCB0byBtb2RpZnkgaXQgdW5sZXNzIHlvdSBoYXZlIGEgcGFydGljdWxhciBuZWVkLg0KDQpyZXNvbHYtcmV0cnkgaW5maW5pdGUNCm5vYmluZA0KcGVyc2lzdC1rZXkNCnBlcnNpc3QtdHVuDQpjbGllbnQNCnZlcmIgMw0KI2F1dGgtdXNlci1wYXNzDQoNCg0KIyMjIyMjIyMjIyMjIyMjIyMjIyMjIyMjIyMjIyMjIyMjIyMjIyMjIyMjIyMjIyMjIyMjIyMjIyMjIyMjIyMjIyMjIyMjIyMjIyMjIyMjIw0KIyBUaGUgY2VydGlmaWNhdGUgZmlsZSBvZiB0aGUgZGVzdGluYXRpb24gVlBOIFNlcnZlci4NCiMgDQojIFRoZSBDQSBjZXJ0aWZpY2F0ZSBmaWxlIGlzIGVtYmVkZGVkIGluIHRoZSBpbmxpbmUgZm9ybWF0Lg0KIyBZb3UgY2FuIHJlcGxhY2UgdGhpcyBDQSBjb250ZW50cyBpZiBuZWNlc3NhcnkuDQojIFBsZWFzZSBub3RlIHRoYXQgaWYgdGhlIHNlcnZlciBjZXJ0aWZpY2F0ZSBpcyBub3QgYSBzZWxmLXNpZ25lZCwgeW91IGhhdmUgdG8NCiMgc3BlY2lmeSB0aGUgc2lnbmVyJ3Mgcm9vdCBjZXJ0aWZpY2F0ZSAoQ0EpIGhlcmUuDQoNCjxjYT4NCi0tLS0tQkVHSU4gQ0VSVElGSUNBVEUtLS0tLQ0KTUlJRmF6Q0NBMU9nQXdJQkFnSVJBSUlRejdEU1FPTlpSR1BndTJPQ2l3QXdEUVlKS29aSWh2Y05BUUVMQlFBdw0KVHpFTE1Ba0dBMVVFQmhNQ1ZWTXhLVEFuQmdOVkJBb1RJRWx1ZEdWeWJtVjBJRk5sWTNWeWFYUjVJRkpsYzJWaA0KY21Ob0lFZHliM1Z3TVJVd0V3WURWUVFERXd4SlUxSkhJRkp2YjNRZ1dERXdIaGNOTVRVd05qQTBNVEV3TkRNNA0KV2hjTk16VXdOakEwTVRFd05ETTRXakJQTVFzd0NRWURWUVFHRXdKVlV6RXBNQ2NHQTFVRUNoTWdTVzUwWlhKdQ0KWlhRZ1UyVmpkWEpwZEhrZ1VtVnpaV0Z5WTJnZ1IzSnZkWEF4RlRBVEJnTlZCQU1UREVsVFVrY2dVbTl2ZENCWQ0KTVRDQ0FpSXdEUVlKS29aSWh2Y05BUUVCQlFBRGdnSVBBRENDQWdvQ2dnSUJBSzNvSkhQMEZEZnptNTRyVnlnYw0KaDc3Y3Q5ODRrSXh1UE9aWG9IajNkY0tpL3ZWcWJ2WUFUeWpiM21pR2JFU1R0ckZqL1JRU2E3OGYwdW94bXlGKw0KMFRNOHVrajEzWG5mczdqL0V2RWhta3ZCaW9aeGFVcG1abXlQZmp4d3Y2MHBJZ2J6NU1EbWdLN2lTNCszbVg2VQ0KQTUvVFI1ZDhtVWdqVStnNHJrOEtiNE11MFVsWGpJQjB0dG92MERpTmV3TndJUnQxOGpBOCtvK3UzZHBqcStzVw0KVDhLT0VVdCt6d3ZvLzdWM0x2U3llMHJnVEJJbERIQ05BeW1nNFZNazdCUFo3aG0vRUxOS2pEK0pvMkZSM3F5SA0KQjVUMFkzSHNMdUp2VzVpQjRZbGNOSGxzZHU4N2tHSjU1dHVrbWk4bXhkQVE0UTdlMlJDT0Z2dTM5NmozeCtVQw0KQjVpUE5naVY1K0kzbGcwMmRaNzdEbkt4SFp1OEEvbEpCZGlCM1FXMEt0WkI2YXdCZHBVS0Q5amYxYjBTSHpVdg0KS0JkczBwakJxQWxrZDI1SE43ck9yRmxlYUoxL2N0YUp4UVpCS1Q1WlB0MG05U1RKRWFkYW8weEFIMGFobWJXbg0KT2xGdWhqdWVmWEtuRWdWNFdlMCtVWGdWQ3dPUGpkQXZCYkkrZTBvY1MzTUZFdnpHNnVCUUUzeERrM1N6eW5Ubg0Kamg4QkNOQXcxRnR4TnJRSHVzRXdNRnhJdDRJN21LWjlZSXFpb3ltQ3pMcTlnd1Fib29NRFFhSFdCZkVid3Jidw0KcUh5R08wYW9TQ3FJM0hhYWRyOGZhcVU5R1kvck9QTmszc2dyRFFvby8vZmI0aFZDMUNMUUoxM2hlZjRZNTNDSQ0KclU3bTJZczZ4dDBuVVc3L3ZHVDFNME5QQWdNQkFBR2pRakJBTUE0R0ExVWREd0VCL3dRRUF3SUJCakFQQmdOVg0KSFJNQkFmOEVCVEFEQVFIL01CMEdBMVVkRGdRV0JCUjV0Rm5tZTdibDVBRnpnQWlJeUJwWTl1bWJiakFOQmdrcQ0KaGtpRzl3MEJBUXNGQUFPQ0FnRUFWUjlZcWJ5eXFGRFFETEhZR21rZ0p5a0lyR0YxWElwdStJTGxhUy9WOWxaTA0KdWJoekVGblRJWmQrNTB4eCs3TFNZSzA1cUF2cUZ5RldoZkZRRGxucnp1Qlo2YnJKRmUrR25ZK0VnUGJrNlpHUQ0KM0JlYllodEY4R2FWMG54dnd1bzc3eC9QeTlhdUovR3BzTWl1L1gxK212b2lCT3YvMlgvcWtTc2lzUmNPai9LSw0KTkZ0WTJQd0J5VlM1dUNiTWlvZ3ppVXd0aER5QzMrNldWd1c2TEx2M3hMZkhUanVDdmpISUluTnprdEhDZ0tRNQ0KT1JBekk0Sk1QSitHc2xXWUhiNHBob3dpbTU3aWF6dFhPb0p3VGR3Sng0bkxDZ2ROYk9oZGpzbnZ6cXZIdTdVcg0KVGtYV1N0QW16T1Z5eWdocXBaWGpGYUgzcE8zSkxGK2wrLytzS0FJdXZ0ZDd1K054ZTVBVzB3ZGVSbE44TndkQw0Kak5QRWxwelZtYlVxNEpVYWdFaXVURGtIenN4SHBGS1ZLN3E0KzYzU00xTjk1UjFOYmRXaHNjZENiK1pBSnpWYw0Kb3lpM0I0M25qVE9RNXlPZisxQ2NlV3hHMWJRVnM1WnVmcHNNbGpxNFVpMC8xbHZoK3dqQ2hQNGtxS09KMnF4cQ0KNFJncXNhaERZVnZUSDl3N2pYYnlMZWlOZGQ4WE0ydzlVL3Q3eTBGZi85eWkwR0U0NFphNHJGMkxOOWQxMVRQQQ0KbVJHdW5VSEJjbldFdmdKQlFsOW5KRWlVMFpzbnZnYy91YmhQZ1hSUjRYcTM3WjBqNHI3ZzFTZ0VFend4QTU3ZA0KZW15UHhnY1l4bi9lUjQ0L0tKNEVCcytsVkRSM3ZleUptK2tYUTk5YjIxLytqaDVYb3MxQW5YNWlJdHJlR0NjPQ0KLS0tLS1FTkQgQ0VSVElGSUNBVEUtLS0tLQ0KDQo8L2NhPg0KDQoNCiMjIyMjIyMjIyMjIyMjIyMjIyMjIyMjIyMjIyMjIyMjIyMjIyMjIyMjIyMjIyMjIyMjIyMjIyMjIyMjIyMjIyMjIyMjIyMjIyMjIyMjIyMNCiMgVGhlIGNsaWVudCBjZXJ0aWZpY2F0ZSBmaWxlIChkdW1teSkuDQojIA0KIyBJbiBzb21lIGltcGxlbWVudGF0aW9ucyBvZiBPcGVuVlBOIENsaWVudCBzb2Z0d2FyZQ0KIyAoZm9yIGV4YW1wbGU6IE9wZW5WUE4gQ2xpZW50IGZvciBpT1MpLA0KIyBhIHBhaXIgb2YgY2xpZW50IGNlcnRpZmljYXRlIGFuZCBwcml2YXRlIGtleSBtdXN0IGJlIGluY2x1ZGVkIG9uIHRoZQ0KIyBjb25maWd1cmF0aW9uIGZpbGUgZHVlIHRvIHRoZSBsaW1pdGF0aW9uIG9mIHRoZSBjbGllbnQuDQojIFNvIHRoaXMgc2FtcGxlIGNvbmZpZ3VyYXRpb24gZmlsZSBoYXMgYSBkdW1teSBwYWlyIG9mIGNsaWVudCBjZXJ0aWZpY2F0ZQ0KIyBhbmQgcHJpdmF0ZSBrZXkgYXMgZm9sbG93cy4NCg0KPGNlcnQ+DQotLS0tLUJFR0lOIENFUlRJRklDQVRFLS0tLS0NCk1JSUN4akNDQWE0Q0FRQXdEUVlKS29aSWh2Y05BUUVGQlFBd0tURWFNQmdHQTFVRUF4TVJWbEJPUjJGMFpVTnMNCmFXVnVkRU5sY25ReEN6QUpCZ05WQkFZVEFrcFFNQjRYRFRFek1ESXhNVEF6TkRrME9Wb1hEVE0zTURFeE9UQXoNCk1UUXdOMW93S1RFYU1CZ0dBMVVFQXhNUlZsQk9SMkYwWlVOc2FXVnVkRU5sY25ReEN6QUpCZ05WQkFZVEFrcFENCk1JSUJJakFOQmdrcWhraUc5dzBCQVFFRkFBT0NBUThBTUlJQkNnS0NBUUVBNWgybGdRUVlVandvS1lKYnpWWkENCjVWY0lHZDVvdFBjL3FaUk10MEtJdENGQTBzOVJ3UmVOVmE5ZkRSRkxSQmhjSVRPbHYzRkJjVzNFOGgxVXM3UkQNCjRXOEdtSmU4emFwSm5Mc0QzOU9TTVJDelpKbmN6VzRPQ0gxUFpSWldLcUR0amxOY2E5QUY4YTY1alRtbER4Q1ENCkNqbnRMSVdrNU9MTFZrRnQ5L3RTY2MxR0R0Y2k1NW9maGFOQVlNUGlIN1Y4KzFnNjZwR0hYQW9XSzZBUVZINjcNClhDS0puR0I1bmxRK0hzTVlQVi9PNDlMZDkxWk4vMnRIa2NhTEx5TnR5d3hWUFJTc1JoNDgwamp1MGZjQ3N2NmgNCnAvMHlYblRCLy9tV3V0QkdwZFVsSWJ3aUlUYkFtcnNiWW5qaWdSdm5QcVgxUk5KVWJpOUZwNkMyYy9ISUZKR0QNCnl3SURBUUFCTUEwR0NTcUdTSWIzRFFFQkJRVUFBNElCQVFDaE81aGdjdy80b1dmb0VGTHU5a0JhMUIvL2t4SDgNCmhRa0NoVk5uOEJSQzdZMFVSUWl0UGwzREtFZWQ5VVJCRGRnMktPQXo3N2JiNkVOUGlsaUQrYTM4VUpISVJNcWUNClVCSGhsbE9ISXp2RGhIRmJhb3ZBTEJRY2VlQnpka1F4c0tRRVNLbVFtUjgzMjk1MFVDb3ZveVJCNjFVeUFWN2gNCittWmhZUEdSS1hLU0pJNnMwRWdnL0NyaStDd2s0YmpKZnJiNWhWc2UxMXloNEQ5TUhod1NmQ09IKzB6NGhQVVQNCkZrdTdkR2F2VVJPNVNWeE1uL3NMNkVuNUQrb1NlWGthZEhwRHMrQWlyeW0yWUhoMTVoMCtqUFNPb1I2eWlWcC8NCjZ6WmVaa3JONDNrdVM3M0twS0RGamZGUGg4dDRyMWdPSWp0dGtOY1FxQmNjdXNucGxRN0hKcHNrDQotLS0tLUVORCBDRVJUSUZJQ0FURS0tLS0tDQoNCjwvY2VydD4NCg0KPGtleT4NCi0tLS0tQkVHSU4gUlNBIFBSSVZBVEUgS0VZLS0tLS0NCk1JSUVwQUlCQUFLQ0FRRUE1aDJsZ1FRWVVqd29LWUpielZaQTVWY0lHZDVvdFBjL3FaUk10MEtJdENGQTBzOVINCndSZU5WYTlmRFJGTFJCaGNJVE9sdjNGQmNXM0U4aDFVczdSRDRXOEdtSmU4emFwSm5Mc0QzOU9TTVJDelpKbmMNCnpXNE9DSDFQWlJaV0txRHRqbE5jYTlBRjhhNjVqVG1sRHhDUUNqbnRMSVdrNU9MTFZrRnQ5L3RTY2MxR0R0Y2kNCjU1b2ZoYU5BWU1QaUg3VjgrMWc2NnBHSFhBb1dLNkFRVkg2N1hDS0puR0I1bmxRK0hzTVlQVi9PNDlMZDkxWk4NCi8ydEhrY2FMTHlOdHl3eFZQUlNzUmg0ODBqanUwZmNDc3Y2aHAvMHlYblRCLy9tV3V0QkdwZFVsSWJ3aUlUYkENCm1yc2JZbmppZ1J2blBxWDFSTkpVYmk5RnA2QzJjL0hJRkpHRHl3SURBUUFCQW9JQkFFUlY3WDVBdnhBOHVSaUsNCms4U0lwc0QwZFgxcEpPTUl3YWtVVnl2YzRFZk4wRGhLUk5iNHJZb1NpRUdUTHl6THB5QmMvQTI4RGxrbTVlT1kNCmZqelhmWWtHdFlpL0Z0eGtnM085dmNyTVE0KzZpK3VHSGFJTDJyTCtzNE1yZk84djF4djYrV2t5MzNFRUdDb3UNClFpd1ZHUkZRWG5Sb1E2Mk5CQ0ZiVU5MaG1Yd2RqMWFrWnpMVTRwNVI0ekEzUWhkeHdFSWF0Vkx0MCs3b3dMUTMNCmxQOHNmWGhwcFBPWGpUcU1ENFFrWXd6UEFhOC96RjdhY240a3J5clVQN1E2UEFmZDB6RVZxTnk5WkNaOWZmaG8NCnpYZWRGajQ4NklGb2M1Z25UcDJONmpzblZqNExDR0lobFZIbFlHb3pLS0ZxSmNRVkdzSENxcTFvejJ6alc2TFMNCm9SWUlIZ0VDZ1lFQTh6WnJrQ3dOWVNYSnVPREozbS9oT0xWeGN4Z0p1d1hvaUVyV2QwRTQydlBhbmpqVk1obnQNCktZNWw4cUdNSjZGaEs5TFl4MnFDcmYvRTBYdFVBWjJ3VnEzT1JUeUduc01XcmU5dExZczU1WCtaTjEwVGM3NXoNCjRoYWNiVTBocUtOMUhpRG1zTVJZMy8yTmFaSG95N01LbndKSkJhRzQ4bDlDQ1RsVndNSG9jSUVDZ1lFQThqYnkNCmRHanhUSCs2WEhXTml6YjVTUmJaeEFueUVlSmVSd1RNaDBnR3p3R1BwSC9zWllHenl1MFN5U1hXQ25aaDNSZ3ENCjV1TGxOeHRyWHJsalpseWkyblFkUWdzcTJZcldVczAremdVKzIydVFzWnBTQWZ0bWhWcnR2ZXQ2TWpWamJCeVkNCkRBRGNpRVZVZEpZSVhrK3FuRlVKeWVyb0xJa1RqN1dZS1o2Umprc0NnWUJvQ0ZJd1JEZWc0Mm9LODlSRm1uT3INCkx5bU5BcTQrMm9NaHNXbFZiNGVqV0lXZUFrOW5jK0dYVWZyWHN6UmhTMDFtVW5VNXI1eWdVdlJjYXJWL1QzVTcNClRuTVorSTdZNERnV1JJRGQ1MXpuaHhJQnRZVjVqL0MvdDg1SGpxT2tIKzhiNlJUa2JjaGFYM21hdTdmcFVmZHMNCkZxMG5oSXE0MmZoRU84c3JmWVl3Z1FLQmdRQ3loaTFOLzh0YVJ3cGsrMy9JREV6UXdqYmZkelVrV1dTRGs5WHMNCkgvcGt1UkhXZlRNUDNmbFdxRVlnVy9MVzQwcGVXMkhEcTVpbWRWOCtBZ1p4ZS9YTWJhamk5TGd3ZjFSWTAwNW4NCkt4YVpRejd5cUh1cFdsTEdGNjhEUEh4a1pWVlNhZ0RuVi9zenRXWDZTRnNDcUZWbnhJWGlmWEdDNGNXNU5tOWcNCnZhOHE0UUtCZ1FDRWhMVmVVZmR3S3ZrWjk0Zy9HRno3MzFaMmhyZFZoZ01aYVUvdTZ0MFY5NStZZXpQTkNRWkINCndtRTlNbWxicTFlbURlUk9pdmpDZm9HaFIza1pYVzFwVEtsTGg2Wk1VUVVPcHB0ZFh2YThYeGZvcVF3YTNlbkENCk03bXVCYkYwWE43Vk84MGlKUHYrUG1JWmRFSUFrcHdLZmkyMDFZQitCYWZDSXVHeElGNTBWZz09DQotLS0tLUVORCBSU0EgUFJJVkFURSBLRVktLS0tLQ0KDQo8L2tleT4NCg0K
vpn698974392,126.65.243.184,982326,4,94894323,Japan,JP,22,277365507,6401,473587812535,2weeks,DESKTOP-KF6D06R's owner,,IyMjIyMjIyMjIyMjIyMjIyMjIyMjIyMjIyMjIyMjIyMjIyMjIyMjIyMjIyMjIyMjIyMjIyMjIyMjIyMjIyMjIyMjIyMjIyMjIyMjIyMjIw0KIyBPcGVuVlBOIDIuMCBTYW1wbGUgQ29uZmlndXJhdGlvbiBGaWxlDQojIGZvciBQYWNrZXRpWCBWUE4gLyBTb2Z0RXRoZXIgVlBOIFNlcnZlcg0KIyANCiMgISEhIEFVVE8tR0VORVJBVEVEIEJZIFNPRlRFVEhFUiBWUE4gU0VSVkVSIE1BTkFHRU1FTlQgVE9PTCAhISENCiMgDQojICEhISBZT1UgSEFWRSBUTyBSRVZJRVcgSVQgQkVGT1JFIFVTRSBBTkQgTU9ESUZZIElUIEFTIE5FQ0VTU0FSWSAhISENCiMgDQojIFRoaXMgY29uZmlndXJhdGlvbiBmaWxlIGlzIGF1dG8tZ2VuZXJhdGVkLiBZb3UgbWlnaHQgdXNlIHRoaXMgY29uZmlnIGZpbGUNCiMgaW4gb3JkZXIgdG8gY29ubmVjdCB0byB0aGUgUGFja2V0aVggVlBOIC8gU29mdEV0aGVyIFZQTiBTZXJ2ZXIuDQojIEhvd2V2ZXIsIGJlZm9yZSB5b3UgdHJ5IGl0LCB5b3Ugc2hvdWxkIHJldmlldyB0aGUgZGVzY3JpcHRpb25zIG9mIHRoZSBmaWxlDQojIHRvIGRldGVybWluZSB0aGUgbmVjZXNzaXR5IHRvIG1vZGlmeSB0byBzdWl0YWJsZSBmb3IgeW91ciByZWFsIGVudmlyb25tZW50Lg0KIyBJZiBuZWNlc3NhcnksIHlvdSBoYXZlIHRvIG1vZGlmeSBhIGxpdHRsZSBhZGVxdWF0ZWx5IG9uIHRoZSBmaWxlLg0KIyBGb3IgZXhhbXBsZSwgdGhlIElQIGFkZHJlc3Mgb3IgdGhlIGhvc3RuYW1lIGFzIGEgZGVzdGluYXRpb24gVlBOIFNlcnZlcg0KIyBzaG91bGQgYmUgY29uZmlybWVkLg0KIyANCiMgTm90ZSB0aGF0IHRvIHVzZSBPcGVuVlBOIDIuMCwgeW91IGhhdmUgdG8gcHV0IHRoZSBjZXJ0aWZpY2F0aW9uIGZpbGUgb2YNCiMgdGhlIGRlc3RpbmF0aW9uIFZQTiBTZXJ2ZXIgb24gdGhlIE9wZW5WUE4gQ2xpZW50IGNvbXB1dGVyIHdoZW4geW91IHVzZSB0aGlzDQojIGNvbmZpZyBmaWxlLiBQbGVhc2UgcmVmZXIgdGhlIGJlbG93IGRlc2NyaXB0aW9ucyBjYXJlZnVsbHkuDQoNCg0KIyMjIyMjIyMjIyMjIyMjIyMjIyMjIyMjIyMjIyMjIyMjIyMjIyMjIyMjIyMjIyMjIyMjIyMjIyMjIyMjIyMjIyMjIyMjIyMjIyMjIyMjIw0KIyBTcGVjaWZ5IHRoZSB0eXBlIG9mIHRoZSBsYXllciBvZiB0aGUgVlBOIGNvbm5lY3Rpb24uDQojIA0KIyBUbyBjb25uZWN0IHRvIHRoZSBWUE4gU2VydmVyIGFzIGEgIlJlbW90ZS1BY2Nlc3MgVlBOIENsaWVudCBQQyIsDQojICBzcGVjaWZ5ICdkZXYgdHVuJy4gKExheWVyLTMgSVAgUm91dGluZyBNb2RlKQ0KIw0KIyBUbyBjb25uZWN0IHRvIHRoZSBWUE4gU2VydmVyIGFzIGEgYnJpZGdpbmcgZXF1aXBtZW50IG9mICJTaXRlLXRvLVNpdGUgVlBOIiwNCiMgIHNwZWNpZnkgJ2RldiB0YXAnLiAoTGF5ZXItMiBFdGhlcm5ldCBCcmlkZ2luZSBNb2RlKQ0KDQpkZXYgdHVuDQoNCg0KIyMjIyMjIyMjIyMjIyMjIyMjIyMjIyMjIyMjIyMjIyMjIyMjIyMjIyMjIyMjIyMjIyMjIyMjIyMjIyMjIyMjIyMjIyMjIyMjIyMjIyMjIw0KIyBTcGVjaWZ5IHRoZSB1bmRlcmx5aW5nIHByb3RvY29sIGJleW9uZCB0aGUgSW50ZXJuZXQuDQojIE5vdGUgdGhhdCB0aGlzIHNldHRpbmcgbXVzdCBiZSBjb3JyZXNwb25kIHdpdGggdGhlIGxpc3RlbmluZyBzZXR0aW5nIG9uDQojIHRoZSBWUE4gU2VydmVyLg0KIyANCiMgU3BlY2lmeSBlaXRoZXIgJ3Byb3RvIHRjcCcgb3IgJ3Byb3RvIHVkcCcuDQoNCnByb3RvIHRjcA0KDQoNCiMjIyMjIyMjIyMjIyMjIyMjIyMjIyMjIyMjIyMjIyMjIyMjIyMjIyMjIyMjIyMjIyMjIyMjIyMjIyMjIyMjIyMjIyMjIyMjIyMjIyMjIyMNCiMgVGhlIGRlc3RpbmF0aW9uIGhvc3RuYW1lIC8gSVAgYWRkcmVzcywgYW5kIHBvcnQgbnVtYmVyIG9mDQojIHRoZSB0YXJnZXQgVlBOIFNlcnZlci4NCiMgDQojIFlvdSBoYXZlIHRvIHNwZWNpZnkgYXMgJ3JlbW90ZSA8SE9TVE5BTUU+IDxQT1JUPicuIFlvdSBjYW4gYWxzbw0KIyBzcGVjaWZ5IHRoZSBJUCBhZGRyZXNzIGluc3RlYWQgb2YgdGhlIGhvc3RuYW1lLg0KIyANCiMgTm90ZSB0aGF0IHRoZSBhdXRvLWdlbmVyYXRlZCBiZWxvdyBob3N0bmFtZSBhcmUgYSAiYXV0by1kZXRlY3RlZA0KIyBJUCBhZGRyZXNzIiBvZiB0aGUgVlBOIFNlcnZlci4gWW91IGhhdmUgdG8gY29uZmlybSB0aGUgY29ycmVjdG5lc3MNCiMgYmVmb3JlaGFuZC4NCiMgDQojIFdoZW4geW91IHdhbnQgdG8gY29ubmVjdCB0byB0aGUgVlBOIFNlcnZlciBieSB1c2luZyBUQ1AgcHJvdG9jb2wsDQojIHRoZSBwb3J0IG51bWJlciBvZiB0aGUgZGVzdGluYXRpb24gVENQIHBvcnQgc2hvdWxkIGJlIHNhbWUgYXMgb25lIG9mDQojIHRoZSBhdmFpbGFibGUgVENQIGxpc3RlbmVycyBvbiB0aGUgVlBOIFNlcnZlci4NCiMgDQojIFdoZW4geW91IHVzZSBVRFAgcHJvdG9jb2wsIHRoZSBwb3J0IG51bWJlciBtdXN0IHNhbWUgYXMgdGhlIGNvbmZpZ3VyYXRpb24NCiMgc2V0dGluZyBvZiAiT3BlblZQTiBTZXJ2ZXIgQ29tcGF0aWJsZSBGdW5jdGlvbiIgb24gdGhlIFZQTiBTZXJ2ZXIuDQoNCnJlbW90ZSAxMjYuNjUuMjQzLjE4NCAxMzQ1DQoNCg0KIyMjIyMjIyMjIyMjIyMjIyMjIyMjIyMjIyMjIyMjIyMjIyMjIyMjIyMjIyMjIyMjIyMjIyMjIyMjIyMjIyMjIyMjIyMjIyMjIyMjIyMjIw0KIyBUaGUgSFRUUC9IVFRQUyBwcm94eSBzZXR0aW5nLg0KIyANCiMgT25seSBpZiB5b3UgaGF2ZSB0byB1c2UgdGhlIEludGVybmV0IHZpYSBhIHByb3h5LCB1bmNvbW1lbnQgdGhlIGJlbG93DQojIHR3byBsaW5lcyBhbmQgc3BlY2lmeSB0aGUgcHJveHkgYWRkcmVzcyBhbmQgdGhlIHBvcnQgbnVtYmVyLg0KIyBJbiB0aGUgY2FzZSBvZiB1c2luZyBwcm94eS1hdXRoZW50aWNhdGlvbiwgcmVmZXIgdGhlIE9wZW5WUE4gbWFudWFsLg0KDQo7aHR0cC1wcm94eS1yZXRyeQ0KO2h0dHAtcHJveHkgW3Byb3h5IHNlcnZlcl0gW3Byb3h5IHBvcnRdDQoNCg0KIyMjIyMjIyMjIyMjIyMjIyMjIyMjIyMjIyMjIyMjIyMjIyMjIyMjIyMjIyMjIyMjIyMjIyMjIyMjIyMjIyMjIyMjIyMjIyMjIyMjIyMjIw0KIyBUaGUgZW5jcnlwdGlvbiBhbmQgYXV0aGVudGljYXRpb24gYWxnb3JpdGhtLg0KIyANCiMgRGVmYXVsdCBzZXR0aW5nIGlzIGdvb2QuIE1vZGlmeSBpdCBhcyB5b3UgcHJlZmVyLg0KIyBXaGVuIHlvdSBzcGVjaWZ5IGFuIHVuc3VwcG9ydGVkIGFsZ29yaXRobSwgdGhlIGVycm9yIHdpbGwgb2NjdXIuDQojIA0KIyBUaGUgc3VwcG9ydGVkIGFsZ29yaXRobXMgYXJlIGFzIGZvbGxvd3M6DQojICBjaXBoZXI6IFtOVUxMLUNJUEhFUl0gTlVMTCBBRVMtMTI4LUNCQyBBRVMtMTkyLUNCQyBBRVMtMjU2LUNCQyBCRi1DQkMNCiMgICAgICAgICAgQ0FTVC1DQkMgQ0FTVDUtQ0JDIERFUy1DQkMgREVTLUVERS1DQkMgREVTLUVERTMtQ0JDIERFU1gtQ0JDDQojICAgICAgICAgIFJDMi00MC1DQkMgUkMyLTY0LUNCQyBSQzItQ0JDDQojICBhdXRoOiAgIFNIQSBTSEExIE1ENSBNRDQgUk1EMTYwDQoNCmNpcGhlciBBRVMtMTI4LUNCQw0KYXV0aCBTSEExDQoNCg0KIyMjIyMjIyMjIyMjIyMjIyMjIyMjIyMjIyMjIyMjIyMjIyMjIyMjIyMjIyMjIyMjIyMjIyMjIyMjIyMjIyMjIyMjIyMjIyMjIyMjIyMjIw0KIyBPdGhlciBwYXJhbWV0ZXJzIG5lY2Vzc2FyeSB0byBjb25uZWN0IHRvIHRoZSBWUE4gU2VydmVyLg0KIyANCiMgSXQgaXMgbm90IHJlY29tbWVuZGVkIHRvIG1vZGlmeSBpdCB1bmxlc3MgeW91IGhhdmUgYSBwYXJ0aWN1bGFyIG5lZWQuDQoNCnJlc29sdi1yZXRyeSBpbmZpbml0ZQ0Kbm9iaW5kDQpwZXJzaXN0LWtleQ0KcGVyc2lzdC10dW4NCmNsaWVudA0KdmVyYiAzDQojYXV0aC11c2VyLXBhc3MNCg0KDQojIyMjIyMjIyMjIyMjIyMjIyMjIyMjIyMjIyMjIyMjIyMjIyMjIyMjIyMjIyMjIyMjIyMjIyMjIyMjIyMjIyMjIyMjIyMjIyMjIyMjIyMjDQojIFRoZSBjZXJ0aWZpY2F0ZSBmaWxlIG9mIHRoZSBkZXN0aW5hdGlvbiBWUE4gU2VydmVyLg0KIyANCiMgVGhlIENBIGNlcnRpZmljYXRlIGZpbGUgaXMgZW1iZWRkZWQgaW4gdGhlIGlubGluZSBmb3JtYXQuDQojIFlvdSBjYW4gcmVwbGFjZSB0aGlzIENBIGNvbnRlbnRzIGlmIG5lY2Vzc2FyeS4NCiMgUGxlYXNlIG5vdGUgdGhhdCBpZiB0aGUgc2VydmVyIGNlcnRpZmljYXRlIGlzIG5vdCBhIHNlbGYtc2lnbmVkLCB5b3UgaGF2ZSB0bw0KIyBzcGVjaWZ5IHRoZSBzaWduZXIncyByb290IGNlcnRpZmljYXRlIChDQSkgaGVyZS4NCg0KPGNhPg0KLS0tLS1CRUdJTiBDRVJUSUZJQ0FURS0tLS0tDQpNSUlGYXpDQ0ExT2dBd0lCQWdJUkFJSVF6N0RTUU9OWlJHUGd1Mk9DaXdBd0RRWUpLb1pJaHZjTkFRRUxCUUF3DQpUekVMTUFrR0ExVUVCaE1DVlZNeEtUQW5CZ05WQkFvVElFbHVkR1Z5Ym1WMElGTmxZM1Z5YVhSNUlGSmxjMlZoDQpjbU5vSUVkeWIzVndNUlV3RXdZRFZRUURFd3hKVTFKSElGSnZiM1FnV0RFd0hoY05NVFV3TmpBME1URXdORE00DQpXaGNOTXpVd05qQTBNVEV3TkRNNFdqQlBNUXN3Q1FZRFZRUUdFd0pWVXpFcE1DY0dBMVVFQ2hNZ1NXNTBaWEp1DQpaWFFnVTJWamRYSnBkSGtnVW1WelpXRnlZMmdnUjNKdmRYQXhGVEFUQmdOVkJBTVRERWxUVWtjZ1VtOXZkQ0JZDQpNVENDQWlJd0RRWUpLb1pJaHZjTkFRRUJCUUFEZ2dJUEFEQ0NBZ29DZ2dJQkFLM29KSFAwRkRmem01NHJWeWdjDQpoNzdjdDk4NGtJeHVQT1pYb0hqM2RjS2kvdlZxYnZZQVR5amIzbWlHYkVTVHRyRmovUlFTYTc4ZjB1b3hteUYrDQowVE04dWtqMTNYbmZzN2ovRXZFaG1rdkJpb1p4YVVwbVpteVBmanh3djYwcElnYno1TURtZ0s3aVM0KzNtWDZVDQpBNS9UUjVkOG1VZ2pVK2c0cms4S2I0TXUwVWxYaklCMHR0b3YwRGlOZXdOd0lSdDE4akE4K28rdTNkcGpxK3NXDQpUOEtPRVV0K3p3dm8vN1YzTHZTeWUwcmdUQklsREhDTkF5bWc0Vk1rN0JQWjdobS9FTE5LakQrSm8yRlIzcXlIDQpCNVQwWTNIc0x1SnZXNWlCNFlsY05IbHNkdTg3a0dKNTV0dWttaThteGRBUTRRN2UyUkNPRnZ1Mzk2ajN4K1VDDQpCNWlQTmdpVjUrSTNsZzAyZFo3N0RuS3hIWnU4QS9sSkJkaUIzUVcwS3RaQjZhd0JkcFVLRDlqZjFiMFNIelV2DQpLQmRzMHBqQnFBbGtkMjVITjdyT3JGbGVhSjEvY3RhSnhRWkJLVDVaUHQwbTlTVEpFYWRhbzB4QUgwYWhtYlduDQpPbEZ1aGp1ZWZYS25FZ1Y0V2UwK1VYZ1ZDd09QamRBdkJiSStlMG9jUzNNRkV2ekc2dUJRRTN4RGszU3p5blRuDQpqaDhCQ05BdzFGdHhOclFIdXNFd01GeEl0NEk3bUtaOVlJcWlveW1DekxxOWd3UWJvb01EUWFIV0JmRWJ3cmJ3DQpxSHlHTzBhb1NDcUkzSGFhZHI4ZmFxVTlHWS9yT1BOazNzZ3JEUW9vLy9mYjRoVkMxQ0xRSjEzaGVmNFk1M0NJDQpyVTdtMllzNnh0MG5VVzcvdkdUMU0wTlBBZ01CQUFHalFqQkFNQTRHQTFVZER3RUIvd1FFQXdJQkJqQVBCZ05WDQpIUk1CQWY4RUJUQURBUUgvTUIwR0ExVWREZ1FXQkJSNXRGbm1lN2JsNUFGemdBaUl5QnBZOXVtYmJqQU5CZ2txDQpoa2lHOXcwQkFRc0ZBQU9DQWdFQVZSOVlxYnl5cUZEUURMSFlHbWtnSnlrSXJHRjFYSXB1K0lMbGFTL1Y5bFpMDQp1Ymh6RUZuVElaZCs1MHh4KzdMU1lLMDVxQXZxRnlGV2hmRlFEbG5yenVCWjZickpGZStHblkrRWdQYms2WkdRDQozQmViWWh0RjhHYVYwbnh2d3VvNzd4L1B5OWF1Si9HcHNNaXUvWDErbXZvaUJPdi8yWC9xa1NzaXNSY09qL0tLDQpORnRZMlB3QnlWUzV1Q2JNaW9nemlVd3RoRHlDMys2V1Z3VzZMTHYzeExmSFRqdUN2akhJSW5Oemt0SENnS1E1DQpPUkF6STRKTVBKK0dzbFdZSGI0cGhvd2ltNTdpYXp0WE9vSndUZHdKeDRuTENnZE5iT2hkanNudnpxdkh1N1VyDQpUa1hXU3RBbXpPVnl5Z2hxcFpYakZhSDNwTzNKTEYrbCsvK3NLQUl1dnRkN3UrTnhlNUFXMHdkZVJsTjhOd2RDDQpqTlBFbHB6Vm1iVXE0SlVhZ0VpdVREa0h6c3hIcEZLVks3cTQrNjNTTTFOOTVSMU5iZFdoc2NkQ2IrWkFKelZjDQpveWkzQjQzbmpUT1E1eU9mKzFDY2VXeEcxYlFWczVadWZwc01sanE0VWkwLzFsdmgrd2pDaFA0a3FLT0oycXhxDQo0Umdxc2FoRFlWdlRIOXc3alhieUxlaU5kZDhYTTJ3OVUvdDd5MEZmLzl5aTBHRTQ0WmE0ckYyTE45ZDExVFBBDQptUkd1blVIQmNuV0V2Z0pCUWw5bkpFaVUwWnNudmdjL3ViaFBnWFJSNFhxMzdaMGo0cjdnMVNnRUV6d3hBNTdkDQplbXlQeGdjWXhuL2VSNDQvS0o0RUJzK2xWRFIzdmV5Sm0ra1hROTliMjEvK2poNVhvczFBblg1aUl0cmVHQ2M9DQotLS0tLUVORCBDRVJUSUZJQ0FURS0tLS0tDQoNCjwvY2E+DQoNCg0KIyMjIyMjIyMjIyMjIyMjIyMjIyMjIyMjIyMjIyMjIyMjIyMjIyMjIyMjIyMjIyMjIyMjIyMjIyMjIyMjIyMjIyMjIyMjIyMjIyMjIyMjIw0KIyBUaGUgY2xpZW50IGNlcnRpZmljYXRlIGZpbGUgKGR1bW15KS4NCiMgDQojIEluIHNvbWUgaW1wbGVtZW50YXRpb25zIG9mIE9wZW5WUE4gQ2xpZW50IHNvZnR3YXJlDQojIChmb3IgZXhhbXBsZTogT3BlblZQTiBDbGllbnQgZm9yIGlPUyksDQojIGEgcGFpciBvZiBjbGllbnQgY2VydGlmaWNhdGUgYW5kIHByaXZhdGUga2V5IG11c3QgYmUgaW5jbHVkZWQgb24gdGhlDQojIGNvbmZpZ3VyYXRpb24gZmlsZSBkdWUgdG8gdGhlIGxpbWl0YXRpb24gb2YgdGhlIGNsaWVudC4NCiMgU28gdGhpcyBzYW1wbGUgY29uZmlndXJhdGlvbiBmaWxlIGhhcyBhIGR1bW15IHBhaXIgb2YgY2xpZW50IGNlcnRpZmljYXRlDQojIGFuZCBwcml2YXRlIGtleSBhcyBmb2xsb3dzLg0KDQo8Y2VydD4NCi0tLS0tQkVHSU4gQ0VSVElGSUNBVEUtLS0tLQ0KTUlJQ3hqQ0NBYTRDQVFBd0RRWUpLb1pJaHZjTkFRRUZCUUF3S1RFYU1CZ0dBMVVFQXhNUlZsQk9SMkYwWlVOcw0KYVdWdWRFTmxjblF4Q3pBSkJnTlZCQVlUQWtwUU1CNFhEVEV6TURJeE1UQXpORGswT1ZvWERUTTNNREV4T1RBeg0KTVRRd04xb3dLVEVhTUJnR0ExVUVBeE1SVmxCT1IyRjBaVU5zYVdWdWRFTmxjblF4Q3pBSkJnTlZCQVlUQWtwUQ0KTUlJQklqQU5CZ2txaGtpRzl3MEJBUUVGQUFPQ0FROEFNSUlCQ2dLQ0FRRUE1aDJsZ1FRWVVqd29LWUpielZaQQ0KNVZjSUdkNW90UGMvcVpSTXQwS0l0Q0ZBMHM5UndSZU5WYTlmRFJGTFJCaGNJVE9sdjNGQmNXM0U4aDFVczdSRA0KNFc4R21KZTh6YXBKbkxzRDM5T1NNUkN6WkpuY3pXNE9DSDFQWlJaV0txRHRqbE5jYTlBRjhhNjVqVG1sRHhDUQ0KQ2pudExJV2s1T0xMVmtGdDkvdFNjYzFHRHRjaTU1b2ZoYU5BWU1QaUg3VjgrMWc2NnBHSFhBb1dLNkFRVkg2Nw0KWENLSm5HQjVubFErSHNNWVBWL080OUxkOTFaTi8ydEhrY2FMTHlOdHl3eFZQUlNzUmg0ODBqanUwZmNDc3Y2aA0KcC8weVhuVEIvL21XdXRCR3BkVWxJYndpSVRiQW1yc2JZbmppZ1J2blBxWDFSTkpVYmk5RnA2QzJjL0hJRkpHRA0KeXdJREFRQUJNQTBHQ1NxR1NJYjNEUUVCQlFVQUE0SUJBUUNoTzVoZ2N3LzRvV2ZvRUZMdTlrQmExQi8va3hIOA0KaFFrQ2hWTm44QlJDN1kwVVJRaXRQbDNES0VlZDlVUkJEZGcyS09Bejc3YmI2RU5QaWxpRCthMzhVSkhJUk1xZQ0KVUJIaGxsT0hJenZEaEhGYmFvdkFMQlFjZWVCemRrUXhzS1FFU0ttUW1SODMyOTUwVUNvdm95UkI2MVV5QVY3aA0KK21aaFlQR1JLWEtTSkk2czBFZ2cvQ3JpK0N3azRiakpmcmI1aFZzZTExeWg0RDlNSGh3U2ZDT0grMHo0aFBVVA0KRmt1N2RHYXZVUk81U1Z4TW4vc0w2RW41RCtvU2VYa2FkSHBEcytBaXJ5bTJZSGgxNWgwK2pQU09vUjZ5aVZwLw0KNnpaZVprck40M2t1UzczS3BLREZqZkZQaDh0NHIxZ09JanR0a05jUXFCY2N1c25wbFE3SEpwc2sNCi0tLS0tRU5EIENFUlRJRklDQVRFLS0tLS0NCg0KPC9jZXJ0Pg0KDQo8a2V5Pg0KLS0tLS1CRUdJTiBSU0EgUFJJVkFURSBLRVktLS0tLQ0KTUlJRXBBSUJBQUtDQVFFQTVoMmxnUVFZVWp3b0tZSmJ6VlpBNVZjSUdkNW90UGMvcVpSTXQwS0l0Q0ZBMHM5Ug0Kd1JlTlZhOWZEUkZMUkJoY0lUT2x2M0ZCY1czRThoMVVzN1JENFc4R21KZTh6YXBKbkxzRDM5T1NNUkN6WkpuYw0Kelc0T0NIMVBaUlpXS3FEdGpsTmNhOUFGOGE2NWpUbWxEeENRQ2pudExJV2s1T0xMVmtGdDkvdFNjYzFHRHRjaQ0KNTVvZmhhTkFZTVBpSDdWOCsxZzY2cEdIWEFvV0s2QVFWSDY3WENLSm5HQjVubFErSHNNWVBWL080OUxkOTFaTg0KLzJ0SGtjYUxMeU50eXd4VlBSU3NSaDQ4MGpqdTBmY0NzdjZocC8weVhuVEIvL21XdXRCR3BkVWxJYndpSVRiQQ0KbXJzYlluamlnUnZuUHFYMVJOSlViaTlGcDZDMmMvSElGSkdEeXdJREFRQUJBb0lCQUVSVjdYNUF2eEE4dVJpSw0KazhTSXBzRDBkWDFwSk9NSXdha1VWeXZjNEVmTjBEaEtSTmI0cllvU2lFR1RMeXpMcHlCYy9BMjhEbGttNWVPWQ0KZmp6WGZZa0d0WWkvRnR4a2czTzl2Y3JNUTQrNmkrdUdIYUlMMnJMK3M0TXJmTzh2MXh2NitXa3kzM0VFR0NvdQ0KUWl3VkdSRlFYblJvUTYyTkJDRmJVTkxobVh3ZGoxYWtaekxVNHA1UjR6QTNRaGR4d0VJYXRWTHQwKzdvd0xRMw0KbFA4c2ZYaHBwUE9YalRxTUQ0UWtZd3pQQWE4L3pGN2FjbjRrcnlyVVA3UTZQQWZkMHpFVnFOeTlaQ1o5ZmZobw0KelhlZEZqNDg2SUZvYzVnblRwMk42anNuVmo0TENHSWhsVkhsWUdvektLRnFKY1FWR3NIQ3FxMW96MnpqVzZMUw0Kb1JZSUhnRUNnWUVBOHpacmtDd05ZU1hKdU9ESjNtL2hPTFZ4Y3hnSnV3WG9pRXJXZDBFNDJ2UGFuampWTWhudA0KS1k1bDhxR01KNkZoSzlMWXgycUNyZi9FMFh0VUFaMndWcTNPUlR5R25zTVdyZTl0TFlzNTVYK1pOMTBUYzc1eg0KNGhhY2JVMGhxS04xSGlEbXNNUlkzLzJOYVpIb3k3TUtud0pKQmFHNDhsOUNDVGxWd01Ib2NJRUNnWUVBOGpieQ0KZEdqeFRIKzZYSFdOaXpiNVNSYlp4QW55RWVKZVJ3VE1oMGdHendHUHBIL3NaWUd6eXUwU3lTWFdDblpoM1JncQ0KNXVMbE54dHJYcmxqWmx5aTJuUWRRZ3NxMllyV1VzMCt6Z1UrMjJ1UXNacFNBZnRtaFZydHZldDZNalZqYkJ5WQ0KREFEY2lFVlVkSllJWGsrcW5GVUp5ZXJvTElrVGo3V1lLWjZSamtzQ2dZQm9DRkl3UkRlZzQyb0s4OVJGbW5Pcg0KTHltTkFxNCsyb01oc1dsVmI0ZWpXSVdlQWs5bmMrR1hVZnJYc3pSaFMwMW1VblU1cjV5Z1V2UmNhclYvVDNVNw0KVG5NWitJN1k0RGdXUklEZDUxem5oeElCdFlWNWovQy90ODVIanFPa0grOGI2UlRrYmNoYVgzbWF1N2ZwVWZkcw0KRnEwbmhJcTQyZmhFTzhzcmZZWXdnUUtCZ1FDeWhpMU4vOHRhUndwayszL0lERXpRd2piZmR6VWtXV1NEazlYcw0KSC9wa3VSSFdmVE1QM2ZsV3FFWWdXL0xXNDBwZVcySERxNWltZFY4K0FnWnhlL1hNYmFqaTlMZ3dmMVJZMDA1bg0KS3hhWlF6N3lxSHVwV2xMR0Y2OERQSHhrWlZWU2FnRG5WL3N6dFdYNlNGc0NxRlZueElYaWZYR0M0Y1c1Tm05Zw0KdmE4cTRRS0JnUUNFaExWZVVmZHdLdmtaOTRnL0dGejczMVoyaHJkVmhnTVphVS91NnQwVjk1K1llelBOQ1FaQg0Kd21FOU1tbGJxMWVtRGVST2l2akNmb0doUjNrWlhXMXBUS2xMaDZaTVVRVU9wcHRkWHZhOFh4Zm9xUXdhM2VuQQ0KTTdtdUJiRjBYTjdWTzgwaUpQditQbUlaZEVJQWtwd0tmaTIwMVlCK0JhZkNJdUd4SUY1MFZnPT0NCi0tLS0tRU5EIFJTQSBQUklWQVRFIEtFWS0tLS0tDQoNCjwva2V5Pg0KDQo=
vpn408079701,131.213.94.94,951924,4,345539892,Japan,JP,48,192314507,66938,9999521712221,2weeks,DESKTOP-8HPSPAD's owner,,IyMjIyMjIyMjIyMjIyMjIyMjIyMjIyMjIyMjIyMjIyMjIyMjIyMjIyMjIyMjIyMjIyMjIyMjIyMjIyMjIyMjIyMjIyMjIyMjIyMjIyMjIw0KIyBPcGVuVlBOIDIuMCBTYW1wbGUgQ29uZmlndXJhdGlvbiBGaWxlDQojIGZvciBQYWNrZXRpWCBWUE4gLyBTb2Z0RXRoZXIgVlBOIFNlcnZlcg0KIyANCiMgISEhIEFVVE8tR0VORVJBVEVEIEJZIFNPRlRFVEhFUiBWUE4gU0VSVkVSIE1BTkFHRU1FTlQgVE9PTCAhISENCiMgDQojICEhISBZT1UgSEFWRSBUTyBSRVZJRVcgSVQgQkVGT1JFIFVTRSBBTkQgTU9ESUZZIElUIEFTIE5FQ0VTU0FSWSAhISENCiMgDQojIFRoaXMgY29uZmlndXJhdGlvbiBmaWxlIGlzIGF1dG8tZ2VuZXJhdGVkLiBZb3UgbWlnaHQgdXNlIHRoaXMgY29uZmlnIGZpbGUNCiMgaW4gb3JkZXIgdG8gY29ubmVjdCB0byB0aGUgUGFja2V0aVggVlBOIC8gU29mdEV0aGVyIFZQTiBTZXJ2ZXIuDQojIEhvd2V2ZXIsIGJlZm9yZSB5b3UgdHJ5IGl0LCB5b3Ugc2hvdWxkIHJldmlldyB0aGUgZGVzY3JpcHRpb25zIG9mIHRoZSBmaWxlDQojIHRvIGRldGVybWluZSB0aGUgbmVjZXNzaXR5IHRvIG1vZGlmeSB0byBzdWl0YWJsZSBmb3IgeW91ciByZWFsIGVudmlyb25tZW50Lg0KIyBJZiBuZWNlc3NhcnksIHlvdSBoYXZlIHRvIG1vZGlmeSBhIGxpdHRsZSBhZGVxdWF0ZWx5IG9uIHRoZSBmaWxlLg0KIyBGb3IgZXhhbXBsZSwgdGhlIElQIGFkZHJlc3Mgb3IgdGhlIGhvc3RuYW1lIGFzIGEgZGVzdGluYXRpb24gVlBOIFNlcnZlcg0KIyBzaG91bGQgYmUgY29uZmlybWVkLg0KIyANCiMgTm90ZSB0aGF0IHRvIHVzZSBPcGVuVlBOIDIuMCwgeW91IGhhdmUgdG8gcHV0IHRoZSBjZXJ0aWZpY2F0aW9uIGZpbGUgb2YNCiMgdGhlIGRlc3RpbmF0aW9uIFZQTiBTZXJ2ZXIgb24gdGhlIE9wZW5WUE4gQ2xpZW50IGNvbXB1dGVyIHdoZW4geW91IHVzZSB0aGlzDQojIGNvbmZpZyBmaWxlLiBQbGVhc2UgcmVmZXIgdGhlIGJlbG93IGRlc2NyaXB0aW9ucyBjYXJlZnVsbHkuDQoNCg0KIyMjIyMjIyMjIyMjIyMjIyMjIyMjIyMjIyMjIyMjIyMjIyMjIyMjIyMjIyMjIyMjIyMjIyMjIyMjIyMjIyMjIyMjIyMjIyMjIyMjIyMjIw0KIyBTcGVjaWZ5IHRoZSB0eXBlIG9mIHRoZSBsYXllciBvZiB0aGUgVlBOIGNvbm5lY3Rpb24uDQojIA0KIyBUbyBjb25uZWN0IHRvIHRoZSBWUE4gU2VydmVyIGFzIGEgIlJlbW90ZS1BY2Nlc3MgVlBOIENsaWVudCBQQyIsDQojICBzcGVjaWZ5ICdkZXYgdHVuJy4gKExheWVyLTMgSVAgUm91dGluZyBNb2RlKQ0KIw0KIyBUbyBjb25uZWN0IHRvIHRoZSBWUE4gU2VydmVyIGFzIGEgYnJpZGdpbmcgZXF1aXBtZW50IG9mICJTaXRlLXRvLVNpdGUgVlBOIiwNCiMgIHNwZWNpZnkgJ2RldiB0YXAnLiAoTGF5ZXItMiBFdGhlcm5ldCBCcmlkZ2luZSBNb2RlKQ0KDQpkZXYgdHVuDQoNCg0KIyMjIyMjIyMjIyMjIyMjIyMjIyMjIyMjIyMjIyMjIyMjIyMjIyMjIyMjIyMjIyMjIyMjIyMjIyMjIyMjIyMjIyMjIyMjIyMjIyMjIyMjIw0KIyBTcGVjaWZ5IHRoZSB1bmRlcmx5aW5nIHByb3RvY29sIGJleW9uZCB0aGUgSW50ZXJuZXQuDQojIE5vdGUgdGhhdCB0aGlzIHNldHRpbmcgbXVzdCBiZSBjb3JyZXNwb25kIHdpdGggdGhlIGxpc3RlbmluZyBzZXR0aW5nIG9uDQojIHRoZSBWUE4gU2VydmVyLg0KIyANCiMgU3BlY2lmeSBlaXRoZXIgJ3Byb3RvIHRjcCcgb3IgJ3Byb3RvIHVkcCcuDQoNCnByb3RvIHRjcA0KDQoNCiMjIyMjIyMjIyMjIyMjIyMjIyMjIyMjIyMjIyMjIyMjIyMjIyMjIyMjIyMjIyMjIyMjIyMjIyMjIyMjIyMjIyMjIyMjIyMjIyMjIyMjIyMNCiMgVGhlIGRlc3RpbmF0aW9uIGhvc3RuYW1lIC8gSVAgYWRkcmVzcywgYW5kIHBvcnQgbnVtYmVyIG9mDQojIHRoZSB0YXJnZXQgVlBOIFNlcnZlci4NCiMgDQojIFlvdSBoYXZlIHRvIHNwZWNpZnkgYXMgJ3JlbW90ZSA8SE9TVE5BTUU+IDxQT1JUPicuIFlvdSBjYW4gYWxzbw0KIyBzcGVjaWZ5IHRoZSBJUCBhZGRyZXNzIGluc3RlYWQgb2YgdGhlIGhvc3RuYW1lLg0KIyANCiMgTm90ZSB0aGF0IHRoZSBhdXRvLWdlbmVyYXRlZCBiZWxvdyBob3N0bmFtZSBhcmUgYSAiYXV0by1kZXRlY3RlZA0KIyBJUCBhZGRyZXNzIiBvZiB0aGUgVlBOIFNlcnZlci4gWW91IGhhdmUgdG8gY29uZmlybSB0aGUgY29ycmVjdG5lc3MNCiMgYmVmb3JlaGFuZC4NCiMgDQojIFdoZW4geW91IHdhbnQgdG8gY29ubmVjdCB0byB0aGUgVlBOIFNlcnZlciBieSB1c2luZyBUQ1AgcHJvdG9jb2wsDQojIHRoZSBwb3J0IG51bWJlciBvZiB0aGUgZGVzdGluYXRpb24gVENQIHBvcnQgc2hvdWxkIGJlIHNhbWUgYXMgb25lIG9mDQojIHRoZSBhdmFpbGFibGUgVENQIGxpc3RlbmVycyBvbiB0aGUgVlBOIFNlcnZlci4NCiMgDQojIFdoZW4geW91IHVzZSBVRFAgcHJvdG9jb2wsIHRoZSBwb3J0IG51bWJlciBtdXN0IHNhbWUgYXMgdGhlIGNvbmZpZ3VyYXRpb24NCiMgc2V0dGluZyBvZiAiT3BlblZQTiBTZXJ2ZXIgQ29tcGF0aWJsZSBGdW5jdGlvbiIgb24gdGhlIFZQTiBTZXJ2ZXIuDQoNCnJlbW90ZSAxMzEuMjEzLjk0Ljk0IDE1NzYNCg0KDQojIyMjIyMjIyMjIyMjIyMjIyMjIyMjIyMjIyMjIyMjIyMjIyMjIyMjIyMjIyMjIyMjIyMjIyMjIyMjIyMjIyMjIyMjIyMjIyMjIyMjIyMjDQojIFRoZSBIVFRQL0hUVFBTIHByb3h5IHNldHRpbmcuDQojIA0KIyBPbmx5IGlmIHlvdSBoYXZlIHRvIHVzZSB0aGUgSW50ZXJuZXQgdmlhIGEgcHJveHksIHVuY29tbWVudCB0aGUgYmVsb3cNCiMgdHdvIGxpbmVzIGFuZCBzcGVjaWZ5IHRoZSBwcm94eSBhZGRyZXNzIGFuZCB0aGUgcG9ydCBudW1iZXIuDQojIEluIHRoZSBjYXNlIG9mIHVzaW5nIHByb3h5LWF1dGhlbnRpY2F0aW9uLCByZWZlciB0aGUgT3BlblZQTiBtYW51YWwuDQoNCjtodHRwLXByb3h5LXJldHJ5DQo7aHR0cC1wcm94eSBbcHJveHkgc2VydmVyXSBbcHJveHkgcG9ydF0NCg0KDQojIyMjIyMjIyMjIyMjIyMjIyMjIyMjIyMjIyMjIyMjIyMjIyMjIyMjIyMjIyMjIyMjIyMjIyMjIyMjIyMjIyMjIyMjIyMjIyMjIyMjIyMjDQojIFRoZSBlbmNyeXB0aW9uIGFuZCBhdXRoZW50aWNhdGlvbiBhbGdvcml0aG0uDQojIA0KIyBEZWZhdWx0IHNldHRpbmcgaXMgZ29vZC4gTW9kaWZ5IGl0IGFzIHlvdSBwcmVmZXIuDQojIFdoZW4geW91IHNwZWNpZnkgYW4gdW5zdXBwb3J0ZWQgYWxnb3JpdGhtLCB0aGUgZXJyb3Igd2lsbCBvY2N1ci4NCiMgDQojIFRoZSBzdXBwb3J0ZWQgYWxnb3JpdGhtcyBhcmUgYXMgZm9sbG93czoNCiMgIGNpcGhlcjogW05VTEwtQ0lQSEVSXSBOVUxMIEFFUy0xMjgtQ0JDIEFFUy0xOTItQ0JDIEFFUy0yNTYtQ0JDIEJGLUNCQw0KIyAgICAgICAgICBDQVNULUNCQyBDQVNUNS1DQkMgREVTLUNCQyBERVMtRURFLUNCQyBERVMtRURFMy1DQkMgREVTWC1DQkMNCiMgICAgICAgICAgUkMyLTQwLUNCQyBSQzItNjQtQ0JDIFJDMi1DQkMNCiMgIGF1dGg6ICAgU0hBIFNIQTEgTUQ1IE1ENCBSTUQxNjANCg0KY2lwaGVyIEFFUy0xMjgtQ0JDDQphdXRoIFNIQTENCg0KDQojIyMjIyMjIyMjIyMjIyMjIyMjIyMjIyMjIyMjIyMjIyMjIyMjIyMjIyMjIyMjIyMjIyMjIyMjIyMjIyMjIyMjIyMjIyMjIyMjIyMjIyMjDQojIE90aGVyIHBhcmFtZXRlcnMgbmVjZXNzYXJ5IHRvIGNvbm5lY3QgdG8gdGhlIFZQTiBTZXJ2ZXIuDQojIA0KIyBJdCBpcyBub3QgcmVjb21tZW5kZWQgdG8gbW9kaWZ5IGl0IHVubGVzcyB5b3UgaGF2ZSBhIHBhcnRpY3VsYXIgbmVlZC4NCg0KcmVzb2x2LXJldHJ5IGluZmluaXRlDQpub2JpbmQNCnBlcnNpc3Qta2V5DQpwZXJzaXN0LXR1bg0KY2xpZW50DQp2ZXJiIDMNCiNhdXRoLXVzZXItcGFzcw0KDQoNCiMjIyMjIyMjIyMjIyMjIyMjIyMjIyMjIyMjIyMjIyMjIyMjIyMjIyMjIyMjIyMjIyMjIyMjIyMjIyMjIyMjIyMjIyMjIyMjIyMjIyMjIyMNCiMgVGhlIGNlcnRpZmljYXRlIGZpbGUgb2YgdGhlIGRlc3RpbmF0aW9uIFZQTiBTZXJ2ZXIuDQojIA0KIyBUaGUgQ0EgY2VydGlmaWNhdGUgZmlsZSBpcyBlbWJlZGRlZCBpbiB0aGUgaW5saW5lIGZvcm1hdC4NCiMgWW91IGNhbiByZXBsYWNlIHRoaXMgQ0EgY29udGVudHMgaWYgbmVjZXNzYXJ5Lg0KIyBQbGVhc2Ugbm90ZSB0aGF0IGlmIHRoZSBzZXJ2ZXIgY2VydGlmaWNhdGUgaXMgbm90IGEgc2VsZi1zaWduZWQsIHlvdSBoYXZlIHRvDQojIHNwZWNpZnkgdGhlIHNpZ25lcidzIHJvb3QgY2VydGlmaWNhdGUgKENBKSBoZXJlLg0KDQo8Y2E+DQotLS0tLUJFR0lOIENFUlRJRklDQVRFLS0tLS0NCk1JSUZhekNDQTFPZ0F3SUJBZ0lSQUlJUXo3RFNRT05aUkdQZ3UyT0Npd0F3RFFZSktvWklodmNOQVFFTEJRQXcNClR6RUxNQWtHQTFVRUJoTUNWVk14S1RBbkJnTlZCQW9USUVsdWRHVnlibVYwSUZObFkzVnlhWFI1SUZKbGMyVmgNCmNtTm9JRWR5YjNWd01SVXdFd1lEVlFRREV3eEpVMUpISUZKdmIzUWdXREV3SGhjTk1UVXdOakEwTVRFd05ETTQNCldoY05NelV3TmpBME1URXdORE00V2pCUE1Rc3dDUVlEVlFRR0V3SlZVekVwTUNjR0ExVUVDaE1nU1c1MFpYSnUNClpYUWdVMlZqZFhKcGRIa2dVbVZ6WldGeVkyZ2dSM0p2ZFhBeEZUQVRCZ05WQkFNVERFbFRVa2NnVW05dmRDQlkNCk1UQ0NBaUl3RFFZSktvWklodmNOQVFFQkJRQURnZ0lQQURDQ0Fnb0NnZ0lCQUszb0pIUDBGRGZ6bTU0clZ5Z2MNCmg3N2N0OTg0a0l4dVBPWlhvSGozZGNLaS92VnFidllBVHlqYjNtaUdiRVNUdHJGai9SUVNhNzhmMHVveG15RisNCjBUTTh1a2oxM1huZnM3ai9FdkVobWt2QmlvWnhhVXBtWm15UGZqeHd2NjBwSWdiejVNRG1nSzdpUzQrM21YNlUNCkE1L1RSNWQ4bVVnalUrZzRyazhLYjRNdTBVbFhqSUIwdHRvdjBEaU5ld053SVJ0MThqQTgrbyt1M2RwanErc1cNClQ4S09FVXQrend2by83VjNMdlN5ZTByZ1RCSWxESENOQXltZzRWTWs3QlBaN2htL0VMTktqRCtKbzJGUjNxeUgNCkI1VDBZM0hzTHVKdlc1aUI0WWxjTkhsc2R1ODdrR0o1NXR1a21pOG14ZEFRNFE3ZTJSQ09GdnUzOTZqM3grVUMNCkI1aVBOZ2lWNStJM2xnMDJkWjc3RG5LeEhadThBL2xKQmRpQjNRVzBLdFpCNmF3QmRwVUtEOWpmMWIwU0h6VXYNCktCZHMwcGpCcUFsa2QyNUhON3JPckZsZWFKMS9jdGFKeFFaQktUNVpQdDBtOVNUSkVhZGFvMHhBSDBhaG1iV24NCk9sRnVoanVlZlhLbkVnVjRXZTArVVhnVkN3T1BqZEF2QmJJK2Uwb2NTM01GRXZ6RzZ1QlFFM3hEazNTenluVG4NCmpoOEJDTkF3MUZ0eE5yUUh1c0V3TUZ4SXQ0STdtS1o5WUlxaW95bUN6THE5Z3dRYm9vTURRYUhXQmZFYndyYncNCnFIeUdPMGFvU0NxSTNIYWFkcjhmYXFVOUdZL3JPUE5rM3NnckRRb28vL2ZiNGhWQzFDTFFKMTNoZWY0WTUzQ0kNCnJVN20yWXM2eHQwblVXNy92R1QxTTBOUEFnTUJBQUdqUWpCQU1BNEdBMVVkRHdFQi93UUVBd0lCQmpBUEJnTlYNCkhSTUJBZjhFQlRBREFRSC9NQjBHQTFVZERnUVdCQlI1dEZubWU3Ymw1QUZ6Z0FpSXlCcFk5dW1iYmpBTkJna3ENCmhraUc5dzBCQVFzRkFBT0NBZ0VBVlI5WXFieXlxRkRRRExIWUdta2dKeWtJckdGMVhJcHUrSUxsYVMvVjlsWkwNCnViaHpFRm5USVpkKzUweHgrN0xTWUswNXFBdnFGeUZXaGZGUURsbnJ6dUJaNmJySkZlK0duWStFZ1BiazZaR1ENCjNCZWJZaHRGOEdhVjBueHZ3dW83N3gvUHk5YXVKL0dwc01pdS9YMSttdm9pQk92LzJYL3FrU3Npc1JjT2ovS0sNCk5GdFkyUHdCeVZTNXVDYk1pb2d6aVV3dGhEeUMzKzZXVndXNkxMdjN4TGZIVGp1Q3ZqSElJbk56a3RIQ2dLUTUNCk9SQXpJNEpNUEorR3NsV1lIYjRwaG93aW01N2lhenRYT29Kd1Rkd0p4NG5MQ2dkTmJPaGRqc252enF2SHU3VXINClRrWFdTdEFtek9WeXlnaHFwWlhqRmFIM3BPM0pMRitsKy8rc0tBSXV2dGQ3dStOeGU1QVcwd2RlUmxOOE53ZEMNCmpOUEVscHpWbWJVcTRKVWFnRWl1VERrSHpzeEhwRktWSzdxNCs2M1NNMU45NVIxTmJkV2hzY2RDYitaQUp6VmMNCm95aTNCNDNualRPUTV5T2YrMUNjZVd4RzFiUVZzNVp1ZnBzTWxqcTRVaTAvMWx2aCt3akNoUDRrcUtPSjJxeHENCjRSZ3FzYWhEWVZ2VEg5dzdqWGJ5TGVpTmRkOFhNMnc5VS90N3kwRmYvOXlpMEdFNDRaYTRyRjJMTjlkMTFUUEENCm1SR3VuVUhCY25XRXZnSkJRbDluSkVpVTBac252Z2MvdWJoUGdYUlI0WHEzN1owajRyN2cxU2dFRXp3eEE1N2QNCmVteVB4Z2NZeG4vZVI0NC9LSjRFQnMrbFZEUjN2ZXlKbStrWFE5OWIyMS8ramg1WG9zMUFuWDVpSXRyZUdDYz0NCi0tLS0tRU5EIENFUlRJRklDQVRFLS0tLS0NCg0KPC9jYT4NCg0KDQojIyMjIyMjIyMjIyMjIyMjIyMjIyMjIyMjIyMjIyMjIyMjIyMjIyMjIyMjIyMjIyMjIyMjIyMjIyMjIyMjIyMjIyMjIyMjIyMjIyMjIyMjDQojIFRoZSBjbGllbnQgY2VydGlmaWNhdGUgZmlsZSAoZHVtbXkpLg0KIyANCiMgSW4gc29tZSBpbXBsZW1lbnRhdGlvbnMgb2YgT3BlblZQTiBDbGllbnQgc29mdHdhcmUNCiMgKGZvciBleGFtcGxlOiBPcGVuVlBOIENsaWVudCBmb3IgaU9TKSwNCiMgYSBwYWlyIG9mIGNsaWVudCBjZXJ0aWZpY2F0ZSBhbmQgcHJpdmF0ZSBrZXkgbXVzdCBiZSBpbmNsdWRlZCBvbiB0aGUNCiMgY29uZmlndXJhdGlvbiBmaWxlIGR1ZSB0byB0aGUgbGltaXRhdGlvbiBvZiB0aGUgY2xpZW50Lg0KIyBTbyB0aGlzIHNhbXBsZSBjb25maWd1cmF0aW9uIGZpbGUgaGFzIGEgZHVtbXkgcGFpciBvZiBjbGllbnQgY2VydGlmaWNhdGUNCiMgYW5kIHByaXZhdGUga2V5IGFzIGZvbGxvd3MuDQoNCjxjZXJ0Pg0KLS0tLS1CRUdJTiBDRVJUSUZJQ0FURS0tLS0tDQpNSUlDeGpDQ0FhNENBUUF3RFFZSktvWklodmNOQVFFRkJRQXdLVEVhTUJnR0ExVUVBeE1SVmxCT1IyRjBaVU5zDQphV1Z1ZEVObGNuUXhDekFKQmdOVkJBWVRBa3BRTUI0WERURXpNREl4TVRBek5EazBPVm9YRFRNM01ERXhPVEF6DQpNVFF3TjFvd0tURWFNQmdHQTFVRUF4TVJWbEJPUjJGMFpVTnNhV1Z1ZEVObGNuUXhDekFKQmdOVkJBWVRBa3BRDQpNSUlCSWpBTkJna3Foa2lHOXcwQkFRRUZBQU9DQVE4QU1JSUJDZ0tDQVFFQTVoMmxnUVFZVWp3b0tZSmJ6VlpBDQo1VmNJR2Q1b3RQYy9xWlJNdDBLSXRDRkEwczlSd1JlTlZhOWZEUkZMUkJoY0lUT2x2M0ZCY1czRThoMVVzN1JEDQo0VzhHbUplOHphcEpuTHNEMzlPU01SQ3paSm5jelc0T0NIMVBaUlpXS3FEdGpsTmNhOUFGOGE2NWpUbWxEeENRDQpDam50TElXazVPTExWa0Z0OS90U2NjMUdEdGNpNTVvZmhhTkFZTVBpSDdWOCsxZzY2cEdIWEFvV0s2QVFWSDY3DQpYQ0tKbkdCNW5sUStIc01ZUFYvTzQ5TGQ5MVpOLzJ0SGtjYUxMeU50eXd4VlBSU3NSaDQ4MGpqdTBmY0NzdjZoDQpwLzB5WG5UQi8vbVd1dEJHcGRVbElid2lJVGJBbXJzYlluamlnUnZuUHFYMVJOSlViaTlGcDZDMmMvSElGSkdEDQp5d0lEQVFBQk1BMEdDU3FHU0liM0RRRUJCUVVBQTRJQkFRQ2hPNWhnY3cvNG9XZm9FRkx1OWtCYTFCLy9reEg4DQpoUWtDaFZObjhCUkM3WTBVUlFpdFBsM0RLRWVkOVVSQkRkZzJLT0F6NzdiYjZFTlBpbGlEK2EzOFVKSElSTXFlDQpVQkhobGxPSEl6dkRoSEZiYW92QUxCUWNlZUJ6ZGtReHNLUUVTS21RbVI4MzI5NTBVQ292b3lSQjYxVXlBVjdoDQorbVpoWVBHUktYS1NKSTZzMEVnZy9DcmkrQ3drNGJqSmZyYjVoVnNlMTF5aDREOU1IaHdTZkNPSCswejRoUFVUDQpGa3U3ZEdhdlVSTzVTVnhNbi9zTDZFbjVEK29TZVhrYWRIcERzK0FpcnltMllIaDE1aDAralBTT29SNnlpVnAvDQo2elplWmtyTjQza3VTNzNLcEtERmpmRlBoOHQ0cjFnT0lqdHRrTmNRcUJjY3VzbnBsUTdISnBzaw0KLS0tLS1FTkQgQ0VSVElGSUNBVEUtLS0tLQ0KDQo8L2NlcnQ+DQoNCjxrZXk+DQotLS0tLUJFR0lOIFJTQSBQUklWQVRFIEtFWS0tLS0tDQpNSUlFcEFJQkFBS0NBUUVBNWgybGdRUVlVandvS1lKYnpWWkE1VmNJR2Q1b3RQYy9xWlJNdDBLSXRDRkEwczlSDQp3UmVOVmE5ZkRSRkxSQmhjSVRPbHYzRkJjVzNFOGgxVXM3UkQ0VzhHbUplOHphcEpuTHNEMzlPU01SQ3paSm5jDQp6VzRPQ0gxUFpSWldLcUR0amxOY2E5QUY4YTY1alRtbER4Q1FDam50TElXazVPTExWa0Z0OS90U2NjMUdEdGNpDQo1NW9maGFOQVlNUGlIN1Y4KzFnNjZwR0hYQW9XSzZBUVZINjdYQ0tKbkdCNW5sUStIc01ZUFYvTzQ5TGQ5MVpODQovMnRIa2NhTEx5TnR5d3hWUFJTc1JoNDgwamp1MGZjQ3N2NmhwLzB5WG5UQi8vbVd1dEJHcGRVbElid2lJVGJBDQptcnNiWW5qaWdSdm5QcVgxUk5KVWJpOUZwNkMyYy9ISUZKR0R5d0lEQVFBQkFvSUJBRVJWN1g1QXZ4QTh1UmlLDQprOFNJcHNEMGRYMXBKT01Jd2FrVVZ5dmM0RWZOMERoS1JOYjRyWW9TaUVHVEx5ekxweUJjL0EyOERsa201ZU9ZDQpmanpYZllrR3RZaS9GdHhrZzNPOXZjck1RNCs2aSt1R0hhSUwyckwrczRNcmZPOHYxeHY2K1dreTMzRUVHQ291DQpRaXdWR1JGUVhuUm9RNjJOQkNGYlVOTGhtWHdkajFha1p6TFU0cDVSNHpBM1FoZHh3RUlhdFZMdDArN293TFEzDQpsUDhzZlhocHBQT1hqVHFNRDRRa1l3elBBYTgvekY3YWNuNGtyeXJVUDdRNlBBZmQwekVWcU55OVpDWjlmZmhvDQp6WGVkRmo0ODZJRm9jNWduVHAyTjZqc25WajRMQ0dJaGxWSGxZR296S0tGcUpjUVZHc0hDcXExb3oyempXNkxTDQpvUllJSGdFQ2dZRUE4elpya0N3TllTWEp1T0RKM20vaE9MVnhjeGdKdXdYb2lFcldkMEU0MnZQYW5qalZNaG50DQpLWTVsOHFHTUo2RmhLOUxZeDJxQ3JmL0UwWHRVQVoyd1ZxM09SVHlHbnNNV3JlOXRMWXM1NVgrWk4xMFRjNzV6DQo0aGFjYlUwaHFLTjFIaURtc01SWTMvMk5hWkhveTdNS253SkpCYUc0OGw5Q0NUbFZ3TUhvY0lFQ2dZRUE4amJ5DQpkR2p4VEgrNlhIV05pemI1U1JiWnhBbnlFZUplUndUTWgwZ0d6d0dQcEgvc1pZR3p5dTBTeVNYV0NuWmgzUmdxDQo1dUxsTnh0clhybGpabHlpMm5RZFFnc3EyWXJXVXMwK3pnVSsyMnVRc1pwU0FmdG1oVnJ0dmV0Nk1qVmpiQnlZDQpEQURjaUVWVWRKWUlYaytxbkZVSnllcm9MSWtUajdXWUtaNlJqa3NDZ1lCb0NGSXdSRGVnNDJvSzg5UkZtbk9yDQpMeW1OQXE0KzJvTWhzV2xWYjRlaldJV2VBazluYytHWFVmclhzelJoUzAxbVVuVTVyNXlnVXZSY2FyVi9UM1U3DQpUbk1aK0k3WTREZ1dSSURkNTF6bmh4SUJ0WVY1ai9DL3Q4NUhqcU9rSCs4YjZSVGtiY2hhWDNtYXU3ZnBVZmRzDQpGcTBuaElxNDJmaEVPOHNyZllZd2dRS0JnUUN5aGkxTi84dGFSd3BrKzMvSURFelF3amJmZHpVa1dXU0RrOVhzDQpIL3BrdVJIV2ZUTVAzZmxXcUVZZ1cvTFc0MHBlVzJIRHE1aW1kVjgrQWdaeGUvWE1iYWppOUxnd2YxUlkwMDVuDQpLeGFaUXo3eXFIdXBXbExHRjY4RFBIeGtaVlZTYWdEblYvc3p0V1g2U0ZzQ3FGVm54SVhpZlhHQzRjVzVObTlnDQp2YThxNFFLQmdRQ0VoTFZlVWZkd0t2a1o5NGcvR0Z6NzMxWjJocmRWaGdNWmFVL3U2dDBWOTUrWWV6UE5DUVpCDQp3bUU5TW1sYnExZW1EZVJPaXZqQ2ZvR2hSM2taWFcxcFRLbExoNlpNVVFVT3BwdGRYdmE4WHhmb3FRd2EzZW5BDQpNN211QmJGMFhON1ZPODBpSlB2K1BtSVpkRUlBa3B3S2ZpMjAxWUIrQmFmQ0l1R3hJRjUwVmc9PQ0KLS0tLS1FTkQgUlNBIFBSSVZBVEUgS0VZLS0tLS0NCg0KPC9rZXk+DQoNCg==
vpn701205192,118.36.217.32,885593,32,615665390,Korea Republic of,KR,31,227232507,6457,1925097552038,2weeks,DESKTOP-PCIM4UC's owner,,IyMjIyMjIyMjIyMjIyMjIyMjIyMjIyMjIyMjIyMjIyMjIyMjIyMjIyMjIyMjIyMjIyMjIyMjIyMjIyMjIyMjIyMjIyMjIyMjIyMjIyMjIw0KIyBPcGVuVlBOIDIuMCBTYW1wbGUgQ29uZmlndXJhdGlvbiBGaWxlDQojIGZvciBQYWNrZXRpWCBWUE4gLyBTb2Z0RXRoZXIgVlBOIFNlcnZlcg0KIyANCiMgISEhIEFVVE8tR0VORVJBVEVEIEJZIFNPRlRFVEhFUiBWUE4gU0VSVkVSIE1BTkFHRU1FTlQgVE9PTCAhISENCiMgDQojICEhISBZT1UgSEFWRSBUTyBSRVZJRVcgSVQgQkVGT1JFIFVTRSBBTkQgTU9ESUZZIElUIEFTIE5FQ0VTU0FSWSAhISENCiMgDQojIFRoaXMgY29uZmlndXJhdGlvbiBmaWxlIGlzIGF1dG8tZ2VuZXJhdGVkLiBZb3UgbWlnaHQgdXNlIHRoaXMgY29uZmlnIGZpbGUNCiMgaW4gb3JkZXIgdG8gY29ubmVjdCB0byB0aGUgUGFja2V0aVggVlBOIC8gU29mdEV0aGVyIFZQTiBTZXJ2ZXIuDQojIEhvd2V2ZXIsIGJlZm9yZSB5b3UgdHJ5IGl0LCB5b3Ugc2hvdWxkIHJldmlldyB0aGUgZGVzY3JpcHRpb25zIG9mIHRoZSBmaWxlDQojIHRvIGRldGVybWluZSB0aGUgbmVjZXNzaXR5IHRvIG1vZGlmeSB0byBzdWl0YWJsZSBmb3IgeW91ciByZWFsIGVudmlyb25tZW50Lg0KIyBJZiBuZWNlc3NhcnksIHlvdSBoYXZlIHRvIG1vZGlmeSBhIGxpdHRsZSBhZGVxdWF0ZWx5IG9uIHRoZSBmaWxlLg0KIyBGb3IgZXhhbXBsZSwgdGhlIElQIGFkZHJlc3Mgb3IgdGhlIGhvc3RuYW1lIGFzIGEgZGVzdGluYXRpb24gVlBOIFNlcnZlcg0KIyBzaG91bGQgYmUgY29uZmlybWVkLg0KIyANCiMgTm90ZSB0aGF0IHRvIHVzZSBPcGVuVlBOIDIuMCwgeW91IGhhdmUgdG8gcHV0IHRoZSBjZXJ0aWZpY2F0aW9uIGZpbGUgb2YNCiMgdGhlIGRlc3RpbmF0aW9uIFZQTiBTZXJ2ZXIgb24gdGhlIE9wZW5WUE4gQ2xpZW50IGNvbXB1dGVyIHdoZW4geW91IHVzZSB0aGlzDQojIGNvbmZpZyBmaWxlLiBQbGVhc2UgcmVmZXIgdGhlIGJlbG93IGRlc2NyaXB0aW9ucyBjYXJlZnVsbHkuDQoNCg0KIyMjIyMjIyMjIyMjIyMjIyMjIyMjIyMjIyMjIyMjIyMjIyMjIyMjIyMjIyMjIyMjIyMjIyMjIyMjIyMjIyMjIyMjIyMjIyMjIyMjIyMjIw0KIyBTcGVjaWZ5IHRoZSB0eXBlIG9mIHRoZSBsYXllciBvZiB0aGUgVlBOIGNvbm5lY3Rpb24uDQojIA0KIyBUbyBjb25uZWN0IHRvIHRoZSBWUE4gU2VydmVyIGFzIGEgIlJlbW90ZS1BY2Nlc3MgVlBOIENsaWVudCBQQyIsDQojICBzcGVjaWZ5ICdkZXYgdHVuJy4gKExheWVyLTMgSVAgUm91dGluZyBNb2RlKQ0KIw0KIyBUbyBjb25uZWN0IHRvIHRoZSBWUE4gU2VydmVyIGFzIGEgYnJpZGdpbmcgZXF1aXBtZW50IG9mICJTaXRlLXRvLVNpdGUgVlBOIiwNCiMgIHNwZWNpZnkgJ2RldiB0YXAnLiAoTGF5ZXItMiBFdGhlcm5ldCBCcmlkZ2luZSBNb2RlKQ0KDQpkZXYgdHVuDQoNCg0KIyMjIyMjIyMjIyMjIyMjIyMjIyMjIyMjIyMjIyMjIyMjIyMjIyMjIyMjIyMjIyMjIyMjIyMjIyMjIyMjIyMjIyMjIyMjIyMjIyMjIyMjIw0KIyBTcGVjaWZ5IHRoZSB1bmRlcmx5aW5nIHByb3RvY29sIGJleW9uZCB0aGUgSW50ZXJuZXQuDQojIE5vdGUgdGhhdCB0aGlzIHNldHRpbmcgbXVzdCBiZSBjb3JyZXNwb25kIHdpdGggdGhlIGxpc3RlbmluZyBzZXR0aW5nIG9uDQojIHRoZSBWUE4gU2VydmVyLg0KIyANCiMgU3BlY2lmeSBlaXRoZXIgJ3Byb3RvIHRjcCcgb3IgJ3Byb3RvIHVkcCcuDQoNCnByb3RvIHRjcA0KDQoNCiMjIyMjIyMjIyMjIyMjIyMjIyMjIyMjIyMjIyMjIyMjIyMjIyMjIyMjIyMjIyMjIyMjIyMjIyMjIyMjIyMjIyMjIyMjIyMjIyMjIyMjIyMNCiMgVGhlIGRlc3RpbmF0aW9uIGhvc3RuYW1lIC8gSVAgYWRkcmVzcywgYW5kIHBvcnQgbnVtYmVyIG9mDQojIHRoZSB0YXJnZXQgVlBOIFNlcnZlci4NCiMgDQojIFlvdSBoYXZlIHRvIHNwZWNpZnkgYXMgJ3JlbW90ZSA8SE9TVE5BTUU+IDxQT1JUPicuIFlvdSBjYW4gYWxzbw0KIyBzcGVjaWZ5IHRoZSBJUCBhZGRyZXNzIGluc3RlYWQgb2YgdGhlIGhvc3RuYW1lLg0KIyANCiMgTm90ZSB0aGF0IHRoZSBhdXRvLWdlbmVyYXRlZCBiZWxvdyBob3N0bmFtZSBhcmUgYSAiYXV0by1kZXRlY3RlZA0KIyBJUCBhZGRyZXNzIiBvZiB0aGUgVlBOIFNlcnZlci4gWW91IGhhdmUgdG8gY29uZmlybSB0aGUgY29ycmVjdG5lc3MNCiMgYmVmb3JlaGFuZC4NCiMgDQojIFdoZW4geW91IHdhbnQgdG8gY29ubmVjdCB0byB0aGUgVlBOIFNlcnZlciBieSB1c2luZyBUQ1AgcHJvdG9jb2wsDQojIHRoZSBwb3J0IG51bWJlciBvZiB0aGUgZGVzdGluYXRpb24gVENQIHBvcnQgc2hvdWxkIGJlIHNhbWUgYXMgb25lIG9mDQojIHRoZSBhdmFpbGFibGUgVENQIGxpc3RlbmVycyBvbiB0aGUgVlBOIFNlcnZlci4NCiMgDQojIFdoZW4geW91IHVzZSBVRFAgcHJvdG9jb2wsIHRoZSBwb3J0IG51bWJlciBtdXN0IHNhbWUgYXMgdGhlIGNvbmZpZ3VyYXRpb24NCiMgc2V0dGluZyBvZiAiT3BlblZQTiBTZXJ2ZXIgQ29tcGF0aWJsZSBGdW5jdGlvbiIgb24gdGhlIFZQTiBTZXJ2ZXIuDQoNCnJlbW90ZSAxMTguMzYuMjE3LjMyIDk5NQ0KDQoNCiMjIyMjIyMjIyMjIyMjIyMjIyMjIyMjIyMjIyMjIyMjIyMjIyMjIyMjIyMjIyMjIyMjIyMjIyMjIyMjIyMjIyMjIyMjIyMjIyMjIyMjIyMNCiMgVGhlIEhUVFAvSFRUUFMgcHJveHkgc2V0dGluZy4NCiMgDQojIE9ubHkgaWYgeW91IGhhdmUgdG8gdXNlIHRoZSBJbnRlcm5ldCB2aWEgYSBwcm94eSwgdW5jb21tZW50IHRoZSBiZWxvdw0KIyB0d28gbGluZXMgYW5kIHNwZWNpZnkgdGhlIHByb3h5IGFkZHJlc3MgYW5kIHRoZSBwb3J0IG51bWJlci4NCiMgSW4gdGhlIGNhc2Ugb2YgdXNpbmcgcHJveHktYXV0aGVudGljYXRpb24sIHJlZmVyIHRoZSBPcGVuVlBOIG1hbnVhbC4NCg0KO2h0dHAtcHJveHktcmV0cnkNCjtodHRwLXByb3h5IFtwcm94eSBzZXJ2ZXJdIFtwcm94eSBwb3J0XQ0KDQoNCiMjIyMjIyMjIyMjIyMjIyMjIyMjIyMjIyMjIyMjIyMjIyMjIyMjIyMjIyMjIyMjIyMjIyMjIyMjIyMjIyMjIyMjIyMjIyMjIyMjIyMjIyMNCiMgVGhlIGVuY3J5cHRpb24gYW5kIGF1dGhlbnRpY2F0aW9uIGFsZ29yaXRobS4NCiMgDQojIERlZmF1bHQgc2V0dGluZyBpcyBnb29kLiBNb2RpZnkgaXQgYXMgeW91IHByZWZlci4NCiMgV2hlbiB5b3Ugc3BlY2lmeSBhbiB1bnN1cHBvcnRlZCBhbGdvcml0aG0sIHRoZSBlcnJvciB3aWxsIG9jY3VyLg0KIyANCiMgVGhlIHN1cHBvcnRlZCBhbGdvcml0aG1zIGFyZSBhcyBmb2xsb3dzOg0KIyAgY2lwaGVyOiBbTlVMTC1DSVBIRVJdIE5VTEwgQUVTLTEyOC1DQkMgQUVTLTE5Mi1DQkMgQUVTLTI1Ni1DQkMgQkYtQ0JDDQojICAgICAgICAgIENBU1QtQ0JDIENBU1Q1LUNCQyBERVMtQ0JDIERFUy1FREUtQ0JDIERFUy1FREUzLUNCQyBERVNYLUNCQw0KIyAgICAgICAgICBSQzItNDAtQ0JDIFJDMi02NC1DQkMgUkMyLUNCQw0KIyAgYXV0aDogICBTSEEgU0hBMSBNRDUgTUQ0IFJNRDE2MA0KDQpjaXBoZXIgQUVTLTEyOC1DQkMNCmF1dGggU0hBMQ0KDQoNCiMjIyMjIyMjIyMjIyMjIyMjIyMjIyMjIyMjIyMjIyMjIyMjIyMjIyMjIyMjIyMjIyMjIyMjIyMjIyMjIyMjIyMjIyMjIyMjIyMjIyMjIyMNCiMgT3RoZXIgcGFyYW1ldGVycyBuZWNlc3NhcnkgdG8gY29ubmVjdCB0byB0aGUgVlBOIFNlcnZlci4NCiMgDQojIEl0IGlzIG5vdCByZWNvbW1lbmRlZCB0byBtb2RpZnkgaXQgdW5sZXNzIHlvdSBoYXZlIGEgcGFydGljdWxhciBuZWVkLg0KDQpyZXNvbHYtcmV0cnkgaW5maW5pdGUNCm5vYmluZA0KcGVyc2lzdC1rZXkNCnBlcnNpc3QtdHVuDQpjbGllbnQNCnZlcmIgMw0KI2F1dGgtdXNlci1wYXNzDQoNCg0KIyMjIyMjIyMjIyMjIyMjIyMjIyMjIyMjIyMjIyMjIyMjIyMjIyMjIyMjIyMjIyMjIyMjIyMjIyMjIyMjIyMjIyMjIyMjIyMjIyMjIyMjIw0KIyBUaGUgY2VydGlmaWNhdGUgZmlsZSBvZiB0aGUgZGVzdGluYXRpb24gVlBOIFNlcnZlci4NCiMgDQojIFRoZSBDQSBjZXJ0aWZpY2F0ZSBmaWxlIGlzIGVtYmVkZGVkIGluIHRoZSBpbmxpbmUgZm9ybWF0Lg0KIyBZb3UgY2FuIHJlcGxhY2UgdGhpcyBDQSBjb250ZW50cyBpZiBuZWNlc3NhcnkuDQojIFBsZWFzZSBub3RlIHRoYXQgaWYgdGhlIHNlcnZlciBjZXJ0aWZpY2F0ZSBpcyBub3QgYSBzZWxmLXNpZ25lZCwgeW91IGhhdmUgdG8NCiMgc3BlY2lmeSB0aGUgc2lnbmVyJ3Mgcm9vdCBjZXJ0aWZpY2F0ZSAoQ0EpIGhlcmUuDQoNCjxjYT4NCi0tLS0tQkVHSU4gQ0VSVElGSUNBVEUtLS0tLQ0KTUlJRmF6Q0NBMU9nQXdJQkFnSVJBSUlRejdEU1FPTlpSR1BndTJPQ2l3QXdEUVlKS29aSWh2Y05BUUVMQlFBdw0KVHpFTE1Ba0dBMVVFQmhNQ1ZWTXhLVEFuQmdOVkJBb1RJRWx1ZEdWeWJtVjBJRk5sWTNWeWFYUjVJRkpsYzJWaA0KY21Ob0lFZHliM1Z3TVJVd0V3WURWUVFERXd4SlUxSkhJRkp2YjNRZ1dERXdIaGNOTVRVd05qQTBNVEV3TkRNNA0KV2hjTk16VXdOakEwTVRFd05ETTRXakJQTVFzd0NRWURWUVFHRXdKVlV6RXBNQ2NHQTFVRUNoTWdTVzUwWlhKdQ0KWlhRZ1UyVmpkWEpwZEhrZ1VtVnpaV0Z5WTJnZ1IzSnZkWEF4RlRBVEJnTlZCQU1UREVsVFVrY2dVbTl2ZENCWQ0KTVRDQ0FpSXdEUVlKS29aSWh2Y05BUUVCQlFBRGdnSVBBRENDQWdvQ2dnSUJBSzNvSkhQMEZEZnptNTRyVnlnYw0KaDc3Y3Q5ODRrSXh1UE9aWG9IajNkY0tpL3ZWcWJ2WUFUeWpiM21pR2JFU1R0ckZqL1JRU2E3OGYwdW94bXlGKw0KMFRNOHVrajEzWG5mczdqL0V2RWhta3ZCaW9aeGFVcG1abXlQZmp4d3Y2MHBJZ2J6NU1EbWdLN2lTNCszbVg2VQ0KQTUvVFI1ZDhtVWdqVStnNHJrOEtiNE11MFVsWGpJQjB0dG92MERpTmV3TndJUnQxOGpBOCtvK3UzZHBqcStzVw0KVDhLT0VVdCt6d3ZvLzdWM0x2U3llMHJnVEJJbERIQ05BeW1nNFZNazdCUFo3aG0vRUxOS2pEK0pvMkZSM3F5SA0KQjVUMFkzSHNMdUp2VzVpQjRZbGNOSGxzZHU4N2tHSjU1dHVrbWk4bXhkQVE0UTdlMlJDT0Z2dTM5NmozeCtVQw0KQjVpUE5naVY1K0kzbGcwMmRaNzdEbkt4SFp1OEEvbEpCZGlCM1FXMEt0WkI2YXdCZHBVS0Q5amYxYjBTSHpVdg0KS0JkczBwakJxQWxrZDI1SE43ck9yRmxlYUoxL2N0YUp4UVpCS1Q1WlB0MG05U1RKRWFkYW8weEFIMGFobWJXbg0KT2xGdWhqdWVmWEtuRWdWNFdlMCtVWGdWQ3dPUGpkQXZCYkkrZTBvY1MzTUZFdnpHNnVCUUUzeERrM1N6eW5Ubg0Kamg4QkNOQXcxRnR4TnJRSHVzRXdNRnhJdDRJN21LWjlZSXFpb3ltQ3pMcTlnd1Fib29NRFFhSFdCZkVid3Jidw0KcUh5R08wYW9TQ3FJM0hhYWRyOGZhcVU5R1kvck9QTmszc2dyRFFvby8vZmI0aFZDMUNMUUoxM2hlZjRZNTNDSQ0KclU3bTJZczZ4dDBuVVc3L3ZHVDFNME5QQWdNQkFBR2pRakJBTUE0R0ExVWREd0VCL3dRRUF3SUJCakFQQmdOVg0KSFJNQkFmOEVCVEFEQVFIL01CMEdBMVVkRGdRV0JCUjV0Rm5tZTdibDVBRnpnQWlJeUJwWTl1bWJiakFOQmdrcQ0KaGtpRzl3MEJBUXNGQUFPQ0FnRUFWUjlZcWJ5eXFGRFFETEhZR21rZ0p5a0lyR0YxWElwdStJTGxhUy9WOWxaTA0KdWJoekVGblRJWmQrNTB4eCs3TFNZSzA1cUF2cUZ5RldoZkZRRGxucnp1Qlo2YnJKRmUrR25ZK0VnUGJrNlpHUQ0KM0JlYllodEY4R2FWMG54dnd1bzc3eC9QeTlhdUovR3BzTWl1L1gxK212b2lCT3YvMlgvcWtTc2lzUmNPai9LSw0KTkZ0WTJQd0J5VlM1dUNiTWlvZ3ppVXd0aER5QzMrNldWd1c2TEx2M3hMZkhUanVDdmpISUluTnprdEhDZ0tRNQ0KT1JBekk0Sk1QSitHc2xXWUhiNHBob3dpbTU3aWF6dFhPb0p3VGR3Sng0bkxDZ2ROYk9oZGpzbnZ6cXZIdTdVcg0KVGtYV1N0QW16T1Z5eWdocXBaWGpGYUgzcE8zSkxGK2wrLytzS0FJdXZ0ZDd1K054ZTVBVzB3ZGVSbE44TndkQw0Kak5QRWxwelZtYlVxNEpVYWdFaXVURGtIenN4SHBGS1ZLN3E0KzYzU00xTjk1UjFOYmRXaHNjZENiK1pBSnpWYw0Kb3lpM0I0M25qVE9RNXlPZisxQ2NlV3hHMWJRVnM1WnVmcHNNbGpxNFVpMC8xbHZoK3dqQ2hQNGtxS09KMnF4cQ0KNFJncXNhaERZVnZUSDl3N2pYYnlMZWlOZGQ4WE0ydzlVL3Q3eTBGZi85eWkwR0U0NFphNHJGMkxOOWQxMVRQQQ0KbVJHdW5VSEJjbldFdmdKQlFsOW5KRWlVMFpzbnZnYy91YmhQZ1hSUjRYcTM3WjBqNHI3ZzFTZ0VFend4QTU3ZA0KZW15UHhnY1l4bi9lUjQ0L0tKNEVCcytsVkRSM3ZleUptK2tYUTk5YjIxLytqaDVYb3MxQW5YNWlJdHJlR0NjPQ0KLS0tLS1FTkQgQ0VSVElGSUNBVEUtLS0tLQ0KDQo8L2NhPg0KDQoNCiMjIyMjIyMjIyMjIyMjIyMjIyMjIyMjIyMjIyMjIyMjIyMjIyMjIyMjIyMjIyMjIyMjIyMjIyMjIyMjIyMjIyMjIyMjIyMjIyMjIyMjIyMNCiMgVGhlIGNsaWVudCBjZXJ0aWZpY2F0ZSBmaWxlIChkdW1teSkuDQojIA0KIyBJbiBzb21lIGltcGxlbWVudGF0aW9ucyBvZiBPcGVuVlBOIENsaWVudCBzb2Z0d2FyZQ0KIyAoZm9yIGV4YW1wbGU6IE9wZW5WUE4gQ2xpZW50IGZvciBpT1MpLA0KIyBhIHBhaXIgb2YgY2xpZW50IGNlcnRpZmljYXRlIGFuZCBwcml2YXRlIGtleSBtdXN0IGJlIGluY2x1ZGVkIG9uIHRoZQ0KIyBjb25maWd1cmF0aW9uIGZpbGUgZHVlIHRvIHRoZSBsaW1pdGF0aW9uIG9mIHRoZSBjbGllbnQuDQojIFNvIHRoaXMgc2FtcGxlIGNvbmZpZ3VyYXRpb24gZmlsZSBoYXMgYSBkdW1teSBwYWlyIG9mIGNsaWVudCBjZXJ0aWZpY2F0ZQ0KIyBhbmQgcHJpdmF0ZSBrZXkgYXMgZm9sbG93cy4NCg0KPGNlcnQ+DQotLS0tLUJFR0lOIENFUlRJRklDQVRFLS0tLS0NCk1JSUN4akNDQWE0Q0FRQXdEUVlKS29aSWh2Y05BUUVGQlFBd0tURWFNQmdHQTFVRUF4TVJWbEJPUjJGMFpVTnMNCmFXVnVkRU5sY25ReEN6QUpCZ05WQkFZVEFrcFFNQjRYRFRFek1ESXhNVEF6TkRrME9Wb1hEVE0zTURFeE9UQXoNCk1UUXdOMW93S1RFYU1CZ0dBMVVFQXhNUlZsQk9SMkYwWlVOc2FXVnVkRU5sY25ReEN6QUpCZ05WQkFZVEFrcFENCk1JSUJJakFOQmdrcWhraUc5dzBCQVFFRkFBT0NBUThBTUlJQkNnS0NBUUVBNWgybGdRUVlVandvS1lKYnpWWkENCjVWY0lHZDVvdFBjL3FaUk10MEtJdENGQTBzOVJ3UmVOVmE5ZkRSRkxSQmhjSVRPbHYzRkJjVzNFOGgxVXM3UkQNCjRXOEdtSmU4emFwSm5Mc0QzOU9TTVJDelpKbmN6VzRPQ0gxUFpSWldLcUR0amxOY2E5QUY4YTY1alRtbER4Q1ENCkNqbnRMSVdrNU9MTFZrRnQ5L3RTY2MxR0R0Y2k1NW9maGFOQVlNUGlIN1Y4KzFnNjZwR0hYQW9XSzZBUVZINjcNClhDS0puR0I1bmxRK0hzTVlQVi9PNDlMZDkxWk4vMnRIa2NhTEx5TnR5d3hWUFJTc1JoNDgwamp1MGZjQ3N2NmgNCnAvMHlYblRCLy9tV3V0QkdwZFVsSWJ3aUlUYkFtcnNiWW5qaWdSdm5QcVgxUk5KVWJpOUZwNkMyYy9ISUZKR0QNCnl3SURBUUFCTUEwR0NTcUdTSWIzRFFFQkJRVUFBNElCQVFDaE81aGdjdy80b1dmb0VGTHU5a0JhMUIvL2t4SDgNCmhRa0NoVk5uOEJSQzdZMFVSUWl0UGwzREtFZWQ5VVJCRGRnMktPQXo3N2JiNkVOUGlsaUQrYTM4VUpISVJNcWUNClVCSGhsbE9ISXp2RGhIRmJhb3ZBTEJRY2VlQnpka1F4c0tRRVNLbVFtUjgzMjk1MFVDb3ZveVJCNjFVeUFWN2gNCittWmhZUEdSS1hLU0pJNnMwRWdnL0NyaStDd2s0YmpKZnJiNWhWc2UxMXloNEQ5TUhod1NmQ09IKzB6NGhQVVQNCkZrdTdkR2F2VVJPNVNWeE1uL3NMNkVuNUQrb1NlWGthZEhwRHMrQWlyeW0yWUhoMTVoMCtqUFNPb1I2eWlWcC8NCjZ6WmVaa3JONDNrdVM3M0twS0RGamZGUGg4dDRyMWdPSWp0dGtOY1FxQmNjdXNucGxRN0hKcHNrDQotLS0tLUVORCBDRVJUSUZJQ0FURS0tLS0tDQoNCjwvY2VydD4NCg0KPGtleT4NCi0tLS0tQkVHSU4gUlNBIFBSSVZBVEUgS0VZLS0tLS0NCk1JSUVwQUlCQUFLQ0FRRUE1aDJsZ1FRWVVqd29LWUpielZaQTVWY0lHZDVvdFBjL3FaUk10MEtJdENGQTBzOVINCndSZU5WYTlmRFJGTFJCaGNJVE9sdjNGQmNXM0U4aDFVczdSRDRXOEdtSmU4emFwSm5Mc0QzOU9TTVJDelpKbmMNCnpXNE9DSDFQWlJaV0txRHRqbE5jYTlBRjhhNjVqVG1sRHhDUUNqbnRMSVdrNU9MTFZrRnQ5L3RTY2MxR0R0Y2kNCjU1b2ZoYU5BWU1QaUg3VjgrMWc2NnBHSFhBb1dLNkFRVkg2N1hDS0puR0I1bmxRK0hzTVlQVi9PNDlMZDkxWk4NCi8ydEhrY2FMTHlOdHl3eFZQUlNzUmg0ODBqanUwZmNDc3Y2aHAvMHlYblRCLy9tV3V0QkdwZFVsSWJ3aUlUYkENCm1yc2JZbmppZ1J2blBxWDFSTkpVYmk5RnA2QzJjL0hJRkpHRHl3SURBUUFCQW9JQkFFUlY3WDVBdnhBOHVSaUsNCms4U0lwc0QwZFgxcEpPTUl3YWtVVnl2YzRFZk4wRGhLUk5iNHJZb1NpRUdUTHl6THB5QmMvQTI4RGxrbTVlT1kNCmZqelhmWWtHdFlpL0Z0eGtnM085dmNyTVE0KzZpK3VHSGFJTDJyTCtzNE1yZk84djF4djYrV2t5MzNFRUdDb3UNClFpd1ZHUkZRWG5Sb1E2Mk5CQ0ZiVU5MaG1Yd2RqMWFrWnpMVTRwNVI0ekEzUWhkeHdFSWF0Vkx0MCs3b3dMUTMNCmxQOHNmWGhwcFBPWGpUcU1ENFFrWXd6UEFhOC96RjdhY240a3J5clVQN1E2UEFmZDB6RVZxTnk5WkNaOWZmaG8NCnpYZWRGajQ4NklGb2M1Z25UcDJONmpzblZqNExDR0lobFZIbFlHb3pLS0ZxSmNRVkdzSENxcTFvejJ6alc2TFMNCm9SWUlIZ0VDZ1lFQTh6WnJrQ3dOWVNYSnVPREozbS9oT0xWeGN4Z0p1d1hvaUVyV2QwRTQydlBhbmpqVk1obnQNCktZNWw4cUdNSjZGaEs5TFl4MnFDcmYvRTBYdFVBWjJ3VnEzT1JUeUduc01XcmU5dExZczU1WCtaTjEwVGM3NXoNCjRoYWNiVTBocUtOMUhpRG1zTVJZMy8yTmFaSG95N01LbndKSkJhRzQ4bDlDQ1RsVndNSG9jSUVDZ1lFQThqYnkNCmRHanhUSCs2WEhXTml6YjVTUmJaeEFueUVlSmVSd1RNaDBnR3p3R1BwSC9zWllHenl1MFN5U1hXQ25aaDNSZ3ENCjV1TGxOeHRyWHJsalpseWkyblFkUWdzcTJZcldVczAremdVKzIydVFzWnBTQWZ0bWhWcnR2ZXQ2TWpWamJCeVkNCkRBRGNpRVZVZEpZSVhrK3FuRlVKeWVyb0xJa1RqN1dZS1o2Umprc0NnWUJvQ0ZJd1JEZWc0Mm9LODlSRm1uT3INCkx5bU5BcTQrMm9NaHNXbFZiNGVqV0lXZUFrOW5jK0dYVWZyWHN6UmhTMDFtVW5VNXI1eWdVdlJjYXJWL1QzVTcNClRuTVorSTdZNERnV1JJRGQ1MXpuaHhJQnRZVjVqL0MvdDg1SGpxT2tIKzhiNlJUa2JjaGFYM21hdTdmcFVmZHMNCkZxMG5oSXE0MmZoRU84c3JmWVl3Z1FLQmdRQ3loaTFOLzh0YVJ3cGsrMy9JREV6UXdqYmZkelVrV1dTRGs5WHMNCkgvcGt1UkhXZlRNUDNmbFdxRVlnVy9MVzQwcGVXMkhEcTVpbWRWOCtBZ1p4ZS9YTWJhamk5TGd3ZjFSWTAwNW4NCkt4YVpRejd5cUh1cFdsTEdGNjhEUEh4a1pWVlNhZ0RuVi9zenRXWDZTRnNDcUZWbnhJWGlmWEdDNGNXNU5tOWcNCnZhOHE0UUtCZ1FDRWhMVmVVZmR3S3ZrWjk0Zy9HRno3MzFaMmhyZFZoZ01aYVUvdTZ0MFY5NStZZXpQTkNRWkINCndtRTlNbWxicTFlbURlUk9pdmpDZm9HaFIza1pYVzFwVEtsTGg2Wk1VUVVPcHB0ZFh2YThYeGZvcVF3YTNlbkENCk03bXVCYkYwWE43Vk84MGlKUHYrUG1JWmRFSUFrcHdLZmkyMDFZQitCYWZDSXVHeElGNTBWZz09DQotLS0tLUVORCBSU0EgUFJJVkFURSBLRVktLS0tLQ0KDQo8L2tleT4NCg0K
vpn669887543,14.132.55.42,842478,62,134427002,Japan,JP,108,204358507,38549,2043552552927,permenent,MYGATE-VP68,����,IyMjIyMjIyMjIyMjIyMjIyMjIyMjIyMjIyMjIyMjIyMjIyMjIyMjIyMjIyMjIyMjIyMjIyMjIyMjIyMjIyMjIyMjIyMjIyMjIyMjIyMjIw0KIyBPcGVuVlBOIDIuMCBTYW1wbGUgQ29uZmlndXJhdGlvbiBGaWxlDQojIGZvciBQYWNrZXRpWCBWUE4gLyBTb2Z0RXRoZXIgVlBOIFNlcnZlcg0KIyANCiMgISEhIEFVVE8tR0VORVJBVEVEIEJZIFNPRlRFVEhFUiBWUE4gU0VSVkVSIE1BTkFHRU1FTlQgVE9PTCAhISENCiMgDQojICEhISBZT1UgSEFWRSBUTyBSRVZJRVcgSVQgQkVGT1JFIFVTRSBBTkQgTU9ESUZZIElUIEFTIE5FQ0VTU0FSWSAhISENCiMgDQojIFRoaXMgY29uZmlndXJhdGlvbiBmaWxlIGlzIGF1dG8tZ2VuZXJhdGVkLiBZb3UgbWlnaHQgdXNlIHRoaXMgY29uZmlnIGZpbGUNCiMgaW4gb3JkZXIgdG8gY29ubmVjdCB0byB0aGUgUGFja2V0aVggVlBOIC8gU29mdEV0aGVyIFZQTiBTZXJ2ZXIuDQojIEhvd2V2ZXIsIGJlZm9yZSB5b3UgdHJ5IGl0LCB5b3Ugc2hvdWxkIHJldmlldyB0aGUgZGVzY3JpcHRpb25zIG9mIHRoZSBmaWxlDQojIHRvIGRldGVybWluZSB0aGUgbmVjZXNzaXR5IHRvIG1vZGlmeSB0byBzdWl0YWJsZSBmb3IgeW91ciByZWFsIGVudmlyb25tZW50Lg0KIyBJZiBuZWNlc3NhcnksIHlvdSBoYXZlIHRvIG1vZGlmeSBhIGxpdHRsZSBhZGVxdWF0ZWx5IG9uIHRoZSBmaWxlLg0KIyBGb3IgZXhhbXBsZSwgdGhlIElQIGFkZHJlc3Mgb3IgdGhlIGhvc3RuYW1lIGFzIGEgZGVzdGluYXRpb24gVlBOIFNlcnZlcg0KIyBzaG91bGQgYmUgY29uZmlybWVkLg0KIyANCiMgTm90ZSB0aGF0IHRvIHVzZSBPcGVuVlBOIDIuMCwgeW91IGhhdmUgdG8gcHV0IHRoZSBjZXJ0aWZpY2F0aW9uIGZpbGUgb2YNCiMgdGhlIGRlc3RpbmF0aW9uIFZQTiBTZXJ2ZXIgb24gdGhlIE9wZW5WUE4gQ2xpZW50IGNvbXB1dGVyIHdoZW4geW91IHVzZSB0aGlzDQojIGNvbmZpZyBmaWxlLiBQbGVhc2UgcmVmZXIgdGhlIGJlbG93IGRlc2NyaXB0aW9ucyBjYXJlZnVsbHkuDQoNCg0KIyMjIyMjIyMjIyMjIyMjIyMjIyMjIyMjIyMjIyMjIyMjIyMjIyMjIyMjIyMjIyMjIyMjIyMjIyMjIyMjIyMjIyMjIyMjIyMjIyMjIyMjIw0KIyBTcGVjaWZ5IHRoZSB0eXBlIG9mIHRoZSBsYXllciBvZiB0aGUgVlBOIGNvbm5lY3Rpb24uDQojIA0KIyBUbyBjb25uZWN0IHRvIHRoZSBWUE4gU2VydmVyIGFzIGEgIlJlbW90ZS1BY2Nlc3MgVlBOIENsaWVudCBQQyIsDQojICBzcGVjaWZ5ICdkZXYgdHVuJy4gKExheWVyLTMgSVAgUm91dGluZyBNb2RlKQ0KIw0KIyBUbyBjb25uZWN0IHRvIHRoZSBWUE4gU2VydmVyIGFzIGEgYnJpZGdpbmcgZXF1aXBtZW50IG9mICJTaXRlLXRvLVNpdGUgVlBOIiwNCiMgIHNwZWNpZnkgJ2RldiB0YXAnLiAoTGF5ZXItMiBFdGhlcm5ldCBCcmlkZ2luZSBNb2RlKQ0KDQpkZXYgdHVuDQoNCg0KIyMjIyMjIyMjIyMjIyMjIyMjIyMjIyMjIyMjIyMjIyMjIyMjIyMjIyMjIyMjIyMjIyMjIyMjIyMjIyMjIyMjIyMjIyMjIyMjIyMjIyMjIw0KIyBTcGVjaWZ5IHRoZSB1bmRlcmx5aW5nIHByb3RvY29sIGJleW9uZCB0aGUgSW50ZXJuZXQuDQojIE5vdGUgdGhhdCB0aGlzIHNldHRpbmcgbXVzdCBiZSBjb3JyZXNwb25kIHdpdGggdGhlIGxpc3RlbmluZyBzZXR0aW5nIG9uDQojIHRoZSBWUE4gU2VydmVyLg0KIyANCiMgU3BlY2lmeSBlaXRoZXIgJ3Byb3RvIHRjcCcgb3IgJ3Byb3RvIHVkcCcuDQoNCnByb3RvIHRjcA0KDQoNCiMjIyMjIyMjIyMjIyMjIyMjIyMjIyMjIyMjIyMjIyMjIyMjIyMjIyMjIyMjIyMjIyMjIyMjIyMjIyMjIyMjIyMjIyMjIyMjIyMjIyMjIyMNCiMgVGhlIGRlc3RpbmF0aW9uIGhvc3RuYW1lIC8gSVAgYWRkcmVzcywgYW5kIHBvcnQgbnVtYmVyIG9mDQojIHRoZSB0YXJnZXQgVlBOIFNlcnZlci4NCiMgDQojIFlvdSBoYXZlIHRvIHNwZWNpZnkgYXMgJ3JlbW90ZSA8SE9TVE5BTUU+IDxQT1JUPicuIFlvdSBjYW4gYWxzbw0KIyBzcGVjaWZ5IHRoZSBJUCBhZGRyZXNzIGluc3RlYWQgb2YgdGhlIGhvc3RuYW1lLg0KIyANCiMgTm90ZSB0aGF0IHRoZSBhdXRvLWdlbmVyYXRlZCBiZWxvdyBob3N0bmFtZSBhcmUgYSAiYXV0by1kZXRlY3RlZA0KIyBJUCBhZGRyZXNzIiBvZiB0aGUgVlBOIFNlcnZlci4gWW91IGhhdmUgdG8gY29uZmlybSB0aGUgY29ycmVjdG5lc3MNCiMgYmVmb3JlaGFuZC4NCiMgDQojIFdoZW4geW91IHdhbnQgdG8gY29ubmVjdCB0byB0aGUgVlBOIFNlcnZlciBieSB1c2luZyBUQ1AgcHJvdG9jb2wsDQojIHRoZSBwb3J0IG51bWJlciBvZiB0aGUgZGVzdGluYXRpb24gVENQIHBvcnQgc2hvdWxkIGJlIHNhbWUgYXMgb25lIG9mDQojIHRoZSBhdmFpbGFibGUgVENQIGxpc3RlbmVycyBvbiB0aGUgVlBOIFNlcnZlci4NCiMgDQojIFdoZW4geW91IHVzZSBVRFAgcHJvdG9jb2wsIHRoZSBwb3J0IG51bWJlciBtdXN0IHNhbWUgYXMgdGhlIGNvbmZpZ3VyYXRpb24NCiMgc2V0dGluZyBvZiAiT3BlblZQTiBTZXJ2ZXIgQ29tcGF0aWJsZSBGdW5jdGlvbiIgb24gdGhlIFZQTiBTZXJ2ZXIuDQoNCnJlbW90ZSAxNC4xMzIuNTUuNDIgNDQzDQoNCg0KIyMjIyMjIyMjIyMjIyMjIyMjIyMjIyMjIyMjIyMjIyMjIyMjIyMjIyMjIyMjIyMjIyMjIyMjIyMjIyMjIyMjIyMjIyMjIyMjIyMjIyMjIw0KIyBUaGUgSFRUUC9IVFRQUyBwcm94eSBzZXR0aW5nLg0KIyANCiMgT25seSBpZiB5b3UgaGF2ZSB0byB1c2UgdGhlIEludGVybmV0IHZpYSBhIHByb3h5LCB1bmNvbW1lbnQgdGhlIGJlbG93DQojIHR3byBsaW5lcyBhbmQgc3BlY2lmeSB0aGUgcHJveHkgYWRkcmVzcyBhbmQgdGhlIHBvcnQgbnVtYmVyLg0KIyBJbiB0aGUgY2FzZSBvZiB1c2luZyBwcm94eS1hdXRoZW50aWNhdGlvbiwgcmVmZXIgdGhlIE9wZW5WUE4gbWFudWFsLg0KDQo7aHR0cC1wcm94eS1yZXRyeQ0KO2h0dHAtcHJveHkgW3Byb3h5IHNlcnZlcl0gW3Byb3h5IHBvcnRdDQoNCg0KIyMjIyMjIyMjIyMjIyMjIyMjIyMjIyMjIyMjIyMjIyMjIyMjIyMjIyMjIyMjIyMjIyMjIyMjIyMjIyMjIyMjIyMjIyMjIyMjIyMjIyMjIw0KIyBUaGUgZW5jcnlwdGlvbiBhbmQgYXV0aGVudGljYXRpb24gYWxnb3JpdGhtLg0KIyANCiMgRGVmYXVsdCBzZXR0aW5nIGlzIGdvb2QuIE1vZGlmeSBpdCBhcyB5b3UgcHJlZmVyLg0KIyBXaGVuIHlvdSBzcGVjaWZ5IGFuIHVuc3VwcG9ydGVkIGFsZ29yaXRobSwgdGhlIGVycm9yIHdpbGwgb2NjdXIuDQojIA0KIyBUaGUgc3VwcG9ydGVkIGFsZ29yaXRobXMgYXJlIGFzIGZvbGxvd3M6DQojICBjaXBoZXI6IFtOVUxMLUNJUEhFUl0gTlVMTCBBRVMtMTI4LUNCQyBBRVMtMTkyLUNCQyBBRVMtMjU2LUNCQyBCRi1DQkMNCiMgICAgICAgICAgQ0FTVC1DQkMgQ0FTVDUtQ0JDIERFUy1DQkMgREVTLUVERS1DQkMgREVTLUVERTMtQ0JDIERFU1gtQ0JDDQojICAgICAgICAgIFJDMi00MC1DQkMgUkMyLTY0LUNCQyBSQzItQ0JDDQojICBhdXRoOiAgIFNIQSBTSEExIE1ENSBNRDQgUk1EMTYwDQoNCmNpcGhlciBBRVMtMTI4LUNCQw0KYXV0aCBTSEExDQoNCg0KIyMjIyMjIyMjIyMjIyMjIyMjIyMjIyMjIyMjIyMjIyMjIyMjIyMjIyMjIyMjIyMjIyMjIyMjIyMjIyMjIyMjIyMjIyMjIyMjIyMjIyMjIw0KIyBPdGhlciBwYXJhbWV0ZXJzIG5lY2Vzc2FyeSB0byBjb25uZWN0IHRvIHRoZSBWUE4gU2VydmVyLg0KIyANCiMgSXQgaXMgbm90IHJlY29tbWVuZGVkIHRvIG1vZGlmeSBpdCB1bmxlc3MgeW91IGhhdmUgYSBwYXJ0aWN1bGFyIG5lZWQuDQoNCnJlc29sdi1yZXRyeSBpbmZpbml0ZQ0Kbm9iaW5kDQpwZXJzaXN0LWtleQ0KcGVyc2lzdC10dW4NCmNsaWVudA0KdmVyYiAzDQojYXV0aC11c2VyLXBhc3MNCg0KDQojIyMjIyMjIyMjIyMjIyMjIyMjIyMjIyMjIyMjIyMjIyMjIyMjIyMjIyMjIyMjIyMjIyMjIyMjIyMjIyMjIyMjIyMjIyMjIyMjIyMjIyMjDQojIFRoZSBjZXJ0aWZpY2F0ZSBmaWxlIG9mIHRoZSBkZXN0aW5hdGlvbiBWUE4gU2VydmVyLg0KIyANCiMgVGhlIENBIGNlcnRpZmljYXRlIGZpbGUgaXMgZW1iZWRkZWQgaW4gdGhlIGlubGluZSBmb3JtYXQuDQojIFlvdSBjYW4gcmVwbGFjZSB0aGlzIENBIGNvbnRlbnRzIGlmIG5lY2Vzc2FyeS4NCiMgUGxlYXNlIG5vdGUgdGhhdCBpZiB0aGUgc2VydmVyIGNlcnRpZmljYXRlIGlzIG5vdCBhIHNlbGYtc2lnbmVkLCB5b3UgaGF2ZSB0bw0KIyBzcGVjaWZ5IHRoZSBzaWduZXIncyByb290IGNlcnRpZmljYXRlIChDQSkgaGVyZS4NCg0KPGNhPg0KLS0tLS1CRUdJTiBDRVJUSUZJQ0FURS0tLS0tDQpNSUlGYXpDQ0ExT2dBd0lCQWdJUkFJSVF6N0RTUU9OWlJHUGd1Mk9DaXdBd0RRWUpLb1pJaHZjTkFRRUxCUUF3DQpUekVMTUFrR0ExVUVCaE1DVlZNeEtUQW5CZ05WQkFvVElFbHVkR1Z5Ym1WMElGTmxZM1Z5YVhSNUlGSmxjMlZoDQpjbU5vSUVkeWIzVndNUlV3RXdZRFZRUURFd3hKVTFKSElGSnZiM1FnV0RFd0hoY05NVFV3TmpBME1URXdORE00DQpXaGNOTXpVd05qQTBNVEV3TkRNNFdqQlBNUXN3Q1FZRFZRUUdFd0pWVXpFcE1DY0dBMVVFQ2hNZ1NXNTBaWEp1DQpaWFFnVTJWamRYSnBkSGtnVW1WelpXRnlZMmdnUjNKdmRYQXhGVEFUQmdOVkJBTVRERWxUVWtjZ1VtOXZkQ0JZDQpNVENDQWlJd0RRWUpLb1pJaHZjTkFRRUJCUUFEZ2dJUEFEQ0NBZ29DZ2dJQkFLM29KSFAwRkRmem01NHJWeWdjDQpoNzdjdDk4NGtJeHVQT1pYb0hqM2RjS2kvdlZxYnZZQVR5amIzbWlHYkVTVHRyRmovUlFTYTc4ZjB1b3hteUYrDQowVE04dWtqMTNYbmZzN2ovRXZFaG1rdkJpb1p4YVVwbVpteVBmanh3djYwcElnYno1TURtZ0s3aVM0KzNtWDZVDQpBNS9UUjVkOG1VZ2pVK2c0cms4S2I0TXUwVWxYaklCMHR0b3YwRGlOZXdOd0lSdDE4akE4K28rdTNkcGpxK3NXDQpUOEtPRVV0K3p3dm8vN1YzTHZTeWUwcmdUQklsREhDTkF5bWc0Vk1rN0JQWjdobS9FTE5LakQrSm8yRlIzcXlIDQpCNVQwWTNIc0x1SnZXNWlCNFlsY05IbHNkdTg3a0dKNTV0dWttaThteGRBUTRRN2UyUkNPRnZ1Mzk2ajN4K1VDDQpCNWlQTmdpVjUrSTNsZzAyZFo3N0RuS3hIWnU4QS9sSkJkaUIzUVcwS3RaQjZhd0JkcFVLRDlqZjFiMFNIelV2DQpLQmRzMHBqQnFBbGtkMjVITjdyT3JGbGVhSjEvY3RhSnhRWkJLVDVaUHQwbTlTVEpFYWRhbzB4QUgwYWhtYlduDQpPbEZ1aGp1ZWZYS25FZ1Y0V2UwK1VYZ1ZDd09QamRBdkJiSStlMG9jUzNNRkV2ekc2dUJRRTN4RGszU3p5blRuDQpqaDhCQ05BdzFGdHhOclFIdXNFd01GeEl0NEk3bUtaOVlJcWlveW1DekxxOWd3UWJvb01EUWFIV0JmRWJ3cmJ3DQpxSHlHTzBhb1NDcUkzSGFhZHI4ZmFxVTlHWS9yT1BOazNzZ3JEUW9vLy9mYjRoVkMxQ0xRSjEzaGVmNFk1M0NJDQpyVTdtMllzNnh0MG5VVzcvdkdUMU0wTlBBZ01CQUFHalFqQkFNQTRHQTFVZER3RUIvd1FFQXdJQkJqQVBCZ05WDQpIUk1CQWY4RUJUQURBUUgvTUIwR0ExVWREZ1FXQkJSNXRGbm1lN2JsNUFGemdBaUl5QnBZOXVtYmJqQU5CZ2txDQpoa2lHOXcwQkFRc0ZBQU9DQWdFQVZSOVlxYnl5cUZEUURMSFlHbWtnSnlrSXJHRjFYSXB1K0lMbGFTL1Y5bFpMDQp1Ymh6RUZuVElaZCs1MHh4KzdMU1lLMDVxQXZxRnlGV2hmRlFEbG5yenVCWjZickpGZStHblkrRWdQYms2WkdRDQozQmViWWh0RjhHYVYwbnh2d3VvNzd4L1B5OWF1Si9HcHNNaXUvWDErbXZvaUJPdi8yWC9xa1NzaXNSY09qL0tLDQpORnRZMlB3QnlWUzV1Q2JNaW9nemlVd3RoRHlDMys2V1Z3VzZMTHYzeExmSFRqdUN2akhJSW5Oemt0SENnS1E1DQpPUkF6STRKTVBKK0dzbFdZSGI0cGhvd2ltNTdpYXp0WE9vSndUZHdKeDRuTENnZE5iT2hkanNudnpxdkh1N1VyDQpUa1hXU3RBbXpPVnl5Z2hxcFpYakZhSDNwTzNKTEYrbCsvK3NLQUl1dnRkN3UrTnhlNUFXMHdkZVJsTjhOd2RDDQpqTlBFbHB6Vm1iVXE0SlVhZ0VpdVREa0h6c3hIcEZLVks3cTQrNjNTTTFOOTVSMU5iZFdoc2NkQ2IrWkFKelZjDQpveWkzQjQzbmpUT1E1eU9mKzFDY2VXeEcxYlFWczVadWZwc01sanE0VWkwLzFsdmgrd2pDaFA0a3FLT0oycXhxDQo0Umdxc2FoRFlWdlRIOXc3alhieUxlaU5kZDhYTTJ3OVUvdDd5MEZmLzl5aTBHRTQ0WmE0ckYyTE45ZDExVFBBDQptUkd1blVIQmNuV0V2Z0pCUWw5bkpFaVUwWnNudmdjL3ViaFBnWFJSNFhxMzdaMGo0cjdnMVNnRUV6d3hBNTdkDQplbXlQeGdjWXhuL2VSNDQvS0o0RUJzK2xWRFIzdmV5Sm0ra1hROTliMjEvK2poNVhvczFBblg1aUl0cmVHQ2M9DQotLS0tLUVORCBDRVJUSUZJQ0FURS0tLS0tDQoNCjwvY2E+DQoNCg0KIyMjIyMjIyMjIyMjIyMjIyMjIyMjIyMjIyMjIyMjIyMjIyMjIyMjIyMjIyMjIyMjIyMjIyMjIyMjIyMjIyMjIyMjIyMjIyMjIyMjIyMjIw0KIyBUaGUgY2xpZW50IGNlcnRpZmljYXRlIGZpbGUgKGR1bW15KS4NCiMgDQojIEluIHNvbWUgaW1wbGVtZW50YXRpb25zIG9mIE9wZW5WUE4gQ2xpZW50IHNvZnR3YXJlDQojIChmb3IgZXhhbXBsZTogT3BlblZQTiBDbGllbnQgZm9yIGlPUyksDQojIGEgcGFpciBvZiBjbGllbnQgY2VydGlmaWNhdGUgYW5kIHByaXZhdGUga2V5IG11c3QgYmUgaW5jbHVkZWQgb24gdGhlDQojIGNvbmZpZ3VyYXRpb24gZmlsZSBkdWUgdG8gdGhlIGxpbWl0YXRpb24gb2YgdGhlIGNsaWVudC4NCiMgU28gdGhpcyBzYW1wbGUgY29uZmlndXJhdGlvbiBmaWxlIGhhcyBhIGR1bW15IHBhaXIgb2YgY2xpZW50IGNlcnRpZmljYXRlDQojIGFuZCBwcml2YXRlIGtleSBhcyBmb2xsb3dzLg0KDQo8Y2VydD4NCi0tLS0tQkVHSU4gQ0VSVElGSUNBVEUtLS0tLQ0KTUlJQ3hqQ0NBYTRDQVFBd0RRWUpLb1pJaHZjTkFRRUZCUUF3S1RFYU1CZ0dBMVVFQXhNUlZsQk9SMkYwWlVOcw0KYVdWdWRFTmxjblF4Q3pBSkJnTlZCQVlUQWtwUU1CNFhEVEV6TURJeE1UQXpORGswT1ZvWERUTTNNREV4T1RBeg0KTVRRd04xb3dLVEVhTUJnR0ExVUVBeE1SVmxCT1IyRjBaVU5zYVdWdWRFTmxjblF4Q3pBSkJnTlZCQVlUQWtwUQ0KTUlJQklqQU5CZ2txaGtpRzl3MEJBUUVGQUFPQ0FROEFNSUlCQ2dLQ0FRRUE1aDJsZ1FRWVVqd29LWUpielZaQQ0KNVZjSUdkNW90UGMvcVpSTXQwS0l0Q0ZBMHM5UndSZU5WYTlmRFJGTFJCaGNJVE9sdjNGQmNXM0U4aDFVczdSRA0KNFc4R21KZTh6YXBKbkxzRDM5T1NNUkN6WkpuY3pXNE9DSDFQWlJaV0txRHRqbE5jYTlBRjhhNjVqVG1sRHhDUQ0KQ2pudExJV2s1T0xMVmtGdDkvdFNjYzFHRHRjaTU1b2ZoYU5BWU1QaUg3VjgrMWc2NnBHSFhBb1dLNkFRVkg2Nw0KWENLSm5HQjVubFErSHNNWVBWL080OUxkOTFaTi8ydEhrY2FMTHlOdHl3eFZQUlNzUmg0ODBqanUwZmNDc3Y2aA0KcC8weVhuVEIvL21XdXRCR3BkVWxJYndpSVRiQW1yc2JZbmppZ1J2blBxWDFSTkpVYmk5RnA2QzJjL0hJRkpHRA0KeXdJREFRQUJNQTBHQ1NxR1NJYjNEUUVCQlFVQUE0SUJBUUNoTzVoZ2N3LzRvV2ZvRUZMdTlrQmExQi8va3hIOA0KaFFrQ2hWTm44QlJDN1kwVVJRaXRQbDNES0VlZDlVUkJEZGcyS09Bejc3YmI2RU5QaWxpRCthMzhVSkhJUk1xZQ0KVUJIaGxsT0hJenZEaEhGYmFvdkFMQlFjZWVCemRrUXhzS1FFU0ttUW1SODMyOTUwVUNvdm95UkI2MVV5QVY3aA0KK21aaFlQR1JLWEtTSkk2czBFZ2cvQ3JpK0N3azRiakpmcmI1aFZzZTExeWg0RDlNSGh3U2ZDT0grMHo0aFBVVA0KRmt1N2RHYXZVUk81U1Z4TW4vc0w2RW41RCtvU2VYa2FkSHBEcytBaXJ5bTJZSGgxNWgwK2pQU09vUjZ5aVZwLw0KNnpaZVprck40M2t1UzczS3BLREZqZkZQaDh0NHIxZ09JanR0a05jUXFCY2N1c25wbFE3SEpwc2sNCi0tLS0tRU5EIENFUlRJRklDQVRFLS0tLS0NCg0KPC9jZXJ0Pg0KDQo8a2V5Pg0KLS0tLS1CRUdJTiBSU0EgUFJJVkFURSBLRVktLS0tLQ0KTUlJRXBBSUJBQUtDQVFFQTVoMmxnUVFZVWp3b0tZSmJ6VlpBNVZjSUdkNW90UGMvcVpSTXQwS0l0Q0ZBMHM5Ug0Kd1JlTlZhOWZEUkZMUkJoY0lUT2x2M0ZCY1czRThoMVVzN1JENFc4R21KZTh6YXBKbkxzRDM5T1NNUkN6WkpuYw0Kelc0T0NIMVBaUlpXS3FEdGpsTmNhOUFGOGE2NWpUbWxEeENRQ2pudExJV2s1T0xMVmtGdDkvdFNjYzFHRHRjaQ0KNTVvZmhhTkFZTVBpSDdWOCsxZzY2cEdIWEFvV0s2QVFWSDY3WENLSm5HQjVubFErSHNNWVBWL080OUxkOTFaTg0KLzJ0SGtjYUxMeU50eXd4VlBSU3NSaDQ4MGpqdTBmY0NzdjZocC8weVhuVEIvL21XdXRCR3BkVWxJYndpSVRiQQ0KbXJzYlluamlnUnZuUHFYMVJOSlViaTlGcDZDMmMvSElGSkdEeXdJREFRQUJBb0lCQUVSVjdYNUF2eEE4dVJpSw0KazhTSXBzRDBkWDFwSk9NSXdha1VWeXZjNEVmTjBEaEtSTmI0cllvU2lFR1RMeXpMcHlCYy9BMjhEbGttNWVPWQ0KZmp6WGZZa0d0WWkvRnR4a2czTzl2Y3JNUTQrNmkrdUdIYUlMMnJMK3M0TXJmTzh2MXh2NitXa3kzM0VFR0NvdQ0KUWl3VkdSRlFYblJvUTYyTkJDRmJVTkxobVh3ZGoxYWtaekxVNHA1UjR6QTNRaGR4d0VJYXRWTHQwKzdvd0xRMw0KbFA4c2ZYaHBwUE9YalRxTUQ0UWtZd3pQQWE4L3pGN2FjbjRrcnlyVVA3UTZQQWZkMHpFVnFOeTlaQ1o5ZmZobw0KelhlZEZqNDg2SUZvYzVnblRwMk42anNuVmo0TENHSWhsVkhsWUdvektLRnFKY1FWR3NIQ3FxMW96MnpqVzZMUw0Kb1JZSUhnRUNnWUVBOHpacmtDd05ZU1hKdU9ESjNtL2hPTFZ4Y3hnSnV3WG9pRXJXZDBFNDJ2UGFuampWTWhudA0KS1k1bDhxR01KNkZoSzlMWXgycUNyZi9FMFh0VUFaMndWcTNPUlR5R25zTVdyZTl0TFlzNTVYK1pOMTBUYzc1eg0KNGhhY2JVMGhxS04xSGlEbXNNUlkzLzJOYVpIb3k3TUtud0pKQmFHNDhsOUNDVGxWd01Ib2NJRUNnWUVBOGpieQ0KZEdqeFRIKzZYSFdOaXpiNVNSYlp4QW55RWVKZVJ3VE1oMGdHendHUHBIL3NaWUd6eXUwU3lTWFdDblpoM1JncQ0KNXVMbE54dHJYcmxqWmx5aTJuUWRRZ3NxMllyV1VzMCt6Z1UrMjJ1UXNacFNBZnRtaFZydHZldDZNalZqYkJ5WQ0KREFEY2lFVlVkSllJWGsrcW5GVUp5ZXJvTElrVGo3V1lLWjZSamtzQ2dZQm9DRkl3UkRlZzQyb0s4OVJGbW5Pcg0KTHltTkFxNCsyb01oc1dsVmI0ZWpXSVdlQWs5bmMrR1hVZnJYc3pSaFMwMW1VblU1cjV5Z1V2UmNhclYvVDNVNw0KVG5NWitJN1k0RGdXUklEZDUxem5oeElCdFlWNWovQy90ODVIanFPa0grOGI2UlRrYmNoYVgzbWF1N2ZwVWZkcw0KRnEwbmhJcTQyZmhFTzhzcmZZWXdnUUtCZ1FDeWhpMU4vOHRhUndwayszL0lERXpRd2piZmR6VWtXV1NEazlYcw0KSC9wa3VSSFdmVE1QM2ZsV3FFWWdXL0xXNDBwZVcySERxNWltZFY4K0FnWnhlL1hNYmFqaTlMZ3dmMVJZMDA1bg0KS3hhWlF6N3lxSHVwV2xMR0Y2OERQSHhrWlZWU2FnRG5WL3N6dFdYNlNGc0NxRlZueElYaWZYR0M0Y1c1Tm05Zw0KdmE4cTRRS0JnUUNFaExWZVVmZHdLdmtaOTRnL0dGejczMVoyaHJkVmhnTVphVS91NnQwVjk1K1llelBOQ1FaQg0Kd21FOU1tbGJxMWVtRGVST2l2akNmb0doUjNrWlhXMXBUS2xMaDZaTVVRVU9wcHRkWHZhOFh4Zm9xUXdhM2VuQQ0KTTdtdUJiRjBYTjdWTzgwaUpQditQbUlaZEVJQWtwd0tmaTIwMVlCK0JhZkNJdUd4SUY1MFZnPT0NCi0tLS0tRU5EIFJTQSBQUklWQVRFIEtFWS0tLS0tDQoNCjwva2V5Pg0KDQo=
vpn767002276,210.194.10.105,842072,29,255648152,Japan,JP,23,204358507,466737,14440540764883,2weeks,DESKTOP-O09GA3O's owner,,IyMjIyMjIyMjIyMjIyMjIyMjIyMjIyMjIyMjIyMjIyMjIyMjIyMjIyMjIyMjIyMjIyMjIyMjIyMjIyMjIyMjIyMjIyMjIyMjIyMjIyMjIw0KIyBPcGVuVlBOIDIuMCBTYW1wbGUgQ29uZmlndXJhdGlvbiBGaWxlDQojIGZvciBQYWNrZXRpWCBWUE4gLyBTb2Z0RXRoZXIgVlBOIFNlcnZlcg0KIyANCiMgISEhIEFVVE8tR0VORVJBVEVEIEJZIFNPRlRFVEhFUiBWUE4gU0VSVkVSIE1BTkFHRU1FTlQgVE9PTCAhISENCiMgDQojICEhISBZT1UgSEFWRSBUTyBSRVZJRVcgSVQgQkVGT1JFIFVTRSBBTkQgTU9ESUZZIElUIEFTIE5FQ0VTU0FSWSAhISENCiMgDQojIFRoaXMgY29uZmlndXJhdGlvbiBmaWxlIGlzIGF1dG8tZ2VuZXJhdGVkLiBZb3UgbWlnaHQgdXNlIHRoaXMgY29uZmlnIGZpbGUNCiMgaW4gb3JkZXIgdG8gY29ubmVjdCB0byB0aGUgUGFja2V0aVggVlBOIC8gU29mdEV0aGVyIFZQTiBTZXJ2ZXIuDQojIEhvd2V2ZXIsIGJlZm9yZSB5b3UgdHJ5IGl0LCB5b3Ugc2hvdWxkIHJldmlldyB0aGUgZGVzY3JpcHRpb25zIG9mIHRoZSBmaWxlDQojIHRvIGRldGVybWluZSB0aGUgbmVjZXNzaXR5IHRvIG1vZGlmeSB0byBzdWl0YWJsZSBmb3IgeW91ciByZWFsIGVudmlyb25tZW50Lg0KIyBJZiBuZWNlc3NhcnksIHlvdSBoYXZlIHRvIG1vZGlmeSBhIGxpdHRsZSBhZGVxdWF0ZWx5IG9uIHRoZSBmaWxlLg0KIyBGb3IgZXhhbXBsZSwgdGhlIElQIGFkZHJlc3Mgb3IgdGhlIGhvc3RuYW1lIGFzIGEgZGVzdGluYXRpb24gVlBOIFNlcnZlcg0KIyBzaG91bGQgYmUgY29uZmlybWVkLg0KIyANCiMgTm90ZSB0aGF0IHRvIHVzZSBPcGVuVlBOIDIuMCwgeW91IGhhdmUgdG8gcHV0IHRoZSBjZXJ0aWZpY2F0aW9uIGZpbGUgb2YNCiMgdGhlIGRlc3RpbmF0aW9uIFZQTiBTZXJ2ZXIgb24gdGhlIE9wZW5WUE4gQ2xpZW50IGNvbXB1dGVyIHdoZW4geW91IHVzZSB0aGlzDQojIGNvbmZpZyBmaWxlLiBQbGVhc2UgcmVmZXIgdGhlIGJlbG93IGRlc2NyaXB0aW9ucyBjYXJlZnVsbHkuDQoNCg0KIyMjIyMjIyMjIyMjIyMjIyMjIyMjIyMjIyMjIyMjIyMjIyMjIyMjIyMjIyMjIyMjIyMjIyMjIyMjIyMjIyMjIyMjIyMjIyMjIyMjIyMjIw0KIyBTcGVjaWZ5IHRoZSB0eXBlIG9mIHRoZSBsYXllciBvZiB0aGUgVlBOIGNvbm5lY3Rpb24uDQojIA0KIyBUbyBjb25uZWN0IHRvIHRoZSBWUE4gU2VydmVyIGFzIGEgIlJlbW90ZS1BY2Nlc3MgVlBOIENsaWVudCBQQyIsDQojICBzcGVjaWZ5ICdkZXYgdHVuJy4gKExheWVyLTMgSVAgUm91dGluZyBNb2RlKQ0KIw0KIyBUbyBjb25uZWN0IHRvIHRoZSBWUE4gU2VydmVyIGFzIGEgYnJpZGdpbmcgZXF1aXBtZW50IG9mICJTaXRlLXRvLVNpdGUgVlBOIiwNCiMgIHNwZWNpZnkgJ2RldiB0YXAnLiAoTGF5ZXItMiBFdGhlcm5ldCBCcmlkZ2luZSBNb2RlKQ0KDQpkZXYgdHVuDQoNCg0KIyMjIyMjIyMjIyMjIyMjIyMjIyMjIyMjIyMjIyMjIyMjIyMjIyMjIyMjIyMjIyMjIyMjIyMjIyMjIyMjIyMjIyMjIyMjIyMjIyMjIyMjIw0KIyBTcGVjaWZ5IHRoZSB1bmRlcmx5aW5nIHByb3RvY29sIGJleW9uZCB0aGUgSW50ZXJuZXQuDQojIE5vdGUgdGhhdCB0aGlzIHNldHRpbmcgbXVzdCBiZSBjb3JyZXNwb25kIHdpdGggdGhlIGxpc3RlbmluZyBzZXR0aW5nIG9uDQojIHRoZSBWUE4gU2VydmVyLg0KIyANCiMgU3BlY2lmeSBlaXRoZXIgJ3Byb3RvIHRjcCcgb3IgJ3Byb3RvIHVkcCcuDQoNCnByb3RvIHRjcA0KDQoNCiMjIyMjIyMjIyMjIyMjIyMjIyMjIyMjIyMjIyMjIyMjIyMjIyMjIyMjIyMjIyMjIyMjIyMjIyMjIyMjIyMjIyMjIyMjIyMjIyMjIyMjIyMNCiMgVGhlIGRlc3RpbmF0aW9uIGhvc3RuYW1lIC8gSVAgYWRkcmVzcywgYW5kIHBvcnQgbnVtYmVyIG9mDQojIHRoZSB0YXJnZXQgVlBOIFNlcnZlci4NCiMgDQojIFlvdSBoYXZlIHRvIHNwZWNpZnkgYXMgJ3JlbW90ZSA8SE9TVE5BTUU+IDxQT1JUPicuIFlvdSBjYW4gYWxzbw0KIyBzcGVjaWZ5IHRoZSBJUCBhZGRyZXNzIGluc3RlYWQgb2YgdGhlIGhvc3RuYW1lLg0KIyANCiMgTm90ZSB0aGF0IHRoZSBhdXRvLWdlbmVyYXRlZCBiZWxvdyBob3N0bmFtZSBhcmUgYSAiYXV0by1kZXRlY3RlZA0KIyBJUCBhZGRyZXNzIiBvZiB0aGUgVlBOIFNlcnZlci4gWW91IGhhdmUgdG8gY29uZmlybSB0aGUgY29ycmVjdG5lc3MNCiMgYmVmb3JlaGFuZC4NCiMgDQojIFdoZW4geW91IHdhbnQgdG8gY29ubmVjdCB0byB0aGUgVlBOIFNlcnZlciBieSB1c2luZyBUQ1AgcHJvdG9jb2wsDQojIHRoZSBwb3J0IG51bWJlciBvZiB0aGUgZGVzdGluYXRpb24gVENQIHBvcnQgc2hvdWxkIGJlIHNhbWUgYXMgb25lIG9mDQojIHRoZSBhdmFpbGFibGUgVENQIGxpc3RlbmVycyBvbiB0aGUgVlBOIFNlcnZlci4NCiMgDQojIFdoZW4geW91IHVzZSBVRFAgcHJvdG9jb2wsIHRoZSBwb3J0IG51bWJlciBtdXN0IHNhbWUgYXMgdGhlIGNvbmZpZ3VyYXRpb24NCiMgc2V0dGluZyBvZiAiT3BlblZQTiBTZXJ2ZXIgQ29tcGF0aWJsZSBGdW5jdGlvbiIgb24gdGhlIFZQTiBTZXJ2ZXIuDQoNCnJlbW90ZSAyMTAuMTk0LjEwLjEwNSAxODM0DQoNCg0KIyMjIyMjIyMjIyMjIyMjIyMjIyMjIyMjIyMjIyMjIyMjIyMjIyMjIyMjIyMjIyMjIyMjIyMjIyMjIyMjIyMjIyMjIyMjIyMjIyMjIyMjIw0KIyBUaGUgSFRUUC9IVFRQUyBwcm94eSBzZXR0aW5nLg0KIyANCiMgT25seSBpZiB5b3UgaGF2ZSB0byB1c2UgdGhlIEludGVybmV0IHZpYSBhIHByb3h5LCB1bmNvbW1lbnQgdGhlIGJlbG93DQojIHR3byBsaW5lcyBhbmQgc3BlY2lmeSB0aGUgcHJveHkgYWRkcmVzcyBhbmQgdGhlIHBvcnQgbnVtYmVyLg0KIyBJbiB0aGUgY2FzZSBvZiB1c2luZyBwcm94eS1hdXRoZW50aWNhdGlvbiwgcmVmZXIgdGhlIE9wZW5WUE4gbWFudWFsLg0KDQo7aHR0cC1wcm94eS1yZXRyeQ0KO2h0dHAtcHJveHkgW3Byb3h5IHNlcnZlcl0gW3Byb3h5IHBvcnRdDQoNCg0KIyMjIyMjIyMjIyMjIyMjIyMjIyMjIyMjIyMjIyMjIyMjIyMjIyMjIyMjIyMjIyMjIyMjIyMjIyMjIyMjIyMjIyMjIyMjIyMjIyMjIyMjIw0KIyBUaGUgZW5jcnlwdGlvbiBhbmQgYXV0aGVudGljYXRpb24gYWxnb3JpdGhtLg0KIyANCiMgRGVmYXVsdCBzZXR0aW5nIGlzIGdvb2QuIE1vZGlmeSBpdCBhcyB5b3UgcHJlZmVyLg0KIyBXaGVuIHlvdSBzcGVjaWZ5IGFuIHVuc3VwcG9ydGVkIGFsZ29yaXRobSwgdGhlIGVycm9yIHdpbGwgb2NjdXIuDQojIA0KIyBUaGUgc3VwcG9ydGVkIGFsZ29yaXRobXMgYXJlIGFzIGZvbGxvd3M6DQojICBjaXBoZXI6IFtOVUxMLUNJUEhFUl0gTlVMTCBBRVMtMTI4LUNCQyBBRVMtMTkyLUNCQyBBRVMtMjU2LUNCQyBCRi1DQkMNCiMgICAgICAgICAgQ0FTVC1DQkMgQ0FTVDUtQ0JDIERFUy1DQkMgREVTLUVERS1DQkMgREVTLUVERTMtQ0JDIERFU1gtQ0JDDQojICAgICAgICAgIFJDMi00MC1DQkMgUkMyLTY0LUNCQyBSQzItQ0JDDQojICBhdXRoOiAgIFNIQSBTSEExIE1ENSBNRDQgUk1EMTYwDQoNCmNpcGhlciBBRVMtMTI4LUNCQw0KYXV0aCBTSEExDQoNCg0KIyMjIyMjIyMjIyMjIyMjIyMjIyMjIyMjIyMjIyMjIyMjIyMjIyMjIyMjIyMjIyMjIyMjIyMjIyMjIyMjIyMjIyMjIyMjIyMjIyMjIyMjIw0KIyBPdGhlciBwYXJhbWV0ZXJzIG5lY2Vzc2FyeSB0byBjb25uZWN0IHRvIHRoZSBWUE4gU2VydmVyLg0KIyANCiMgSXQgaXMgbm90IHJlY29tbWVuZGVkIHRvIG1vZGlmeSBpdCB1bmxlc3MgeW91IGhhdmUgYSBwYXJ0aWN1bGFyIG5lZWQuDQoNCnJlc29sdi1yZXRyeSBpbmZpbml0ZQ0Kbm9iaW5kDQpwZXJzaXN0LWtleQ0KcGVyc2lzdC10dW4NCmNsaWVudA0KdmVyYiAzDQojYXV0aC11c2VyLXBhc3MNCg0KDQojIyMjIyMjIyMjIyMjIyMjIyMjIyMjIyMjIyMjIyMjIyMjIyMjIyMjIyMjIyMjIyMjIyMjIyMjIyMjIyMjIyMjIyMjIyMjIyMjIyMjIyMjDQojIFRoZSBjZXJ0aWZpY2F0ZSBmaWxlIG9mIHRoZSBkZXN0aW5hdGlvbiBWUE4gU2VydmVyLg0KIyANCiMgVGhlIENBIGNlcnRpZmljYXRlIGZpbGUgaXMgZW1iZWRkZWQgaW4gdGhlIGlubGluZSBmb3JtYXQuDQojIFlvdSBjYW4gcmVwbGFjZSB0aGlzIENBIGNvbnRlbnRzIGlmIG5lY2Vzc2FyeS4NCiMgUGxlYXNlIG5vdGUgdGhhdCBpZiB0aGUgc2VydmVyIGNlcnRpZmljYXRlIGlzIG5vdCBhIHNlbGYtc2lnbmVkLCB5b3UgaGF2ZSB0bw0KIyBzcGVjaWZ5IHRoZSBzaWduZXIncyByb290IGNlcnRpZmljYXRlIChDQSkgaGVyZS4NCg0KPGNhPg0KLS0tLS1CRUdJTiBDRVJUSUZJQ0FURS0tLS0tDQpNSUlGYXpDQ0ExT2dBd0lCQWdJUkFJSVF6N0RTUU9OWlJHUGd1Mk9DaXdBd0RRWUpLb1pJaHZjTkFRRUxCUUF3DQpUekVMTUFrR0ExVUVCaE1DVlZNeEtUQW5CZ05WQkFvVElFbHVkR1Z5Ym1WMElGTmxZM1Z5YVhSNUlGSmxjMlZoDQpjbU5vSUVkeWIzVndNUlV3RXdZRFZRUURFd3hKVTFKSElGSnZiM1FnV0RFd0hoY05NVFV3TmpBME1URXdORE00DQpXaGNOTXpVd05qQTBNVEV3TkRNNFdqQlBNUXN3Q1FZRFZRUUdFd0pWVXpFcE1DY0dBMVVFQ2hNZ1NXNTBaWEp1DQpaWFFnVTJWamRYSnBkSGtnVW1WelpXRnlZMmdnUjNKdmRYQXhGVEFUQmdOVkJBTVRERWxUVWtjZ1VtOXZkQ0JZDQpNVENDQWlJd0RRWUpLb1pJaHZjTkFRRUJCUUFEZ2dJUEFEQ0NBZ29DZ2dJQkFLM29KSFAwRkRmem01NHJWeWdjDQpoNzdjdDk4NGtJeHVQT1pYb0hqM2RjS2kvdlZxYnZZQVR5amIzbWlHYkVTVHRyRmovUlFTYTc4ZjB1b3hteUYrDQowVE04dWtqMTNYbmZzN2ovRXZFaG1rdkJpb1p4YVVwbVpteVBmanh3djYwcElnYno1TURtZ0s3aVM0KzNtWDZVDQpBNS9UUjVkOG1VZ2pVK2c0cms4S2I0TXUwVWxYaklCMHR0b3YwRGlOZXdOd0lSdDE4akE4K28rdTNkcGpxK3NXDQpUOEtPRVV0K3p3dm8vN1YzTHZTeWUwcmdUQklsREhDTkF5bWc0Vk1rN0JQWjdobS9FTE5LakQrSm8yRlIzcXlIDQpCNVQwWTNIc0x1SnZXNWlCNFlsY05IbHNkdTg3a0dKNTV0dWttaThteGRBUTRRN2UyUkNPRnZ1Mzk2ajN4K1VDDQpCNWlQTmdpVjUrSTNsZzAyZFo3N0RuS3hIWnU4QS9sSkJkaUIzUVcwS3RaQjZhd0JkcFVLRDlqZjFiMFNIelV2DQpLQmRzMHBqQnFBbGtkMjVITjdyT3JGbGVhSjEvY3RhSnhRWkJLVDVaUHQwbTlTVEpFYWRhbzB4QUgwYWhtYlduDQpPbEZ1aGp1ZWZYS25FZ1Y0V2UwK1VYZ1ZDd09QamRBdkJiSStlMG9jUzNNRkV2ekc2dUJRRTN4RGszU3p5blRuDQpqaDhCQ05BdzFGdHhOclFIdXNFd01GeEl0NEk3bUtaOVlJcWlveW1DekxxOWd3UWJvb01EUWFIV0JmRWJ3cmJ3DQpxSHlHTzBhb1NDcUkzSGFhZHI4ZmFxVTlHWS9yT1BOazNzZ3JEUW9vLy9mYjRoVkMxQ0xRSjEzaGVmNFk1M0NJDQpyVTdtMllzNnh0MG5VVzcvdkdUMU0wTlBBZ01CQUFHalFqQkFNQTRHQTFVZER3RUIvd1FFQXdJQkJqQVBCZ05WDQpIUk1CQWY4RUJUQURBUUgvTUIwR0ExVWREZ1FXQkJSNXRGbm1lN2JsNUFGemdBaUl5QnBZOXVtYmJqQU5CZ2txDQpoa2lHOXcwQkFRc0ZBQU9DQWdFQVZSOVlxYnl5cUZEUURMSFlHbWtnSnlrSXJHRjFYSXB1K0lMbGFTL1Y5bFpMDQp1Ymh6RUZuVElaZCs1MHh4KzdMU1lLMDVxQXZxRnlGV2hmRlFEbG5yenVCWjZickpGZStHblkrRWdQYms2WkdRDQozQmViWWh0RjhHYVYwbnh2d3VvNzd4L1B5OWF1Si9HcHNNaXUvWDErbXZvaUJPdi8yWC9xa1NzaXNSY09qL0tLDQpORnRZMlB3QnlWUzV1Q2JNaW9nemlVd3RoRHlDMys2V1Z3VzZMTHYzeExmSFRqdUN2akhJSW5Oemt0SENnS1E1DQpPUkF6STRKTVBKK0dzbFdZSGI0cGhvd2ltNTdpYXp0WE9vSndUZHdKeDRuTENnZE5iT2hkanNudnpxdkh1N1VyDQpUa1hXU3RBbXpPVnl5Z2hxcFpYakZhSDNwTzNKTEYrbCsvK3NLQUl1dnRkN3UrTnhlNUFXMHdkZVJsTjhOd2RDDQpqTlBFbHB6Vm1iVXE0SlVhZ0VpdVREa0h6c3hIcEZLVks3cTQrNjNTTTFOOTVSMU5iZFdoc2NkQ2IrWkFKelZjDQpveWkzQjQzbmpUT1E1eU9mKzFDY2VXeEcxYlFWczVadWZwc01sanE0VWkwLzFsdmgrd2pDaFA0a3FLT0oycXhxDQo0Umdxc2FoRFlWdlRIOXc3alhieUxlaU5kZDhYTTJ3OVUvdDd5MEZmLzl5aTBHRTQ0WmE0ckYyTE45ZDExVFBBDQptUkd1blVIQmNuV0V2Z0pCUWw5bkpFaVUwWnNudmdjL3ViaFBnWFJSNFhxMzdaMGo0cjdnMVNnRUV6d3hBNTdkDQplbXlQeGdjWXhuL2VSNDQvS0o0RUJzK2xWRFIzdmV5Sm0ra1hROTliMjEvK2poNVhvczFBblg1aUl0cmVHQ2M9DQotLS0tLUVORCBDRVJUSUZJQ0FURS0tLS0tDQoNCjwvY2E+DQoNCg0KIyMjIyMjIyMjIyMjIyMjIyMjIyMjIyMjIyMjIyMjIyMjIyMjIyMjIyMjIyMjIyMjIyMjIyMjIyMjIyMjIyMjIyMjIyMjIyMjIyMjIyMjIw0KIyBUaGUgY2xpZW50IGNlcnRpZmljYXRlIGZpbGUgKGR1bW15KS4NCiMgDQojIEluIHNvbWUgaW1wbGVtZW50YXRpb25zIG9mIE9wZW5WUE4gQ2xpZW50IHNvZnR3YXJlDQojIChmb3IgZXhhbXBsZTogT3BlblZQTiBDbGllbnQgZm9yIGlPUyksDQojIGEgcGFpciBvZiBjbGllbnQgY2VydGlmaWNhdGUgYW5kIHByaXZhdGUga2V5IG11c3QgYmUgaW5jbHVkZWQgb24gdGhlDQojIGNvbmZpZ3VyYXRpb24gZmlsZSBkdWUgdG8gdGhlIGxpbWl0YXRpb24gb2YgdGhlIGNsaWVudC4NCiMgU28gdGhpcyBzYW1wbGUgY29uZmlndXJhdGlvbiBmaWxlIGhhcyBhIGR1bW15IHBhaXIgb2YgY2xpZW50IGNlcnRpZmljYXRlDQojIGFuZCBwcml2YXRlIGtleSBhcyBmb2xsb3dzLg0KDQo8Y2VydD4NCi0tLS0tQkVHSU4gQ0VSVElGSUNBVEUtLS0tLQ0KTUlJQ3hqQ0NBYTRDQVFBd0RRWUpLb1pJaHZjTkFRRUZCUUF3S1RFYU1CZ0dBMVVFQXhNUlZsQk9SMkYwWlVOcw0KYVdWdWRFTmxjblF4Q3pBSkJnTlZCQVlUQWtwUU1CNFhEVEV6TURJeE1UQXpORGswT1ZvWERUTTNNREV4T1RBeg0KTVRRd04xb3dLVEVhTUJnR0ExVUVBeE1SVmxCT1IyRjBaVU5zYVdWdWRFTmxjblF4Q3pBSkJnTlZCQVlUQWtwUQ0KTUlJQklqQU5CZ2txaGtpRzl3MEJBUUVGQUFPQ0FROEFNSUlCQ2dLQ0FRRUE1aDJsZ1FRWVVqd29LWUpielZaQQ0KNVZjSUdkNW90UGMvcVpSTXQwS0l0Q0ZBMHM5UndSZU5WYTlmRFJGTFJCaGNJVE9sdjNGQmNXM0U4aDFVczdSRA0KNFc4R21KZTh6YXBKbkxzRDM5T1NNUkN6WkpuY3pXNE9DSDFQWlJaV0txRHRqbE5jYTlBRjhhNjVqVG1sRHhDUQ0KQ2pudExJV2s1T0xMVmtGdDkvdFNjYzFHRHRjaTU1b2ZoYU5BWU1QaUg3VjgrMWc2NnBHSFhBb1dLNkFRVkg2Nw0KWENLSm5HQjVubFErSHNNWVBWL080OUxkOTFaTi8ydEhrY2FMTHlOdHl3eFZQUlNzUmg0ODBqanUwZmNDc3Y2aA0KcC8weVhuVEIvL21XdXRCR3BkVWxJYndpSVRiQW1yc2JZbmppZ1J2blBxWDFSTkpVYmk5RnA2QzJjL0hJRkpHRA0KeXdJREFRQUJNQTBHQ1NxR1NJYjNEUUVCQlFVQUE0SUJBUUNoTzVoZ2N3LzRvV2ZvRUZMdTlrQmExQi8va3hIOA0KaFFrQ2hWTm44QlJDN1kwVVJRaXRQbDNES0VlZDlVUkJEZGcyS09Bejc3YmI2RU5QaWxpRCthMzhVSkhJUk1xZQ0KVUJIaGxsT0hJenZEaEhGYmFvdkFMQlFjZWVCemRrUXhzS1FFU0ttUW1SODMyOTUwVUNvdm95UkI2MVV5QVY3aA0KK21aaFlQR1JLWEtTSkk2czBFZ2cvQ3JpK0N3azRiakpmcmI1aFZzZTExeWg0RDlNSGh3U2ZDT0grMHo0aFBVVA0KRmt1N2RHYXZVUk81U1Z4TW4vc0w2RW41RCtvU2VYa2FkSHBEcytBaXJ5bTJZSGgxNWgwK2pQU09vUjZ5aVZwLw0KNnpaZVprck40M2t1UzczS3BLREZqZkZQaDh0NHIxZ09JanR0a05jUXFCY2N1c25wbFE3SEpwc2sNCi0tLS0tRU5EIENFUlRJRklDQVRFLS0tLS0NCg0KPC9jZXJ0Pg0KDQo8a2V5Pg0KLS0tLS1CRUdJTiBSU0EgUFJJVkFURSBLRVktLS0tLQ0KTUlJRXBBSUJBQUtDQVFFQTVoMmxnUVFZVWp3b0tZSmJ6VlpBNVZjSUdkNW90UGMvcVpSTXQwS0l0Q0ZBMHM5Ug0Kd1JlTlZhOWZEUkZMUkJoY0lUT2x2M0ZCY1czRThoMVVzN1JENFc4R21KZTh6YXBKbkxzRDM5T1NNUkN6WkpuYw0Kelc0T0NIMVBaUlpXS3FEdGpsTmNhOUFGOGE2NWpUbWxEeENRQ2pudExJV2s1T0xMVmtGdDkvdFNjYzFHRHRjaQ0KNTVvZmhhTkFZTVBpSDdWOCsxZzY2cEdIWEFvV0s2QVFWSDY3WENLSm5HQjVubFErSHNNWVBWL080OUxkOTFaTg0KLzJ0SGtjYUxMeU50eXd4VlBSU3NSaDQ4MGpqdTBmY0NzdjZocC8weVhuVEIvL21XdXRCR3BkVWxJYndpSVRiQQ0KbXJzYlluamlnUnZuUHFYMVJOSlViaTlGcDZDMmMvSElGSkdEeXdJREFRQUJBb0lCQUVSVjdYNUF2eEE4dVJpSw0KazhTSXBzRDBkWDFwSk9NSXdha1VWeXZjNEVmTjBEaEtSTmI0cllvU2lFR1RMeXpMcHlCYy9BMjhEbGttNWVPWQ0KZmp6WGZZa0d0WWkvRnR4a2czTzl2Y3JNUTQrNmkrdUdIYUlMMnJMK3M0TXJmTzh2MXh2NitXa3kzM0VFR0NvdQ0KUWl3VkdSRlFYblJvUTYyTkJDRmJVTkxobVh3ZGoxYWtaekxVNHA1UjR6QTNRaGR4d0VJYXRWTHQwKzdvd0xRMw0KbFA4c2ZYaHBwUE9YalRxTUQ0UWtZd3pQQWE4L3pGN2FjbjRrcnlyVVA3UTZQQWZkMHpFVnFOeTlaQ1o5ZmZobw0KelhlZEZqNDg2SUZvYzVnblRwMk42anNuVmo0TENHSWhsVkhsWUdvektLRnFKY1FWR3NIQ3FxMW96MnpqVzZMUw0Kb1JZSUhnRUNnWUVBOHpacmtDd05ZU1hKdU9ESjNtL2hPTFZ4Y3hnSnV3WG9pRXJXZDBFNDJ2UGFuampWTWhudA0KS1k1bDhxR01KNkZoSzlMWXgycUNyZi9FMFh0VUFaMndWcTNPUlR5R25zTVdyZTl0TFlzNTVYK1pOMTBUYzc1eg0KNGhhY2JVMGhxS04xSGlEbXNNUlkzLzJOYVpIb3k3TUtud0pKQmFHNDhsOUNDVGxWd01Ib2NJRUNnWUVBOGpieQ0KZEdqeFRIKzZYSFdOaXpiNVNSYlp4QW55RWVKZVJ3VE1oMGdHendHUHBIL3NaWUd6eXUwU3lTWFdDblpoM1JncQ0KNXVMbE54dHJYcmxqWmx5aTJuUWRRZ3NxMllyV1VzMCt6Z1UrMjJ1UXNacFNBZnRtaFZydHZldDZNalZqYkJ5WQ0KREFEY2lFVlVkSllJWGsrcW5GVUp5ZXJvTElrVGo3V1lLWjZSamtzQ2dZQm9DRkl3UkRlZzQyb0s4OVJGbW5Pcg0KTHltTkFxNCsyb01oc1dsVmI0ZWpXSVdlQWs5bmMrR1hVZnJYc3pSaFMwMW1VblU1cjV5Z1V2UmNhclYvVDNVNw0KVG5NWitJN1k0RGdXUklEZDUxem5oeElCdFlWNWovQy90ODVIanFPa0grOGI2UlRrYmNoYVgzbWF1N2ZwVWZkcw0KRnEwbmhJcTQyZmhFTzhzcmZZWXdnUUtCZ1FDeWhpMU4vOHRhUndwayszL0lERXpRd2piZmR6VWtXV1NEazlYcw0KSC9wa3VSSFdmVE1QM2ZsV3FFWWdXL0xXNDBwZVcySERxNWltZFY4K0FnWnhlL1hNYmFqaTlMZ3dmMVJZMDA1bg0KS3hhWlF6N3lxSHVwV2xMR0Y2OERQSHhrWlZWU2FnRG5WL3N6dFdYNlNGc0NxRlZueElYaWZYR0M0Y1c1Tm05Zw0KdmE4cTRRS0JnUUNFaExWZVVmZHdLdmtaOTRnL0dGejczMVoyaHJkVmhnTVphVS91NnQwVjk1K1llelBOQ1FaQg0Kd21FOU1tbGJxMWVtRGVST2l2akNmb0doUjNrWlhXMXBUS2xMaDZaTVVRVU9wcHRkWHZhOFh4Zm9xUXdhM2VuQQ0KTTdtdUJiRjBYTjdWTzgwaUpQditQbUlaZEVJQWtwd0tmaTIwMVlCK0JhZkNJdUd4SUY1MFZnPT0NCi0tLS0tRU5EIFJTQSBQUklWQVRFIEtFWS0tLS0tDQoNCjwva2V5Pg0KDQo=
vpn133952495,14.38.130.35,838187,33,454997137,Korea Republic of,KR,21,227232507,13908,3284085205126,2weeks,CW's owner,,IyMjIyMjIyMjIyMjIyMjIyMjIyMjIyMjIyMjIyMjIyMjIyMjIyMjIyMjIyMjIyMjIyMjIyMjIyMjIyMjIyMjIyMjIyMjIyMjIyMjIyMjIw0KIyBPcGVuVlBOIDIuMCBTYW1wbGUgQ29uZmlndXJhdGlvbiBGaWxlDQojIGZvciBQYWNrZXRpWCBWUE4gLyBTb2Z0RXRoZXIgVlBOIFNlcnZlcg0KIyANCiMgISEhIEFVVE8tR0VORVJBVEVEIEJZIFNPRlRFVEhFUiBWUE4gU0VSVkVSIE1BTkFHRU1FTlQgVE9PTCAhISENCiMgDQojICEhISBZT1UgSEFWRSBUTyBSRVZJRVcgSVQgQkVGT1JFIFVTRSBBTkQgTU9ESUZZIElUIEFTIE5FQ0VTU0FSWSAhISENCiMgDQojIFRoaXMgY29uZmlndXJhdGlvbiBmaWxlIGlzIGF1dG8tZ2VuZXJhdGVkLiBZb3UgbWlnaHQgdXNlIHRoaXMgY29uZmlnIGZpbGUNCiMgaW4gb3JkZXIgdG8gY29ubmVjdCB0byB0aGUgUGFja2V0aVggVlBOIC8gU29mdEV0aGVyIFZQTiBTZXJ2ZXIuDQojIEhvd2V2ZXIsIGJlZm9yZSB5b3UgdHJ5IGl0LCB5b3Ugc2hvdWxkIHJldmlldyB0aGUgZGVzY3JpcHRpb25zIG9mIHRoZSBmaWxlDQojIHRvIGRldGVybWluZSB0aGUgbmVjZXNzaXR5IHRvIG1vZGlmeSB0byBzdWl0YWJsZSBmb3IgeW91ciByZWFsIGVudmlyb25tZW50Lg0KIyBJZiBuZWNlc3NhcnksIHlvdSBoYXZlIHRvIG1vZGlmeSBhIGxpdHRsZSBhZGVxdWF0ZWx5IG9uIHRoZSBmaWxlLg0KIyBGb3IgZXhhbXBsZSwgdGhlIElQIGFkZHJlc3Mgb3IgdGhlIGhvc3RuYW1lIGFzIGEgZGVzdGluYXRpb24gVlBOIFNlcnZlcg0KIyBzaG91bGQgYmUgY29uZmlybWVkLg0KIyANCiMgTm90ZSB0aGF0IHRvIHVzZSBPcGVuVlBOIDIuMCwgeW91IGhhdmUgdG8gcHV0IHRoZSBjZXJ0aWZpY2F0aW9uIGZpbGUgb2YNCiMgdGhlIGRlc3RpbmF0aW9uIFZQTiBTZXJ2ZXIgb24gdGhlIE9wZW5WUE4gQ2xpZW50IGNvbXB1dGVyIHdoZW4geW91IHVzZSB0aGlzDQojIGNvbmZpZyBmaWxlLiBQbGVhc2UgcmVmZXIgdGhlIGJlbG93IGRlc2NyaXB0aW9ucyBjYXJlZnVsbHkuDQoNCg0KIyMjIyMjIyMjIyMjIyMjIyMjIyMjIyMjIyMjIyMjIyMjIyMjIyMjIyMjIyMjIyMjIyMjIyMjIyMjIyMjIyMjIyMjIyMjIyMjIyMjIyMjIw0KIyBTcGVjaWZ5IHRoZSB0eXBlIG9mIHRoZSBsYXllciBvZiB0aGUgVlBOIGNvbm5lY3Rpb24uDQojIA0KIyBUbyBjb25uZWN0IHRvIHRoZSBWUE4gU2VydmVyIGFzIGEgIlJlbW90ZS1BY2Nlc3MgVlBOIENsaWVudCBQQyIsDQojICBzcGVjaWZ5ICdkZXYgdHVuJy4gKExheWVyLTMgSVAgUm91dGluZyBNb2RlKQ0KIw0KIyBUbyBjb25uZWN0IHRvIHRoZSBWUE4gU2VydmVyIGFzIGEgYnJpZGdpbmcgZXF1aXBtZW50IG9mICJTaXRlLXRvLVNpdGUgVlBOIiwNCiMgIHNwZWNpZnkgJ2RldiB0YXAnLiAoTGF5ZXItMiBFdGhlcm5ldCBCcmlkZ2luZSBNb2RlKQ0KDQpkZXYgdHVuDQoNCg0KIyMjIyMjIyMjIyMjIyMjIyMjIyMjIyMjIyMjIyMjIyMjIyMjIyMjIyMjIyMjIyMjIyMjIyMjIyMjIyMjIyMjIyMjIyMjIyMjIyMjIyMjIw0KIyBTcGVjaWZ5IHRoZSB1bmRlcmx5aW5nIHByb3RvY29sIGJleW9uZCB0aGUgSW50ZXJuZXQuDQojIE5vdGUgdGhhdCB0aGlzIHNldHRpbmcgbXVzdCBiZSBjb3JyZXNwb25kIHdpdGggdGhlIGxpc3RlbmluZyBzZXR0aW5nIG9uDQojIHRoZSBWUE4gU2VydmVyLg0KIyANCiMgU3BlY2lmeSBlaXRoZXIgJ3Byb3RvIHRjcCcgb3IgJ3Byb3RvIHVkcCcuDQoNCnByb3RvIHRjcA0KDQoNCiMjIyMjIyMjIyMjIyMjIyMjIyMjIyMjIyMjIyMjIyMjIyMjIyMjIyMjIyMjIyMjIyMjIyMjIyMjIyMjIyMjIyMjIyMjIyMjIyMjIyMjIyMNCiMgVGhlIGRlc3RpbmF0aW9uIGhvc3RuYW1lIC8gSVAgYWRkcmVzcywgYW5kIHBvcnQgbnVtYmVyIG9mDQojIHRoZSB0YXJnZXQgVlBOIFNlcnZlci4NCiMgDQojIFlvdSBoYXZlIHRvIHNwZWNpZnkgYXMgJ3JlbW90ZSA8SE9TVE5BTUU+IDxQT1JUPicuIFlvdSBjYW4gYWxzbw0KIyBzcGVjaWZ5IHRoZSBJUCBhZGRyZXNzIGluc3RlYWQgb2YgdGhlIGhvc3RuYW1lLg0KIyANCiMgTm90ZSB0aGF0IHRoZSBhdXRvLWdlbmVyYXRlZCBiZWxvdyBob3N0bmFtZSBhcmUgYSAiYXV0by1kZXRlY3RlZA0KIyBJUCBhZGRyZXNzIiBvZiB0aGUgVlBOIFNlcnZlci4gWW91IGhhdmUgdG8gY29uZmlybSB0aGUgY29ycmVjdG5lc3MNCiMgYmVmb3JlaGFuZC4NCiMgDQojIFdoZW4geW91IHdhbnQgdG8gY29ubmVjdCB0byB0aGUgVlBOIFNlcnZlciBieSB1c2luZyBUQ1AgcHJvdG9jb2wsDQojIHRoZSBwb3J0IG51bWJlciBvZiB0aGUgZGVzdGluYXRpb24gVENQIHBvcnQgc2hvdWxkIGJlIHNhbWUgYXMgb25lIG9mDQojIHRoZSBhdmFpbGFibGUgVENQIGxpc3RlbmVycyBvbiB0aGUgVlBOIFNlcnZlci4NCiMgDQojIFdoZW4geW91IHVzZSBVRFAgcHJvdG9jb2wsIHRoZSBwb3J0IG51bWJlciBtdXN0IHNhbWUgYXMgdGhlIGNvbmZpZ3VyYXRpb24NCiMgc2V0dGluZyBvZiAiT3BlblZQTiBTZXJ2ZXIgQ29tcGF0aWJsZSBGdW5jdGlvbiIgb24gdGhlIFZQTiBTZXJ2ZXIuDQoNCnJlbW90ZSAxNC4zOC4xMzAuMzUgOTk1DQoNCg0KIyMjIyMjIyMjIyMjIyMjIyMjIyMjIyMjIyMjIyMjIyMjIyMjIyMjIyMjIyMjIyMjIyMjIyMjIyMjIyMjIyMjIyMjIyMjIyMjIyMjIyMjIw0KIyBUaGUgSFRUUC9IVFRQUyBwcm94eSBzZXR0aW5nLg0KIyANCiMgT25seSBpZiB5b3UgaGF2ZSB0byB1c2UgdGhlIEludGVybmV0IHZpYSBhIHByb3h5LCB1bmNvbW1lbnQgdGhlIGJlbG93DQojIHR3byBsaW5lcyBhbmQgc3BlY2lmeSB0aGUgcHJveHkgYWRkcmVzcyBhbmQgdGhlIHBvcnQgbnVtYmVyLg0KIyBJbiB0aGUgY2FzZSBvZiB1c2luZyBwcm94eS1hdXRoZW50aWNhdGlvbiwgcmVmZXIgdGhlIE9wZW5WUE4gbWFudWFsLg0KDQo7aHR0cC1wcm94eS1yZXRyeQ0KO2h0dHAtcHJveHkgW3Byb3h5IHNlcnZlcl0gW3Byb3h5IHBvcnRdDQoNCg0KIyMjIyMjIyMjIyMjIyMjIyMjIyMjIyMjIyMjIyMjIyMjIyMjIyMjIyMjIyMjIyMjIyMjIyMjIyMjIyMjIyMjIyMjIyMjIyMjIyMjIyMjIw0KIyBUaGUgZW5jcnlwdGlvbiBhbmQgYXV0aGVudGljYXRpb24gYWxnb3JpdGhtLg0KIyANCiMgRGVmYXVsdCBzZXR0aW5nIGlzIGdvb2QuIE1vZGlmeSBpdCBhcyB5b3UgcHJlZmVyLg0KIyBXaGVuIHlvdSBzcGVjaWZ5IGFuIHVuc3VwcG9ydGVkIGFsZ29yaXRobSwgdGhlIGVycm9yIHdpbGwgb2NjdXIuDQojIA0KIyBUaGUgc3VwcG9ydGVkIGFsZ29yaXRobXMgYXJlIGFzIGZvbGxvd3M6DQojICBjaXBoZXI6IFtOVUxMLUNJUEhFUl0gTlVMTCBBRVMtMTI4LUNCQyBBRVMtMTkyLUNCQyBBRVMtMjU2LUNCQyBCRi1DQkMNCiMgICAgICAgICAgQ0FTVC1DQkMgQ0FTVDUtQ0JDIERFUy1DQkMgREVTLUVERS1DQkMgREVTLUVERTMtQ0JDIERFU1gtQ0JDDQojICAgICAgICAgIFJDMi00MC1DQkMgUkMyLTY0LUNCQyBSQzItQ0JDDQojICBhdXRoOiAgIFNIQSBTSEExIE1ENSBNRDQgUk1EMTYwDQoNCmNpcGhlciBBRVMtMTI4LUNCQw0KYXV0aCBTSEExDQoNCg0KIyMjIyMjIyMjIyMjIyMjIyMjIyMjIyMjIyMjIyMjIyMjIyMjIyMjIyMjIyMjIyMjIyMjIyMjIyMjIyMjIyMjIyMjIyMjIyMjIyMjIyMjIw0KIyBPdGhlciBwYXJhbWV0ZXJzIG5lY2Vzc2FyeSB0byBjb25uZWN0IHRvIHRoZSBWUE4gU2VydmVyLg0KIyANCiMgSXQgaXMgbm90IHJlY29tbWVuZGVkIHRvIG1vZGlmeSBpdCB1bmxlc3MgeW91IGhhdmUgYSBwYXJ0aWN1bGFyIG5lZWQuDQoNCnJlc29sdi1yZXRyeSBpbmZpbml0ZQ0Kbm9iaW5kDQpwZXJzaXN0LWtleQ0KcGVyc2lzdC10dW4NCmNsaWVudA0KdmVyYiAzDQojYXV0aC11c2VyLXBhc3MNCg0KDQojIyMjIyMjIyMjIyMjIyMjIyMjIyMjIyMjIyMjIyMjIyMjIyMjIyMjIyMjIyMjIyMjIyMjIyMjIyMjIyMjIyMjIyMjIyMjIyMjIyMjIyMjDQojIFRoZSBjZXJ0aWZpY2F0ZSBmaWxlIG9mIHRoZSBkZXN0aW5hdGlvbiBWUE4gU2VydmVyLg0KIyANCiMgVGhlIENBIGNlcnRpZmljYXRlIGZpbGUgaXMgZW1iZWRkZWQgaW4gdGhlIGlubGluZSBmb3JtYXQuDQojIFlvdSBjYW4gcmVwbGFjZSB0aGlzIENBIGNvbnRlbnRzIGlmIG5lY2Vzc2FyeS4NCiMgUGxlYXNlIG5vdGUgdGhhdCBpZiB0aGUgc2VydmVyIGNlcnRpZmljYXRlIGlzIG5vdCBhIHNlbGYtc2lnbmVkLCB5b3UgaGF2ZSB0bw0KIyBzcGVjaWZ5IHRoZSBzaWduZXIncyByb290IGNlcnRpZmljYXRlIChDQSkgaGVyZS4NCg0KPGNhPg0KLS0tLS1CRUdJTiBDRVJUSUZJQ0FURS0tLS0tDQpNSUlGYXpDQ0ExT2dBd0lCQWdJUkFJSVF6N0RTUU9OWlJHUGd1Mk9DaXdBd0RRWUpLb1pJaHZjTkFRRUxCUUF3DQpUekVMTUFrR0ExVUVCaE1DVlZNeEtUQW5CZ05WQkFvVElFbHVkR1Z5Ym1WMElGTmxZM1Z5YVhSNUlGSmxjMlZoDQpjbU5vSUVkeWIzVndNUlV3RXdZRFZRUURFd3hKVTFKSElGSnZiM1FnV0RFd0hoY05NVFV3TmpBME1URXdORE00DQpXaGNOTXpVd05qQTBNVEV3TkRNNFdqQlBNUXN3Q1FZRFZRUUdFd0pWVXpFcE1DY0dBMVVFQ2hNZ1NXNTBaWEp1DQpaWFFnVTJWamRYSnBkSGtnVW1WelpXRnlZMmdnUjNKdmRYQXhGVEFUQmdOVkJBTVRERWxUVWtjZ1VtOXZkQ0JZDQpNVENDQWlJd0RRWUpLb1pJaHZjTkFRRUJCUUFEZ2dJUEFEQ0NBZ29DZ2dJQkFLM29KSFAwRkRmem01NHJWeWdjDQpoNzdjdDk4NGtJeHVQT1pYb0hqM2RjS2kvdlZxYnZZQVR5amIzbWlHYkVTVHRyRmovUlFTYTc4ZjB1b3hteUYrDQowVE04dWtqMTNYbmZzN2ovRXZFaG1rdkJpb1p4YVVwbVpteVBmanh3djYwcElnYno1TURtZ0s3aVM0KzNtWDZVDQpBNS9UUjVkOG1VZ2pVK2c0cms4S2I0TXUwVWxYaklCMHR0b3YwRGlOZXdOd0lSdDE4akE4K28rdTNkcGpxK3NXDQpUOEtPRVV0K3p3dm8vN1YzTHZTeWUwcmdUQklsREhDTkF5bWc0Vk1rN0JQWjdobS9FTE5LakQrSm8yRlIzcXlIDQpCNVQwWTNIc0x1SnZXNWlCNFlsY05IbHNkdTg3a0dKNTV0dWttaThteGRBUTRRN2UyUkNPRnZ1Mzk2ajN4K1VDDQpCNWlQTmdpVjUrSTNsZzAyZFo3N0RuS3hIWnU4QS9sSkJkaUIzUVcwS3RaQjZhd0JkcFVLRDlqZjFiMFNIelV2DQpLQmRzMHBqQnFBbGtkMjVITjdyT3JGbGVhSjEvY3RhSnhRWkJLVDVaUHQwbTlTVEpFYWRhbzB4QUgwYWhtYlduDQpPbEZ1aGp1ZWZYS25FZ1Y0V2UwK1VYZ1ZDd09QamRBdkJiSStlMG9jUzNNRkV2ekc2dUJRRTN4RGszU3p5blRuDQpqaDhCQ05BdzFGdHhOclFIdXNFd01GeEl0NEk3bUtaOVlJcWlveW1DekxxOWd3UWJvb01EUWFIV0JmRWJ3cmJ3DQpxSHlHTzBhb1NDcUkzSGFhZHI4ZmFxVTlHWS9yT1BOazNzZ3JEUW9vLy9mYjRoVkMxQ0xRSjEzaGVmNFk1M0NJDQpyVTdtMllzNnh0MG5VVzcvdkdUMU0wTlBBZ01CQUFHalFqQkFNQTRHQTFVZER3RUIvd1FFQXdJQkJqQVBCZ05WDQpIUk1CQWY4RUJUQURBUUgvTUIwR0ExVWREZ1FXQkJSNXRGbm1lN2JsNUFGemdBaUl5QnBZOXVtYmJqQU5CZ2txDQpoa2lHOXcwQkFRc0ZBQU9DQWdFQVZSOVlxYnl5cUZEUURMSFlHbWtnSnlrSXJHRjFYSXB1K0lMbGFTL1Y5bFpMDQp1Ymh6RUZuVElaZCs1MHh4KzdMU1lLMDVxQXZxRnlGV2hmRlFEbG5yenVCWjZickpGZStHblkrRWdQYms2WkdRDQozQmViWWh0RjhHYVYwbnh2d3VvNzd4L1B5OWF1Si9HcHNNaXUvWDErbXZvaUJPdi8yWC9xa1NzaXNSY09qL0tLDQpORnRZMlB3QnlWUzV1Q2JNaW9nemlVd3RoRHlDMys2V1Z3VzZMTHYzeExmSFRqdUN2akhJSW5Oemt0SENnS1E1DQpPUkF6STRKTVBKK0dzbFdZSGI0cGhvd2ltNTdpYXp0WE9vSndUZHdKeDRuTENnZE5iT2hkanNudnpxdkh1N1VyDQpUa1hXU3RBbXpPVnl5Z2hxcFpYakZhSDNwTzNKTEYrbCsvK3NLQUl1dnRkN3UrTnhlNUFXMHdkZVJsTjhOd2RDDQpqTlBFbHB6Vm1iVXE0SlVhZ0VpdVREa0h6c3hIcEZLVks3cTQrNjNTTTFOOTVSMU5iZFdoc2NkQ2IrWkFKelZjDQpveWkzQjQzbmpUT1E1eU9mKzFDY2VXeEcxYlFWczVadWZwc01sanE0VWkwLzFsdmgrd2pDaFA0a3FLT0oycXhxDQo0Umdxc2FoRFlWdlRIOXc3alhieUxlaU5kZDhYTTJ3OVUvdDd5MEZmLzl5aTBHRTQ0WmE0ckYyTE45ZDExVFBBDQptUkd1blVIQmNuV0V2Z0pCUWw5bkpFaVUwWnNudmdjL3ViaFBnWFJSNFhxMzdaMGo0cjdnMVNnRUV6d3hBNTdkDQplbXlQeGdjWXhuL2VSNDQvS0o0RUJzK2xWRFIzdmV5Sm0ra1hROTliMjEvK2poNVhvczFBblg1aUl0cmVHQ2M9DQotLS0tLUVORCBDRVJUSUZJQ0FURS0tLS0tDQoNCjwvY2E+DQoNCg0KIyMjIyMjIyMjIyMjIyMjIyMjIyMjIyMjIyMjIyMjIyMjIyMjIyMjIyMjIyMjIyMjIyMjIyMjIyMjIyMjIyMjIyMjIyMjIyMjIyMjIyMjIw0KIyBUaGUgY2xpZW50IGNlcnRpZmljYXRlIGZpbGUgKGR1bW15KS4NCiMgDQojIEluIHNvbWUgaW1wbGVtZW50YXRpb25zIG9mIE9wZW5WUE4gQ2xpZW50IHNvZnR3YXJlDQojIChmb3IgZXhhbXBsZTogT3BlblZQTiBDbGllbnQgZm9yIGlPUyksDQojIGEgcGFpciBvZiBjbGllbnQgY2VydGlmaWNhdGUgYW5kIHByaXZhdGUga2V5IG11c3QgYmUgaW5jbHVkZWQgb24gdGhlDQojIGNvbmZpZ3VyYXRpb24gZmlsZSBkdWUgdG8gdGhlIGxpbWl0YXRpb24gb2YgdGhlIGNsaWVudC4NCiMgU28gdGhpcyBzYW1wbGUgY29uZmlndXJhdGlvbiBmaWxlIGhhcyBhIGR1bW15IHBhaXIgb2YgY2xpZW50IGNlcnRpZmljYXRlDQojIGFuZCBwcml2YXRlIGtleSBhcyBmb2xsb3dzLg0KDQo8Y2VydD4NCi0tLS0tQkVHSU4gQ0VSVElGSUNBVEUtLS0tLQ0KTUlJQ3hqQ0NBYTRDQVFBd0RRWUpLb1pJaHZjTkFRRUZCUUF3S1RFYU1CZ0dBMVVFQXhNUlZsQk9SMkYwWlVOcw0KYVdWdWRFTmxjblF4Q3pBSkJnTlZCQVlUQWtwUU1CNFhEVEV6TURJeE1UQXpORGswT1ZvWERUTTNNREV4T1RBeg0KTVRRd04xb3dLVEVhTUJnR0ExVUVBeE1SVmxCT1IyRjBaVU5zYVdWdWRFTmxjblF4Q3pBSkJnTlZCQVlUQWtwUQ0KTUlJQklqQU5CZ2txaGtpRzl3MEJBUUVGQUFPQ0FROEFNSUlCQ2dLQ0FRRUE1aDJsZ1FRWVVqd29LWUpielZaQQ0KNVZjSUdkNW90UGMvcVpSTXQwS0l0Q0ZBMHM5UndSZU5WYTlmRFJGTFJCaGNJVE9sdjNGQmNXM0U4aDFVczdSRA0KNFc4R21KZTh6YXBKbkxzRDM5T1NNUkN6WkpuY3pXNE9DSDFQWlJaV0txRHRqbE5jYTlBRjhhNjVqVG1sRHhDUQ0KQ2pudExJV2s1T0xMVmtGdDkvdFNjYzFHRHRjaTU1b2ZoYU5BWU1QaUg3VjgrMWc2NnBHSFhBb1dLNkFRVkg2Nw0KWENLSm5HQjVubFErSHNNWVBWL080OUxkOTFaTi8ydEhrY2FMTHlOdHl3eFZQUlNzUmg0ODBqanUwZmNDc3Y2aA0KcC8weVhuVEIvL21XdXRCR3BkVWxJYndpSVRiQW1yc2JZbmppZ1J2blBxWDFSTkpVYmk5RnA2QzJjL0hJRkpHRA0KeXdJREFRQUJNQTBHQ1NxR1NJYjNEUUVCQlFVQUE0SUJBUUNoTzVoZ2N3LzRvV2ZvRUZMdTlrQmExQi8va3hIOA0KaFFrQ2hWTm44QlJDN1kwVVJRaXRQbDNES0VlZDlVUkJEZGcyS09Bejc3YmI2RU5QaWxpRCthMzhVSkhJUk1xZQ0KVUJIaGxsT0hJenZEaEhGYmFvdkFMQlFjZWVCemRrUXhzS1FFU0ttUW1SODMyOTUwVUNvdm95UkI2MVV5QVY3aA0KK21aaFlQR1JLWEtTSkk2czBFZ2cvQ3JpK0N3azRiakpmcmI1aFZzZTExeWg0RDlNSGh3U2ZDT0grMHo0aFBVVA0KRmt1N2RHYXZVUk81U1Z4TW4vc0w2RW41RCtvU2VYa2FkSHBEcytBaXJ5bTJZSGgxNWgwK2pQU09vUjZ5aVZwLw0KNnpaZVprck40M2t1UzczS3BLREZqZkZQaDh0NHIxZ09JanR0a05jUXFCY2N1c25wbFE3SEpwc2sNCi0tLS0tRU5EIENFUlRJRklDQVRFLS0tLS0NCg0KPC9jZXJ0Pg0KDQo8a2V5Pg0KLS0tLS1CRUdJTiBSU0EgUFJJVkFURSBLRVktLS0tLQ0KTUlJRXBBSUJBQUtDQVFFQTVoMmxnUVFZVWp3b0tZSmJ6VlpBNVZjSUdkNW90UGMvcVpSTXQwS0l0Q0ZBMHM5Ug0Kd1JlTlZhOWZEUkZMUkJoY0lUT2x2M0ZCY1czRThoMVVzN1JENFc4R21KZTh6YXBKbkxzRDM5T1NNUkN6WkpuYw0Kelc0T0NIMVBaUlpXS3FEdGpsTmNhOUFGOGE2NWpUbWxEeENRQ2pudExJV2s1T0xMVmtGdDkvdFNjYzFHRHRjaQ0KNTVvZmhhTkFZTVBpSDdWOCsxZzY2cEdIWEFvV0s2QVFWSDY3WENLSm5HQjVubFErSHNNWVBWL080OUxkOTFaTg0KLzJ0SGtjYUxMeU50eXd4VlBSU3NSaDQ4MGpqdTBmY0NzdjZocC8weVhuVEIvL21XdXRCR3BkVWxJYndpSVRiQQ0KbXJzYlluamlnUnZuUHFYMVJOSlViaTlGcDZDMmMvSElGSkdEeXdJREFRQUJBb0lCQUVSVjdYNUF2eEE4dVJpSw0KazhTSXBzRDBkWDFwSk9NSXdha1VWeXZjNEVmTjBEaEtSTmI0cllvU2lFR1RMeXpMcHlCYy9BMjhEbGttNWVPWQ0KZmp6WGZZa0d0WWkvRnR4a2czTzl2Y3JNUTQrNmkrdUdIYUlMMnJMK3M0TXJmTzh2MXh2NitXa3kzM0VFR0NvdQ0KUWl3VkdSRlFYblJvUTYyTkJDRmJVTkxobVh3ZGoxYWtaekxVNHA1UjR6QTNRaGR4d0VJYXRWTHQwKzdvd0xRMw0KbFA4c2ZYaHBwUE9YalRxTUQ0UWtZd3pQQWE4L3pGN2FjbjRrcnlyVVA3UTZQQWZkMHpFVnFOeTlaQ1o5ZmZobw0KelhlZEZqNDg2SUZvYzVnblRwMk42anNuVmo0TENHSWhsVkhsWUdvektLRnFKY1FWR3NIQ3FxMW96MnpqVzZMUw0Kb1JZSUhnRUNnWUVBOHpacmtDd05ZU1hKdU9ESjNtL2hPTFZ4Y3hnSnV3WG9pRXJXZDBFNDJ2UGFuampWTWhudA0KS1k1bDhxR01KNkZoSzlMWXgycUNyZi9FMFh0VUFaMndWcTNPUlR5R25zTVdyZTl0TFlzNTVYK1pOMTBUYzc1eg0KNGhhY2JVMGhxS04xSGlEbXNNUlkzLzJOYVpIb3k3TUtud0pKQmFHNDhsOUNDVGxWd01Ib2NJRUNnWUVBOGpieQ0KZEdqeFRIKzZYSFdOaXpiNVNSYlp4QW55RWVKZVJ3VE1oMGdHendHUHBIL3NaWUd6eXUwU3lTWFdDblpoM1JncQ0KNXVMbE54dHJYcmxqWmx5aTJuUWRRZ3NxMllyV1VzMCt6Z1UrMjJ1UXNacFNBZnRtaFZydHZldDZNalZqYkJ5WQ0KREFEY2lFVlVkSllJWGsrcW5GVUp5ZXJvTElrVGo3V1lLWjZSamtzQ2dZQm9DRkl3UkRlZzQyb0s4OVJGbW5Pcg0KTHltTkFxNCsyb01oc1dsVmI0ZWpXSVdlQWs5bmMrR1hVZnJYc3pSaFMwMW1VblU1cjV5Z1V2UmNhclYvVDNVNw0KVG5NWitJN1k0RGdXUklEZDUxem5oeElCdFlWNWovQy90ODVIanFPa0grOGI2UlRrYmNoYVgzbWF1N2ZwVWZkcw0KRnEwbmhJcTQyZmhFTzhzcmZZWXdnUUtCZ1FDeWhpMU4vOHRhUndwayszL0lERXpRd2piZmR6VWtXV1NEazlYcw0KSC9wa3VSSFdmVE1QM2ZsV3FFWWdXL0xXNDBwZVcySERxNWltZFY4K0FnWnhlL1hNYmFqaTlMZ3dmMVJZMDA1bg0KS3hhWlF6N3lxSHVwV2xMR0Y2OERQSHhrWlZWU2FnRG5WL3N6dFdYNlNGc0NxRlZueElYaWZYR0M0Y1c1Tm05Zw0KdmE4cTRRS0JnUUNFaExWZVVmZHdLdmtaOTRnL0dGejczMVoyaHJkVmhnTVphVS91NnQwVjk1K1llelBOQ1FaQg0Kd21FOU1tbGJxMWVtRGVST2l2akNmb0doUjNrWlhXMXBUS2xMaDZaTVVRVU9wcHRkWHZhOFh4Zm9xUXdhM2VuQQ0KTTdtdUJiRjBYTjdWTzgwaUpQditQbUlaZEVJQWtwd0tmaTIwMVlCK0JhZkNJdUd4SUY1MFZnPT0NCi0tLS0tRU5EIFJTQSBQUklWQVRFIEtFWS0tLS0tDQoNCjwva2V5Pg0KDQo=
vpn121803808,202.95.181.113,766197,5,92220936,Japan,JP,25,107515507,459730,50191068733409,2weeks,shouya-PC's owner,,IyMjIyMjIyMjIyMjIyMjIyMjIyMjIyMjIyMjIyMjIyMjIyMjIyMjIyMjIyMjIyMjIyMjIyMjIyMjIyMjIyMjIyMjIyMjIyMjIyMjIyMjIw0KIyBPcGVuVlBOIDIuMCBTYW1wbGUgQ29uZmlndXJhdGlvbiBGaWxlDQojIGZvciBQYWNrZXRpWCBWUE4gLyBTb2Z0RXRoZXIgVlBOIFNlcnZlcg0KIyANCiMgISEhIEFVVE8tR0VORVJBVEVEIEJZIFNPRlRFVEhFUiBWUE4gU0VSVkVSIE1BTkFHRU1FTlQgVE9PTCAhISENCiMgDQojICEhISBZT1UgSEFWRSBUTyBSRVZJRVcgSVQgQkVGT1JFIFVTRSBBTkQgTU9ESUZZIElUIEFTIE5FQ0VTU0FSWSAhISENCiMgDQojIFRoaXMgY29uZmlndXJhdGlvbiBmaWxlIGlzIGF1dG8tZ2VuZXJhdGVkLiBZb3UgbWlnaHQgdXNlIHRoaXMgY29uZmlnIGZpbGUNCiMgaW4gb3JkZXIgdG8gY29ubmVjdCB0byB0aGUgUGFja2V0aVggVlBOIC8gU29mdEV0aGVyIFZQTiBTZXJ2ZXIuDQojIEhvd2V2ZXIsIGJlZm9yZSB5b3UgdHJ5IGl0LCB5b3Ugc2hvdWxkIHJldmlldyB0aGUgZGVzY3JpcHRpb25zIG9mIHRoZSBmaWxlDQojIHRvIGRldGVybWluZSB0aGUgbmVjZXNzaXR5IHRvIG1vZGlmeSB0byBzdWl0YWJsZSBmb3IgeW91ciByZWFsIGVudmlyb25tZW50Lg0KIyBJZiBuZWNlc3NhcnksIHlvdSBoYXZlIHRvIG1vZGlmeSBhIGxpdHRsZSBhZGVxdWF0ZWx5IG9uIHRoZSBmaWxlLg0KIyBGb3IgZXhhbXBsZSwgdGhlIElQIGFkZHJlc3Mgb3IgdGhlIGhvc3RuYW1lIGFzIGEgZGVzdGluYXRpb24gVlBOIFNlcnZlcg0KIyBzaG91bGQgYmUgY29uZmlybWVkLg0KIyANCiMgTm90ZSB0aGF0IHRvIHVzZSBPcGVuVlBOIDIuMCwgeW91IGhhdmUgdG8gcHV0IHRoZSBjZXJ0aWZpY2F0aW9uIGZpbGUgb2YNCiMgdGhlIGRlc3RpbmF0aW9uIFZQTiBTZXJ2ZXIgb24gdGhlIE9wZW5WUE4gQ2xpZW50IGNvbXB1dGVyIHdoZW4geW91IHVzZSB0aGlzDQojIGNvbmZpZyBmaWxlLiBQbGVhc2UgcmVmZXIgdGhlIGJlbG93IGRlc2NyaXB0aW9ucyBjYXJlZnVsbHkuDQoNCg0KIyMjIyMjIyMjIyMjIyMjIyMjIyMjIyMjIyMjIyMjIyMjIyMjIyMjIyMjIyMjIyMjIyMjIyMjIyMjIyMjIyMjIyMjIyMjIyMjIyMjIyMjIw0KIyBTcGVjaWZ5IHRoZSB0eXBlIG9mIHRoZSBsYXllciBvZiB0aGUgVlBOIGNvbm5lY3Rpb24uDQojIA0KIyBUbyBjb25uZWN0IHRvIHRoZSBWUE4gU2VydmVyIGFzIGEgIlJlbW90ZS1BY2Nlc3MgVlBOIENsaWVudCBQQyIsDQojICBzcGVjaWZ5ICdkZXYgdHVuJy4gKExheWVyLTMgSVAgUm91dGluZyBNb2RlKQ0KIw0KIyBUbyBjb25uZWN0IHRvIHRoZSBWUE4gU2VydmVyIGFzIGEgYnJpZGdpbmcgZXF1aXBtZW50IG9mICJTaXRlLXRvLVNpdGUgVlBOIiwNCiMgIHNwZWNpZnkgJ2RldiB0YXAnLiAoTGF5ZXItMiBFdGhlcm5ldCBCcmlkZ2luZSBNb2RlKQ0KDQpkZXYgdHVuDQoNCg0KIyMjIyMjIyMjIyMjIyMjIyMjIyMjIyMjIyMjIyMjIyMjIyMjIyMjIyMjIyMjIyMjIyMjIyMjIyMjIyMjIyMjIyMjIyMjIyMjIyMjIyMjIw0KIyBTcGVjaWZ5IHRoZSB1bmRlcmx5aW5nIHByb3RvY29sIGJleW9uZCB0aGUgSW50ZXJuZXQuDQojIE5vdGUgdGhhdCB0aGlzIHNldHRpbmcgbXVzdCBiZSBjb3JyZXNwb25kIHdpdGggdGhlIGxpc3RlbmluZyBzZXR0aW5nIG9uDQojIHRoZSBWUE4gU2VydmVyLg0KIyANCiMgU3BlY2lmeSBlaXRoZXIgJ3Byb3RvIHRjcCcgb3IgJ3Byb3RvIHVkcCcuDQoNCnByb3RvIHRjcA0KDQoNCiMjIyMjIyMjIyMjIyMjIyMjIyMjIyMjIyMjIyMjIyMjIyMjIyMjIyMjIyMjIyMjIyMjIyMjIyMjIyMjIyMjIyMjIyMjIyMjIyMjIyMjIyMNCiMgVGhlIGRlc3RpbmF0aW9uIGhvc3RuYW1lIC8gSVAgYWRkcmVzcywgYW5kIHBvcnQgbnVtYmVyIG9mDQojIHRoZSB0YXJnZXQgVlBOIFNlcnZlci4NCiMgDQojIFlvdSBoYXZlIHRvIHNwZWNpZnkgYXMgJ3JlbW90ZSA8SE9TVE5BTUU+IDxQT1JUPicuIFlvdSBjYW4gYWxzbw0KIyBzcGVjaWZ5IHRoZSBJUCBhZGRyZXNzIGluc3RlYWQgb2YgdGhlIGhvc3RuYW1lLg0KIyANCiMgTm90ZSB0aGF0IHRoZSBhdXRvLWdlbmVyYXRlZCBiZWxvdyBob3N0bmFtZSBhcmUgYSAiYXV0by1kZXRlY3RlZA0KIyBJUCBhZGRyZXNzIiBvZiB0aGUgVlBOIFNlcnZlci4gWW91IGhhdmUgdG8gY29uZmlybSB0aGUgY29ycmVjdG5lc3MNCiMgYmVmb3JlaGFuZC4NCiMgDQojIFdoZW4geW91IHdhbnQgdG8gY29ubmVjdCB0byB0aGUgVlBOIFNlcnZlciBieSB1c2luZyBUQ1AgcHJvdG9jb2wsDQojIHRoZSBwb3J0IG51bWJlciBvZiB0aGUgZGVzdGluYXRpb24gVENQIHBvcnQgc2hvdWxkIGJlIHNhbWUgYXMgb25lIG9mDQojIHRoZSBhdmFpbGFibGUgVENQIGxpc3RlbmVycyBvbiB0aGUgVlBOIFNlcnZlci4NCiMgDQojIFdoZW4geW91IHVzZSBVRFAgcHJvdG9jb2wsIHRoZSBwb3J0IG51bWJlciBtdXN0IHNhbWUgYXMgdGhlIGNvbmZpZ3VyYXRpb24NCiMgc2V0dGluZyBvZiAiT3BlblZQTiBTZXJ2ZXIgQ29tcGF0aWJsZSBGdW5jdGlvbiIgb24gdGhlIFZQTiBTZXJ2ZXIuDQoNCnJlbW90ZSAyMDIuOTUuMTgxLjExMyAxMzM1DQoNCg0KIyMjIyMjIyMjIyMjIyMjIyMjIyMjIyMjIyMjIyMjIyMjIyMjIyMjIyMjIyMjIyMjIyMjIyMjIyMjIyMjIyMjIyMjIyMjIyMjIyMjIyMjIw0KIyBUaGUgSFRUUC9IVFRQUyBwcm94eSBzZXR0aW5nLg0KIyANCiMgT25seSBpZiB5b3UgaGF2ZSB0byB1c2UgdGhlIEludGVybmV0IHZpYSBhIHByb3h5LCB1bmNvbW1lbnQgdGhlIGJlbG93DQojIHR3byBsaW5lcyBhbmQgc3BlY2lmeSB0aGUgcHJveHkgYWRkcmVzcyBhbmQgdGhlIHBvcnQgbnVtYmVyLg0KIyBJbiB0aGUgY2FzZSBvZiB1c2luZyBwcm94eS1hdXRoZW50aWNhdGlvbiwgcmVmZXIgdGhlIE9wZW5WUE4gbWFudWFsLg0KDQo7aHR0cC1wcm94eS1yZXRyeQ0KO2h0dHAtcHJveHkgW3Byb3h5IHNlcnZlcl0gW3Byb3h5IHBvcnRdDQoNCg0KIyMjIyMjIyMjIyMjIyMjIyMjIyMjIyMjIyMjIyMjIyMjIyMjIyMjIyMjIyMjIyMjIyMjIyMjIyMjIyMjIyMjIyMjIyMjIyMjIyMjIyMjIw0KIyBUaGUgZW5jcnlwdGlvbiBhbmQgYXV0aGVudGljYXRpb24gYWxnb3JpdGhtLg0KIyANCiMgRGVmYXVsdCBzZXR0aW5nIGlzIGdvb2QuIE1vZGlmeSBpdCBhcyB5b3UgcHJlZmVyLg0KIyBXaGVuIHlvdSBzcGVjaWZ5IGFuIHVuc3VwcG9ydGVkIGFsZ29yaXRobSwgdGhlIGVycm9yIHdpbGwgb2NjdXIuDQojIA0KIyBUaGUgc3VwcG9ydGVkIGFsZ29yaXRobXMgYXJlIGFzIGZvbGxvd3M6DQojICBjaXBoZXI6IFtOVUxMLUNJUEhFUl0gTlVMTCBBRVMtMTI4LUNCQyBBRVMtMTkyLUNCQyBBRVMtMjU2LUNCQyBCRi1DQkMNCiMgICAgICAgICAgQ0FTVC1DQkMgQ0FTVDUtQ0JDIERFUy1DQkMgREVTLUVERS1DQkMgREVTLUVERTMtQ0JDIERFU1gtQ0JDDQojICAgICAgICAgIFJDMi00MC1DQkMgUkMyLTY0LUNCQyBSQzItQ0JDDQojICBhdXRoOiAgIFNIQSBTSEExIE1ENSBNRDQgUk1EMTYwDQoNCmNpcGhlciBBRVMtMTI4LUNCQw0KYXV0aCBTSEExDQoNCg0KIyMjIyMjIyMjIyMjIyMjIyMjIyMjIyMjIyMjIyMjIyMjIyMjIyMjIyMjIyMjIyMjIyMjIyMjIyMjIyMjIyMjIyMjIyMjIyMjIyMjIyMjIw0KIyBPdGhlciBwYXJhbWV0ZXJzIG5lY2Vzc2FyeSB0byBjb25uZWN0IHRvIHRoZSBWUE4gU2VydmVyLg0KIyANCiMgSXQgaXMgbm90IHJlY29tbWVuZGVkIHRvIG1vZGlmeSBpdCB1bmxlc3MgeW91IGhhdmUgYSBwYXJ0aWN1bGFyIG5lZWQuDQoNCnJlc29sdi1yZXRyeSBpbmZpbml0ZQ0Kbm9iaW5kDQpwZXJzaXN0LWtleQ0KcGVyc2lzdC10dW4NCmNsaWVudA0KdmVyYiAzDQojYXV0aC11c2VyLXBhc3MNCg0KDQojIyMjIyMjIyMjIyMjIyMjIyMjIyMjIyMjIyMjIyMjIyMjIyMjIyMjIyMjIyMjIyMjIyMjIyMjIyMjIyMjIyMjIyMjIyMjIyMjIyMjIyMjDQojIFRoZSBjZXJ0aWZpY2F0ZSBmaWxlIG9mIHRoZSBkZXN0aW5hdGlvbiBWUE4gU2VydmVyLg0KIyANCiMgVGhlIENBIGNlcnRpZmljYXRlIGZpbGUgaXMgZW1iZWRkZWQgaW4gdGhlIGlubGluZSBmb3JtYXQuDQojIFlvdSBjYW4gcmVwbGFjZSB0aGlzIENBIGNvbnRlbnRzIGlmIG5lY2Vzc2FyeS4NCiMgUGxlYXNlIG5vdGUgdGhhdCBpZiB0aGUgc2VydmVyIGNlcnRpZmljYXRlIGlzIG5vdCBhIHNlbGYtc2lnbmVkLCB5b3UgaGF2ZSB0bw0KIyBzcGVjaWZ5IHRoZSBzaWduZXIncyByb290IGNlcnRpZmljYXRlIChDQSkgaGVyZS4NCg0KPGNhPg0KLS0tLS1CRUdJTiBDRVJUSUZJQ0FURS0tLS0tDQpNSUlGYXpDQ0ExT2dBd0lCQWdJUkFJSVF6N0RTUU9OWlJHUGd1Mk9DaXdBd0RRWUpLb1pJaHZjTkFRRUxCUUF3DQpUekVMTUFrR0ExVUVCaE1DVlZNeEtUQW5CZ05WQkFvVElFbHVkR1Z5Ym1WMElGTmxZM1Z5YVhSNUlGSmxjMlZoDQpjbU5vSUVkeWIzVndNUlV3RXdZRFZRUURFd3hKVTFKSElGSnZiM1FnV0RFd0hoY05NVFV3TmpBME1URXdORE00DQpXaGNOTXpVd05qQTBNVEV3TkRNNFdqQlBNUXN3Q1FZRFZRUUdFd0pWVXpFcE1DY0dBMVVFQ2hNZ1NXNTBaWEp1DQpaWFFnVTJWamRYSnBkSGtnVW1WelpXRnlZMmdnUjNKdmRYQXhGVEFUQmdOVkJBTVRERWxUVWtjZ1VtOXZkQ0JZDQpNVENDQWlJd0RRWUpLb1pJaHZjTkFRRUJCUUFEZ2dJUEFEQ0NBZ29DZ2dJQkFLM29KSFAwRkRmem01NHJWeWdjDQpoNzdjdDk4NGtJeHVQT1pYb0hqM2RjS2kvdlZxYnZZQVR5amIzbWlHYkVTVHRyRmovUlFTYTc4ZjB1b3hteUYrDQowVE04dWtqMTNYbmZzN2ovRXZFaG1rdkJpb1p4YVVwbVpteVBmanh3djYwcElnYno1TURtZ0s3aVM0KzNtWDZVDQpBNS9UUjVkOG1VZ2pVK2c0cms4S2I0TXUwVWxYaklCMHR0b3YwRGlOZXdOd0lSdDE4akE4K28rdTNkcGpxK3NXDQpUOEtPRVV0K3p3dm8vN1YzTHZTeWUwcmdUQklsREhDTkF5bWc0Vk1rN0JQWjdobS9FTE5LakQrSm8yRlIzcXlIDQpCNVQwWTNIc0x1SnZXNWlCNFlsY05IbHNkdTg3a0dKNTV0dWttaThteGRBUTRRN2UyUkNPRnZ1Mzk2ajN4K1VDDQpCNWlQTmdpVjUrSTNsZzAyZFo3N0RuS3hIWnU4QS9sSkJkaUIzUVcwS3RaQjZhd0JkcFVLRDlqZjFiMFNIelV2DQpLQmRzMHBqQnFBbGtkMjVITjdyT3JGbGVhSjEvY3RhSnhRWkJLVDVaUHQwbTlTVEpFYWRhbzB4QUgwYWhtYlduDQpPbEZ1aGp1ZWZYS25FZ1Y0V2UwK1VYZ1ZDd09QamRBdkJiSStlMG9jUzNNRkV2ekc2dUJRRTN4RGszU3p5blRuDQpqaDhCQ05BdzFGdHhOclFIdXNFd01GeEl0NEk3bUtaOVlJcWlveW1DekxxOWd3UWJvb01EUWFIV0JmRWJ3cmJ3DQpxSHlHTzBhb1NDcUkzSGFhZHI4ZmFxVTlHWS9yT1BOazNzZ3JEUW9vLy9mYjRoVkMxQ0xRSjEzaGVmNFk1M0NJDQpyVTdtMllzNnh0MG5VVzcvdkdUMU0wTlBBZ01CQUFHalFqQkFNQTRHQTFVZER3RUIvd1FFQXdJQkJqQVBCZ05WDQpIUk1CQWY4RUJUQURBUUgvTUIwR0ExVWREZ1FXQkJSNXRGbm1lN2JsNUFGemdBaUl5QnBZOXVtYmJqQU5CZ2txDQpoa2lHOXcwQkFRc0ZBQU9DQWdFQVZSOVlxYnl5cUZEUURMSFlHbWtnSnlrSXJHRjFYSXB1K0lMbGFTL1Y5bFpMDQp1Ymh6RUZuVElaZCs1MHh4KzdMU1lLMDVxQXZxRnlGV2hmRlFEbG5yenVCWjZickpGZStHblkrRWdQYms2WkdRDQozQmViWWh0RjhHYVYwbnh2d3VvNzd4L1B5OWF1Si9HcHNNaXUvWDErbXZvaUJPdi8yWC9xa1NzaXNSY09qL0tLDQpORnRZMlB3QnlWUzV1Q2JNaW9nemlVd3RoRHlDMys2V1Z3VzZMTHYzeExmSFRqdUN2akhJSW5Oemt0SENnS1E1DQpPUkF6STRKTVBKK0dzbFdZSGI0cGhvd2ltNTdpYXp0WE9vSndUZHdKeDRuTENnZE5iT2hkanNudnpxdkh1N1VyDQpUa1hXU3RBbXpPVnl5Z2hxcFpYakZhSDNwTzNKTEYrbCsvK3NLQUl1dnRkN3UrTnhlNUFXMHdkZVJsTjhOd2RDDQpqTlBFbHB6Vm1iVXE0SlVhZ0VpdVREa0h6c3hIcEZLVks3cTQrNjNTTTFOOTVSMU5iZFdoc2NkQ2IrWkFKelZjDQpveWkzQjQzbmpUT1E1eU9mKzFDY2VXeEcxYlFWczVadWZwc01sanE0VWkwLzFsdmgrd2pDaFA0a3FLT0oycXhxDQo0Umdxc2FoRFlWdlRIOXc3alhieUxlaU5kZDhYTTJ3OVUvdDd5MEZmLzl5aTBHRTQ0WmE0ckYyTE45ZDExVFBBDQptUkd1blVIQmNuV0V2Z0pCUWw5bkpFaVUwWnNudmdjL3ViaFBnWFJSNFhxMzdaMGo0cjdnMVNnRUV6d3hBNTdkDQplbXlQeGdjWXhuL2VSNDQvS0o0RUJzK2xWRFIzdmV5Sm0ra1hROTliMjEvK2poNVhvczFBblg1aUl0cmVHQ2M9DQotLS0tLUVORCBDRVJUSUZJQ0FURS0tLS0tDQoNCjwvY2E+DQoNCg0KIyMjIyMjIyMjIyMjIyMjIyMjIyMjIyMjIyMjIyMjIyMjIyMjIyMjIyMjIyMjIyMjIyMjIyMjIyMjIyMjIyMjIyMjIyMjIyMjIyMjIyMjIw0KIyBUaGUgY2xpZW50IGNlcnRpZmljYXRlIGZpbGUgKGR1bW15KS4NCiMgDQojIEluIHNvbWUgaW1wbGVtZW50YXRpb25zIG9mIE9wZW5WUE4gQ2xpZW50IHNvZnR3YXJlDQojIChmb3IgZXhhbXBsZTogT3BlblZQTiBDbGllbnQgZm9yIGlPUyksDQojIGEgcGFpciBvZiBjbGllbnQgY2VydGlmaWNhdGUgYW5kIHByaXZhdGUga2V5IG11c3QgYmUgaW5jbHVkZWQgb24gdGhlDQojIGNvbmZpZ3VyYXRpb24gZmlsZSBkdWUgdG8gdGhlIGxpbWl0YXRpb24gb2YgdGhlIGNsaWVudC4NCiMgU28gdGhpcyBzYW1wbGUgY29uZmlndXJhdGlvbiBmaWxlIGhhcyBhIGR1bW15IHBhaXIgb2YgY2xpZW50IGNlcnRpZmljYXRlDQojIGFuZCBwcml2YXRlIGtleSBhcyBmb2xsb3dzLg0KDQo8Y2VydD4NCi0tLS0tQkVHSU4gQ0VSVElGSUNBVEUtLS0tLQ0KTUlJQ3hqQ0NBYTRDQVFBd0RRWUpLb1pJaHZjTkFRRUZCUUF3S1RFYU1CZ0dBMVVFQXhNUlZsQk9SMkYwWlVOcw0KYVdWdWRFTmxjblF4Q3pBSkJnTlZCQVlUQWtwUU1CNFhEVEV6TURJeE1UQXpORGswT1ZvWERUTTNNREV4T1RBeg0KTVRRd04xb3dLVEVhTUJnR0ExVUVBeE1SVmxCT1IyRjBaVU5zYVdWdWRFTmxjblF4Q3pBSkJnTlZCQVlUQWtwUQ0KTUlJQklqQU5CZ2txaGtpRzl3MEJBUUVGQUFPQ0FROEFNSUlCQ2dLQ0FRRUE1aDJsZ1FRWVVqd29LWUpielZaQQ0KNVZjSUdkNW90UGMvcVpSTXQwS0l0Q0ZBMHM5UndSZU5WYTlmRFJGTFJCaGNJVE9sdjNGQmNXM0U4aDFVczdSRA0KNFc4R21KZTh6YXBKbkxzRDM5T1NNUkN6WkpuY3pXNE9DSDFQWlJaV0txRHRqbE5jYTlBRjhhNjVqVG1sRHhDUQ0KQ2pudExJV2s1T0xMVmtGdDkvdFNjYzFHRHRjaTU1b2ZoYU5BWU1QaUg3VjgrMWc2NnBHSFhBb1dLNkFRVkg2Nw0KWENLSm5HQjVubFErSHNNWVBWL080OUxkOTFaTi8ydEhrY2FMTHlOdHl3eFZQUlNzUmg0ODBqanUwZmNDc3Y2aA0KcC8weVhuVEIvL21XdXRCR3BkVWxJYndpSVRiQW1yc2JZbmppZ1J2blBxWDFSTkpVYmk5RnA2QzJjL0hJRkpHRA0KeXdJREFRQUJNQTBHQ1NxR1NJYjNEUUVCQlFVQUE0SUJBUUNoTzVoZ2N3LzRvV2ZvRUZMdTlrQmExQi8va3hIOA0KaFFrQ2hWTm44QlJDN1kwVVJRaXRQbDNES0VlZDlVUkJEZGcyS09Bejc3YmI2RU5QaWxpRCthMzhVSkhJUk1xZQ0KVUJIaGxsT0hJenZEaEhGYmFvdkFMQlFjZWVCemRrUXhzS1FFU0ttUW1SODMyOTUwVUNvdm95UkI2MVV5QVY3aA0KK21aaFlQR1JLWEtTSkk2czBFZ2cvQ3JpK0N3azRiakpmcmI1aFZzZTExeWg0RDlNSGh3U2ZDT0grMHo0aFBVVA0KRmt1N2RHYXZVUk81U1Z4TW4vc0w2RW41RCtvU2VYa2FkSHBEcytBaXJ5bTJZSGgxNWgwK2pQU09vUjZ5aVZwLw0KNnpaZVprck40M2t1UzczS3BLREZqZkZQaDh0NHIxZ09JanR0a05jUXFCY2N1c25wbFE3SEpwc2sNCi0tLS0tRU5EIENFUlRJRklDQVRFLS0tLS0NCg0KPC9jZXJ0Pg0KDQo8a2V5Pg0KLS0tLS1CRUdJTiBSU0EgUFJJVkFURSBLRVktLS0tLQ0KTUlJRXBBSUJBQUtDQVFFQTVoMmxnUVFZVWp3b0tZSmJ6VlpBNVZjSUdkNW90UGMvcVpSTXQwS0l0Q0ZBMHM5Ug0Kd1JlTlZhOWZEUkZMUkJoY0lUT2x2M0ZCY1czRThoMVVzN1JENFc4R21KZTh6YXBKbkxzRDM5T1NNUkN6WkpuYw0Kelc0T0NIMVBaUlpXS3FEdGpsTmNhOUFGOGE2NWpUbWxEeENRQ2pudExJV2s1T0xMVmtGdDkvdFNjYzFHRHRjaQ0KNTVvZmhhTkFZTVBpSDdWOCsxZzY2cEdIWEFvV0s2QVFWSDY3WENLSm5HQjVubFErSHNNWVBWL080OUxkOTFaTg0KLzJ0SGtjYUxMeU50eXd4VlBSU3NSaDQ4MGpqdTBmY0NzdjZocC8weVhuVEIvL21XdXRCR3BkVWxJYndpSVRiQQ0KbXJzYlluamlnUnZuUHFYMVJOSlViaTlGcDZDMmMvSElGSkdEeXdJREFRQUJBb0lCQUVSVjdYNUF2eEE4dVJpSw0KazhTSXBzRDBkWDFwSk9NSXdha1VWeXZjNEVmTjBEaEtSTmI0cllvU2lFR1RMeXpMcHlCYy9BMjhEbGttNWVPWQ0KZmp6WGZZa0d0WWkvRnR4a2czTzl2Y3JNUTQrNmkrdUdIYUlMMnJMK3M0TXJmTzh2MXh2NitXa3kzM0VFR0NvdQ0KUWl3VkdSRlFYblJvUTYyTkJDRmJVTkxobVh3ZGoxYWtaekxVNHA1UjR6QTNRaGR4d0VJYXRWTHQwKzdvd0xRMw0KbFA4c2ZYaHBwUE9YalRxTUQ0UWtZd3pQQWE4L3pGN2FjbjRrcnlyVVA3UTZQQWZkMHpFVnFOeTlaQ1o5ZmZobw0KelhlZEZqNDg2SUZvYzVnblRwMk42anNuVmo0TENHSWhsVkhsWUdvektLRnFKY1FWR3NIQ3FxMW96MnpqVzZMUw0Kb1JZSUhnRUNnWUVBOHpacmtDd05ZU1hKdU9ESjNtL2hPTFZ4Y3hnSnV3WG9pRXJXZDBFNDJ2UGFuampWTWhudA0KS1k1bDhxR01KNkZoSzlMWXgycUNyZi9FMFh0VUFaMndWcTNPUlR5R25zTVdyZTl0TFlzNTVYK1pOMTBUYzc1eg0KNGhhY2JVMGhxS04xSGlEbXNNUlkzLzJOYVpIb3k3TUtud0pKQmFHNDhsOUNDVGxWd01Ib2NJRUNnWUVBOGpieQ0KZEdqeFRIKzZYSFdOaXpiNVNSYlp4QW55RWVKZVJ3VE1oMGdHendHUHBIL3NaWUd6eXUwU3lTWFdDblpoM1JncQ0KNXVMbE54dHJYcmxqWmx5aTJuUWRRZ3NxMllyV1VzMCt6Z1UrMjJ1UXNacFNBZnRtaFZydHZldDZNalZqYkJ5WQ0KREFEY2lFVlVkSllJWGsrcW5GVUp5ZXJvTElrVGo3V1lLWjZSamtzQ2dZQm9DRkl3UkRlZzQyb0s4OVJGbW5Pcg0KTHltTkFxNCsyb01oc1dsVmI0ZWpXSVdlQWs5bmMrR1hVZnJYc3pSaFMwMW1VblU1cjV5Z1V2UmNhclYvVDNVNw0KVG5NWitJN1k0RGdXUklEZDUxem5oeElCdFlWNWovQy90ODVIanFPa0grOGI2UlRrYmNoYVgzbWF1N2ZwVWZkcw0KRnEwbmhJcTQyZmhFTzhzcmZZWXdnUUtCZ1FDeWhpMU4vOHRhUndwayszL0lERXpRd2piZmR6VWtXV1NEazlYcw0KSC9wa3VSSFdmVE1QM2ZsV3FFWWdXL0xXNDBwZVcySERxNWltZFY4K0FnWnhlL1hNYmFqaTlMZ3dmMVJZMDA1bg0KS3hhWlF6N3lxSHVwV2xMR0Y2OERQSHhrWlZWU2FnRG5WL3N6dFdYNlNGc0NxRlZueElYaWZYR0M0Y1c1Tm05Zw0KdmE4cTRRS0JnUUNFaExWZVVmZHdLdmtaOTRnL0dGejczMVoyaHJkVmhnTVphVS91NnQwVjk1K1llelBOQ1FaQg0Kd21FOU1tbGJxMWVtRGVST2l2akNmb0doUjNrWlhXMXBUS2xMaDZaTVVRVU9wcHRkWHZhOFh4Zm9xUXdhM2VuQQ0KTTdtdUJiRjBYTjdWTzgwaUpQditQbUlaZEVJQWtwd0tmaTIwMVlCK0JhZkNJdUd4SUY1MFZnPT0NCi0tLS0tRU5EIFJTQSBQUklWQVRFIEtFWS0tLS0tDQoNCjwva2V5Pg0KDQo=
vpn781916150,183.177.207.147,766016,20,299995483,Japan,JP,4,119734507,376922,19270937736738,2weeks,DESKTOP-SIM95RN's owner,,IyMjIyMjIyMjIyMjIyMjIyMjIyMjIyMjIyMjIyMjIyMjIyMjIyMjIyMjIyMjIyMjIyMjIyMjIyMjIyMjIyMjIyMjIyMjIyMjIyMjIyMjIw0KIyBPcGVuVlBOIDIuMCBTYW1wbGUgQ29uZmlndXJhdGlvbiBGaWxlDQojIGZvciBQYWNrZXRpWCBWUE4gLyBTb2Z0RXRoZXIgVlBOIFNlcnZlcg0KIyANCiMgISEhIEFVVE8tR0VORVJBVEVEIEJZIFNPRlRFVEhFUiBWUE4gU0VSVkVSIE1BTkFHRU1FTlQgVE9PTCAhISENCiMgDQojICEhISBZT1UgSEFWRSBUTyBSRVZJRVcgSVQgQkVGT1JFIFVTRSBBTkQgTU9ESUZZIElUIEFTIE5FQ0VTU0FSWSAhISENCiMgDQojIFRoaXMgY29uZmlndXJhdGlvbiBmaWxlIGlzIGF1dG8tZ2VuZXJhdGVkLiBZb3UgbWlnaHQgdXNlIHRoaXMgY29uZmlnIGZpbGUNCiMgaW4gb3JkZXIgdG8gY29ubmVjdCB0byB0aGUgUGFja2V0aVggVlBOIC8gU29mdEV0aGVyIFZQTiBTZXJ2ZXIuDQojIEhvd2V2ZXIsIGJlZm9yZSB5b3UgdHJ5IGl0LCB5b3Ugc2hvdWxkIHJldmlldyB0aGUgZGVzY3JpcHRpb25zIG9mIHRoZSBmaWxlDQojIHRvIGRldGVybWluZSB0aGUgbmVjZXNzaXR5IHRvIG1vZGlmeSB0byBzdWl0YWJsZSBmb3IgeW91ciByZWFsIGVudmlyb25tZW50Lg0KIyBJZiBuZWNlc3NhcnksIHlvdSBoYXZlIHRvIG1vZGlmeSBhIGxpdHRsZSBhZGVxdWF0ZWx5IG9uIHRoZSBmaWxlLg0KIyBGb3IgZXhhbXBsZSwgdGhlIElQIGFkZHJlc3Mgb3IgdGhlIGhvc3RuYW1lIGFzIGEgZGVzdGluYXRpb24gVlBOIFNlcnZlcg0KIyBzaG91bGQgYmUgY29uZmlybWVkLg0KIyANCiMgTm90ZSB0aGF0IHRvIHVzZSBPcGVuVlBOIDIuMCwgeW91IGhhdmUgdG8gcHV0IHRoZSBjZXJ0aWZpY2F0aW9uIGZpbGUgb2YNCiMgdGhlIGRlc3RpbmF0aW9uIFZQTiBTZXJ2ZXIgb24gdGhlIE9wZW5WUE4gQ2xpZW50IGNvbXB1dGVyIHdoZW4geW91IHVzZSB0aGlzDQojIGNvbmZpZyBmaWxlLiBQbGVhc2UgcmVmZXIgdGhlIGJlbG93IGRlc2NyaXB0aW9ucyBjYXJlZnVsbHkuDQoNCg0KIyMjIyMjIyMjIyMjIyMjIyMjIyMjIyMjIyMjIyMjIyMjIyMjIyMjIyMjIyMjIyMjIyMjIyMjIyMjIyMjIyMjIyMjIyMjIyMjIyMjIyMjIw0KIyBTcGVjaWZ5IHRoZSB0eXBlIG9mIHRoZSBsYXllciBvZiB0aGUgVlBOIGNvbm5lY3Rpb24uDQojIA0KIyBUbyBjb25uZWN0IHRvIHRoZSBWUE4gU2VydmVyIGFzIGEgIlJlbW90ZS1BY2Nlc3MgVlBOIENsaWVudCBQQyIsDQojICBzcGVjaWZ5ICdkZXYgdHVuJy4gKExheWVyLTMgSVAgUm91dGluZyBNb2RlKQ0KIw0KIyBUbyBjb25uZWN0IHRvIHRoZSBWUE4gU2VydmVyIGFzIGEgYnJpZGdpbmcgZXF1aXBtZW50IG9mICJTaXRlLXRvLVNpdGUgVlBOIiwNCiMgIHNwZWNpZnkgJ2RldiB0YXAnLiAoTGF5ZXItMiBFdGhlcm5ldCBCcmlkZ2luZSBNb2RlKQ0KDQpkZXYgdHVuDQoNCg0KIyMjIyMjIyMjIyMjIyMjIyMjIyMjIyMjIyMjIyMjIyMjIyMjIyMjIyMjIyMjIyMjIyMjIyMjIyMjIyMjIyMjIyMjIyMjIyMjIyMjIyMjIw0KIyBTcGVjaWZ5IHRoZSB1bmRlcmx5aW5nIHByb3RvY29sIGJleW9uZCB0aGUgSW50ZXJuZXQuDQojIE5vdGUgdGhhdCB0aGlzIHNldHRpbmcgbXVzdCBiZSBjb3JyZXNwb25kIHdpdGggdGhlIGxpc3RlbmluZyBzZXR0aW5nIG9uDQojIHRoZSBWUE4gU2VydmVyLg0KIyANCiMgU3BlY2lmeSBlaXRoZXIgJ3Byb3RvIHRjcCcgb3IgJ3Byb3RvIHVkcCcuDQoNCnByb3RvIHRjcA0KDQoNCiMjIyMjIyMjIyMjIyMjIyMjIyMjIyMjIyMjIyMjIyMjIyMjIyMjIyMjIyMjIyMjIyMjIyMjIyMjIyMjIyMjIyMjIyMjIyMjIyMjIyMjIyMNCiMgVGhlIGRlc3RpbmF0aW9uIGhvc3RuYW1lIC8gSVAgYWRkcmVzcywgYW5kIHBvcnQgbnVtYmVyIG9mDQojIHRoZSB0YXJnZXQgVlBOIFNlcnZlci4NCiMgDQojIFlvdSBoYXZlIHRvIHNwZWNpZnkgYXMgJ3JlbW90ZSA8SE9TVE5BTUU+IDxQT1JUPicuIFlvdSBjYW4gYWxzbw0KIyBzcGVjaWZ5IHRoZSBJUCBhZGRyZXNzIGluc3RlYWQgb2YgdGhlIGhvc3RuYW1lLg0KIyANCiMgTm90ZSB0aGF0IHRoZSBhdXRvLWdlbmVyYXRlZCBiZWxvdyBob3N0bmFtZSBhcmUgYSAiYXV0by1kZXRlY3RlZA0KIyBJUCBhZGRyZXNzIiBvZiB0aGUgVlBOIFNlcnZlci4gWW91IGhhdmUgdG8gY29uZmlybSB0aGUgY29ycmVjdG5lc3MNCiMgYmVmb3JlaGFuZC4NCiMgDQojIFdoZW4geW91IHdhbnQgdG8gY29ubmVjdCB0byB0aGUgVlBOIFNlcnZlciBieSB1c2luZyBUQ1AgcHJvdG9jb2wsDQojIHRoZSBwb3J0IG51bWJlciBvZiB0aGUgZGVzdGluYXRpb24gVENQIHBvcnQgc2hvdWxkIGJlIHNhbWUgYXMgb25lIG9mDQojIHRoZSBhdmFpbGFibGUgVENQIGxpc3RlbmVycyBvbiB0aGUgVlBOIFNlcnZlci4NCiMgDQojIFdoZW4geW91IHVzZSBVRFAgcHJvdG9jb2wsIHRoZSBwb3J0IG51bWJlciBtdXN0IHNhbWUgYXMgdGhlIGNvbmZpZ3VyYXRpb24NCiMgc2V0dGluZyBvZiAiT3BlblZQTiBTZXJ2ZXIgQ29tcGF0aWJsZSBGdW5jdGlvbiIgb24gdGhlIFZQTiBTZXJ2ZXIuDQoNCnJlbW90ZSAxODMuMTc3LjIwNy4xNDcgMTY0Mw0KDQoNCiMjIyMjIyMjIyMjIyMjIyMjIyMjIyMjIyMjIyMjIyMjIyMjIyMjIyMjIyMjIyMjIyMjIyMjIyMjIyMjIyMjIyMjIyMjIyMjIyMjIyMjIyMNCiMgVGhlIEhUVFAvSFRUUFMgcHJveHkgc2V0dGluZy4NCiMgDQojIE9ubHkgaWYgeW91IGhhdmUgdG8gdXNlIHRoZSBJbnRlcm5ldCB2aWEgYSBwcm94eSwgdW5jb21tZW50IHRoZSBiZWxvdw0KIyB0d28gbGluZXMgYW5kIHNwZWNpZnkgdGhlIHByb3h5IGFkZHJlc3MgYW5kIHRoZSBwb3J0IG51bWJlci4NCiMgSW4gdGhlIGNhc2Ugb2YgdXNpbmcgcHJveHktYXV0aGVudGljYXRpb24sIHJlZmVyIHRoZSBPcGVuVlBOIG1hbnVhbC4NCg0KO2h0dHAtcHJveHktcmV0cnkNCjtodHRwLXByb3h5IFtwcm94eSBzZXJ2ZXJdIFtwcm94eSBwb3J0XQ0KDQoNCiMjIyMjIyMjIyMjIyMjIyMjIyMjIyMjIyMjIyMjIyMjIyMjIyMjIyMjIyMjIyMjIyMjIyMjIyMjIyMjIyMjIyMjIyMjIyMjIyMjIyMjIyMNCiMgVGhlIGVuY3J5cHRpb24gYW5kIGF1dGhlbnRpY2F0aW9uIGFsZ29yaXRobS4NCiMgDQojIERlZmF1bHQgc2V0dGluZyBpcyBnb29kLiBNb2RpZnkgaXQgYXMgeW91IHByZWZlci4NCiMgV2hlbiB5b3Ugc3BlY2lmeSBhbiB1bnN1cHBvcnRlZCBhbGdvcml0aG0sIHRoZSBlcnJvciB3aWxsIG9jY3VyLg0KIyANCiMgVGhlIHN1cHBvcnRlZCBhbGdvcml0aG1zIGFyZSBhcyBmb2xsb3dzOg0KIyAgY2lwaGVyOiBbTlVMTC1DSVBIRVJdIE5VTEwgQUVTLTEyOC1DQkMgQUVTLTE5Mi1DQkMgQUVTLTI1Ni1DQkMgQkYtQ0JDDQojICAgICAgICAgIENBU1QtQ0JDIENBU1Q1LUNCQyBERVMtQ0JDIERFUy1FREUtQ0JDIERFUy1FREUzLUNCQyBERVNYLUNCQw0KIyAgICAgICAgICBSQzItNDAtQ0JDIFJDMi02NC1DQkMgUkMyLUNCQw0KIyAgYXV0aDogICBTSEEgU0hBMSBNRDUgTUQ0IFJNRDE2MA0KDQpjaXBoZXIgQUVTLTEyOC1DQkMNCmF1dGggU0hBMQ0KDQoNCiMjIyMjIyMjIyMjIyMjIyMjIyMjIyMjIyMjIyMjIyMjIyMjIyMjIyMjIyMjIyMjIyMjIyMjIyMjIyMjIyMjIyMjIyMjIyMjIyMjIyMjIyMNCiMgT3RoZXIgcGFyYW1ldGVycyBuZWNlc3NhcnkgdG8gY29ubmVjdCB0byB0aGUgVlBOIFNlcnZlci4NCiMgDQojIEl0IGlzIG5vdCByZWNvbW1lbmRlZCB0byBtb2RpZnkgaXQgdW5sZXNzIHlvdSBoYXZlIGEgcGFydGljdWxhciBuZWVkLg0KDQpyZXNvbHYtcmV0cnkgaW5maW5pdGUNCm5vYmluZA0KcGVyc2lzdC1rZXkNCnBlcnNpc3QtdHVuDQpjbGllbnQNCnZlcmIgMw0KI2F1dGgtdXNlci1wYXNzDQoNCg0KIyMjIyMjIyMjIyMjIyMjIyMjIyMjIyMjIyMjIyMjIyMjIyMjIyMjIyMjIyMjIyMjIyMjIyMjIyMjIyMjIyMjIyMjIyMjIyMjIyMjIyMjIw0KIyBUaGUgY2VydGlmaWNhdGUgZmlsZSBvZiB0aGUgZGVzdGluYXRpb24gVlBOIFNlcnZlci4NCiMgDQojIFRoZSBDQSBjZXJ0aWZpY2F0ZSBmaWxlIGlzIGVtYmVkZGVkIGluIHRoZSBpbmxpbmUgZm9ybWF0Lg0KIyBZb3UgY2FuIHJlcGxhY2UgdGhpcyBDQSBjb250ZW50cyBpZiBuZWNlc3NhcnkuDQojIFBsZWFzZSBub3RlIHRoYXQgaWYgdGhlIHNlcnZlciBjZXJ0aWZpY2F0ZSBpcyBub3QgYSBzZWxmLXNpZ25lZCwgeW91IGhhdmUgdG8NCiMgc3BlY2lmeSB0aGUgc2lnbmVyJ3Mgcm9vdCBjZXJ0aWZpY2F0ZSAoQ0EpIGhlcmUuDQoNCjxjYT4NCi0tLS0tQkVHSU4gQ0VSVElGSUNBVEUtLS0tLQ0KTUlJRmF6Q0NBMU9nQXdJQkFnSVJBSUlRejdEU1FPTlpSR1BndTJPQ2l3QXdEUVlKS29aSWh2Y05BUUVMQlFBdw0KVHpFTE1Ba0dBMVVFQmhNQ1ZWTXhLVEFuQmdOVkJBb1RJRWx1ZEdWeWJtVjBJRk5sWTNWeWFYUjVJRkpsYzJWaA0KY21Ob0lFZHliM1Z3TVJVd0V3WURWUVFERXd4SlUxSkhJRkp2YjNRZ1dERXdIaGNOTVRVd05qQTBNVEV3TkRNNA0KV2hjTk16VXdOakEwTVRFd05ETTRXakJQTVFzd0NRWURWUVFHRXdKVlV6RXBNQ2NHQTFVRUNoTWdTVzUwWlhKdQ0KWlhRZ1UyVmpkWEpwZEhrZ1VtVnpaV0Z5WTJnZ1IzSnZkWEF4RlRBVEJnTlZCQU1UREVsVFVrY2dVbTl2ZENCWQ0KTVRDQ0FpSXdEUVlKS29aSWh2Y05BUUVCQlFBRGdnSVBBRENDQWdvQ2dnSUJBSzNvSkhQMEZEZnptNTRyVnlnYw0KaDc3Y3Q5ODRrSXh1UE9aWG9IajNkY0tpL3ZWcWJ2WUFUeWpiM21pR2JFU1R0ckZqL1JRU2E3OGYwdW94bXlGKw0KMFRNOHVrajEzWG5mczdqL0V2RWhta3ZCaW9aeGFVcG1abXlQZmp4d3Y2MHBJZ2J6NU1EbWdLN2lTNCszbVg2VQ0KQTUvVFI1ZDhtVWdqVStnNHJrOEtiNE11MFVsWGpJQjB0dG92MERpTmV3TndJUnQxOGpBOCtvK3UzZHBqcStzVw0KVDhLT0VVdCt6d3ZvLzdWM0x2U3llMHJnVEJJbERIQ05BeW1nNFZNazdCUFo3aG0vRUxOS2pEK0pvMkZSM3F5SA0KQjVUMFkzSHNMdUp2VzVpQjRZbGNOSGxzZHU4N2tHSjU1dHVrbWk4bXhkQVE0UTdlMlJDT0Z2dTM5NmozeCtVQw0KQjVpUE5naVY1K0kzbGcwMmRaNzdEbkt4SFp1OEEvbEpCZGlCM1FXMEt0WkI2YXdCZHBVS0Q5amYxYjBTSHpVdg0KS0JkczBwakJxQWxrZDI1SE43ck9yRmxlYUoxL2N0YUp4UVpCS1Q1WlB0MG05U1RKRWFkYW8weEFIMGFobWJXbg0KT2xGdWhqdWVmWEtuRWdWNFdlMCtVWGdWQ3dPUGpkQXZCYkkrZTBvY1MzTUZFdnpHNnVCUUUzeERrM1N6eW5Ubg0Kamg4QkNOQXcxRnR4TnJRSHVzRXdNRnhJdDRJN21LWjlZSXFpb3ltQ3pMcTlnd1Fib29NRFFhSFdCZkVid3Jidw0KcUh5R08wYW9TQ3FJM0hhYWRyOGZhcVU5R1kvck9QTmszc2dyRFFvby8vZmI0aFZDMUNMUUoxM2hlZjRZNTNDSQ0KclU3bTJZczZ4dDBuVVc3L3ZHVDFNME5QQWdNQkFBR2pRakJBTUE0R0ExVWREd0VCL3dRRUF3SUJCakFQQmdOVg0KSFJNQkFmOEVCVEFEQVFIL01CMEdBMVVkRGdRV0JCUjV0Rm5tZTdibDVBRnpnQWlJeUJwWTl1bWJiakFOQmdrcQ0KaGtpRzl3MEJBUXNGQUFPQ0FnRUFWUjlZcWJ5eXFGRFFETEhZR21rZ0p5a0lyR0YxWElwdStJTGxhUy9WOWxaTA0KdWJoekVGblRJWmQrNTB4eCs3TFNZSzA1cUF2cUZ5RldoZkZRRGxucnp1Qlo2YnJKRmUrR25ZK0VnUGJrNlpHUQ0KM0JlYllodEY4R2FWMG54dnd1bzc3eC9QeTlhdUovR3BzTWl1L1gxK212b2lCT3YvMlgvcWtTc2lzUmNPai9LSw0KTkZ0WTJQd0J5VlM1dUNiTWlvZ3ppVXd0aER5QzMrNldWd1c2TEx2M3hMZkhUanVDdmpISUluTnprdEhDZ0tRNQ0KT1JBekk0Sk1QSitHc2xXWUhiNHBob3dpbTU3aWF6dFhPb0p3VGR3Sng0bkxDZ2ROYk9oZGpzbnZ6cXZIdTdVcg0KVGtYV1N0QW16T1Z5eWdocXBaWGpGYUgzcE8zSkxGK2wrLytzS0FJdXZ0ZDd1K054ZTVBVzB3ZGVSbE44TndkQw0Kak5QRWxwelZtYlVxNEpVYWdFaXVURGtIenN4SHBGS1ZLN3E0KzYzU00xTjk1UjFOYmRXaHNjZENiK1pBSnpWYw0Kb3lpM0I0M25qVE9RNXlPZisxQ2NlV3hHMWJRVnM1WnVmcHNNbGpxNFVpMC8xbHZoK3dqQ2hQNGtxS09KMnF4cQ0KNFJncXNhaERZVnZUSDl3N2pYYnlMZWlOZGQ4WE0ydzlVL3Q3eTBGZi85eWkwR0U0NFphNHJGMkxOOWQxMVRQQQ0KbVJHdW5VSEJjbldFdmdKQlFsOW5KRWlVMFpzbnZnYy91YmhQZ1hSUjRYcTM3WjBqNHI3ZzFTZ0VFend4QTU3ZA0KZW15UHhnY1l4bi9lUjQ0L0tKNEVCcytsVkRSM3ZleUptK2tYUTk5YjIxLytqaDVYb3MxQW5YNWlJdHJlR0NjPQ0KLS0tLS1FTkQgQ0VSVElGSUNBVEUtLS0tLQ0KDQo8L2NhPg0KDQoNCiMjIyMjIyMjIyMjIyMjIyMjIyMjIyMjIyMjIyMjIyMjIyMjIyMjIyMjIyMjIyMjIyMjIyMjIyMjIyMjIyMjIyMjIyMjIyMjIyMjIyMjIyMNCiMgVGhlIGNsaWVudCBjZXJ0aWZpY2F0ZSBmaWxlIChkdW1teSkuDQojIA0KIyBJbiBzb21lIGltcGxlbWVudGF0aW9ucyBvZiBPcGVuVlBOIENsaWVudCBzb2Z0d2FyZQ0KIyAoZm9yIGV4YW1wbGU6IE9wZW5WUE4gQ2xpZW50IGZvciBpT1MpLA0KIyBhIHBhaXIgb2YgY2xpZW50IGNlcnRpZmljYXRlIGFuZCBwcml2YXRlIGtleSBtdXN0IGJlIGluY2x1ZGVkIG9uIHRoZQ0KIyBjb25maWd1cmF0aW9uIGZpbGUgZHVlIHRvIHRoZSBsaW1pdGF0aW9uIG9mIHRoZSBjbGllbnQuDQojIFNvIHRoaXMgc2FtcGxlIGNvbmZpZ3VyYXRpb24gZmlsZSBoYXMgYSBkdW1teSBwYWlyIG9mIGNsaWVudCBjZXJ0aWZpY2F0ZQ0KIyBhbmQgcHJpdmF0ZSBrZXkgYXMgZm9sbG93cy4NCg0KPGNlcnQ+DQotLS0tLUJFR0lOIENFUlRJRklDQVRFLS0tLS0NCk1JSUN4akNDQWE0Q0FRQXdEUVlKS29aSWh2Y05BUUVGQlFBd0tURWFNQmdHQTFVRUF4TVJWbEJPUjJGMFpVTnMNCmFXVnVkRU5sY25ReEN6QUpCZ05WQkFZVEFrcFFNQjRYRFRFek1ESXhNVEF6TkRrME9Wb1hEVE0zTURFeE9UQXoNCk1UUXdOMW93S1RFYU1CZ0dBMVVFQXhNUlZsQk9SMkYwWlVOc2FXVnVkRU5sY25ReEN6QUpCZ05WQkFZVEFrcFENCk1JSUJJakFOQmdrcWhraUc5dzBCQVFFRkFBT0NBUThBTUlJQkNnS0NBUUVBNWgybGdRUVlVandvS1lKYnpWWkENCjVWY0lHZDVvdFBjL3FaUk10MEtJdENGQTBzOVJ3UmVOVmE5ZkRSRkxSQmhjSVRPbHYzRkJjVzNFOGgxVXM3UkQNCjRXOEdtSmU4emFwSm5Mc0QzOU9TTVJDelpKbmN6VzRPQ0gxUFpSWldLcUR0amxOY2E5QUY4YTY1alRtbER4Q1ENCkNqbnRMSVdrNU9MTFZrRnQ5L3RTY2MxR0R0Y2k1NW9maGFOQVlNUGlIN1Y4KzFnNjZwR0hYQW9XSzZBUVZINjcNClhDS0puR0I1bmxRK0hzTVlQVi9PNDlMZDkxWk4vMnRIa2NhTEx5TnR5d3hWUFJTc1JoNDgwamp1MGZjQ3N2NmgNCnAvMHlYblRCLy9tV3V0QkdwZFVsSWJ3aUlUYkFtcnNiWW5qaWdSdm5QcVgxUk5KVWJpOUZwNkMyYy9ISUZKR0QNCnl3SURBUUFCTUEwR0NTcUdTSWIzRFFFQkJRVUFBNElCQVFDaE81aGdjdy80b1dmb0VGTHU5a0JhMUIvL2t4SDgNCmhRa0NoVk5uOEJSQzdZMFVSUWl0UGwzREtFZWQ5VVJCRGRnMktPQXo3N2JiNkVOUGlsaUQrYTM4VUpISVJNcWUNClVCSGhsbE9ISXp2RGhIRmJhb3ZBTEJRY2VlQnpka1F4c0tRRVNLbVFtUjgzMjk1MFVDb3ZveVJCNjFVeUFWN2gNCittWmhZUEdSS1hLU0pJNnMwRWdnL0NyaStDd2s0YmpKZnJiNWhWc2UxMXloNEQ5TUhod1NmQ09IKzB6NGhQVVQNCkZrdTdkR2F2VVJPNVNWeE1uL3NMNkVuNUQrb1NlWGthZEhwRHMrQWlyeW0yWUhoMTVoMCtqUFNPb1I2eWlWcC8NCjZ6WmVaa3JONDNrdVM3M0twS0RGamZGUGg4dDRyMWdPSWp0dGtOY1FxQmNjdXNucGxRN0hKcHNrDQotLS0tLUVORCBDRVJUSUZJQ0FURS0tLS0tDQoNCjwvY2VydD4NCg0KPGtleT4NCi0tLS0tQkVHSU4gUlNBIFBSSVZBVEUgS0VZLS0tLS0NCk1JSUVwQUlCQUFLQ0FRRUE1aDJsZ1FRWVVqd29LWUpielZaQTVWY0lHZDVvdFBjL3FaUk10MEtJdENGQTBzOVINCndSZU5WYTlmRFJGTFJCaGNJVE9sdjNGQmNXM0U4aDFVczdSRDRXOEdtSmU4emFwSm5Mc0QzOU9TTVJDelpKbmMNCnpXNE9DSDFQWlJaV0txRHRqbE5jYTlBRjhhNjVqVG1sRHhDUUNqbnRMSVdrNU9MTFZrRnQ5L3RTY2MxR0R0Y2kNCjU1b2ZoYU5BWU1QaUg3VjgrMWc2NnBHSFhBb1dLNkFRVkg2N1hDS0puR0I1bmxRK0hzTVlQVi9PNDlMZDkxWk4NCi8ydEhrY2FMTHlOdHl3eFZQUlNzUmg0ODBqanUwZmNDc3Y2aHAvMHlYblRCLy9tV3V0QkdwZFVsSWJ3aUlUYkENCm1yc2JZbmppZ1J2blBxWDFSTkpVYmk5RnA2QzJjL0hJRkpHRHl3SURBUUFCQW9JQkFFUlY3WDVBdnhBOHVSaUsNCms4U0lwc0QwZFgxcEpPTUl3YWtVVnl2YzRFZk4wRGhLUk5iNHJZb1NpRUdUTHl6THB5QmMvQTI4RGxrbTVlT1kNCmZqelhmWWtHdFlpL0Z0eGtnM085dmNyTVE0KzZpK3VHSGFJTDJyTCtzNE1yZk84djF4djYrV2t5MzNFRUdDb3UNClFpd1ZHUkZRWG5Sb1E2Mk5CQ0ZiVU5MaG1Yd2RqMWFrWnpMVTRwNVI0ekEzUWhkeHdFSWF0Vkx0MCs3b3dMUTMNCmxQOHNmWGhwcFBPWGpUcU1ENFFrWXd6UEFhOC96RjdhY240a3J5clVQN1E2UEFmZDB6RVZxTnk5WkNaOWZmaG8NCnpYZWRGajQ4NklGb2M1Z25UcDJONmpzblZqNExDR0lobFZIbFlHb3pLS0ZxSmNRVkdzSENxcTFvejJ6alc2TFMNCm9SWUlIZ0VDZ1lFQTh6WnJrQ3dOWVNYSnVPREozbS9oT0xWeGN4Z0p1d1hvaUVyV2QwRTQydlBhbmpqVk1obnQNCktZNWw4cUdNSjZGaEs5TFl4MnFDcmYvRTBYdFVBWjJ3VnEzT1JUeUduc01XcmU5dExZczU1WCtaTjEwVGM3NXoNCjRoYWNiVTBocUtOMUhpRG1zTVJZMy8yTmFaSG95N01LbndKSkJhRzQ4bDlDQ1RsVndNSG9jSUVDZ1lFQThqYnkNCmRHanhUSCs2WEhXTml6YjVTUmJaeEFueUVlSmVSd1RNaDBnR3p3R1BwSC9zWllHenl1MFN5U1hXQ25aaDNSZ3ENCjV1TGxOeHRyWHJsalpseWkyblFkUWdzcTJZcldVczAremdVKzIydVFzWnBTQWZ0bWhWcnR2ZXQ2TWpWamJCeVkNCkRBRGNpRVZVZEpZSVhrK3FuRlVKeWVyb0xJa1RqN1dZS1o2Umprc0NnWUJvQ0ZJd1JEZWc0Mm9LODlSRm1uT3INCkx5bU5BcTQrMm9NaHNXbFZiNGVqV0lXZUFrOW5jK0dYVWZyWHN6UmhTMDFtVW5VNXI1eWdVdlJjYXJWL1QzVTcNClRuTVorSTdZNERnV1JJRGQ1MXpuaHhJQnRZVjVqL0MvdDg1SGpxT2tIKzhiNlJUa2JjaGFYM21hdTdmcFVmZHMNCkZxMG5oSXE0MmZoRU84c3JmWVl3Z1FLQmdRQ3loaTFOLzh0YVJ3cGsrMy9JREV6UXdqYmZkelVrV1dTRGs5WHMNCkgvcGt1UkhXZlRNUDNmbFdxRVlnVy9MVzQwcGVXMkhEcTVpbWRWOCtBZ1p4ZS9YTWJhamk5TGd3ZjFSWTAwNW4NCkt4YVpRejd5cUh1cFdsTEdGNjhEUEh4a1pWVlNhZ0RuVi9zenRXWDZTRnNDcUZWbnhJWGlmWEdDNGNXNU5tOWcNCnZhOHE0UUtCZ1FDRWhMVmVVZmR3S3ZrWjk0Zy9HRno3MzFaMmhyZFZoZ01aYVUvdTZ0MFY5NStZZXpQTkNRWkINCndtRTlNbWxicTFlbURlUk9pdmpDZm9HaFIza1pYVzFwVEtsTGg2Wk1VUVVPcHB0ZFh2YThYeGZvcVF3YTNlbkENCk03bXVCYkYwWE43Vk84MGlKUHYrUG1JWmRFSUFrcHdLZmkyMDFZQitCYWZDSXVHeElGNTBWZz09DQotLS0tLUVORCBSU0EgUFJJVkFURSBLRVktLS0tLQ0KDQo8L2tleT4NCg0K
vpn271713006,221.103.92.61,745201,5,259627923,Japan,JP,47,46378507,322269,37384083699569,2weeks,DESKTOP-HCD4U0M's owner,,IyMjIyMjIyMjIyMjIyMjIyMjIyMjIyMjIyMjIyMjIyMjIyMjIyMjIyMjIyMjIyMjIyMjIyMjIyMjIyMjIyMjIyMjIyMjIyMjIyMjIyMjIw0KIyBPcGVuVlBOIDIuMCBTYW1wbGUgQ29uZmlndXJhdGlvbiBGaWxlDQojIGZvciBQYWNrZXRpWCBWUE4gLyBTb2Z0RXRoZXIgVlBOIFNlcnZlcg0KIyANCiMgISEhIEFVVE8tR0VORVJBVEVEIEJZIFNPRlRFVEhFUiBWUE4gU0VSVkVSIE1BTkFHRU1FTlQgVE9PTCAhISENCiMgDQojICEhISBZT1UgSEFWRSBUTyBSRVZJRVcgSVQgQkVGT1JFIFVTRSBBTkQgTU9ESUZZIElUIEFTIE5FQ0VTU0FSWSAhISENCiMgDQojIFRoaXMgY29uZmlndXJhdGlvbiBmaWxlIGlzIGF1dG8tZ2VuZXJhdGVkLiBZb3UgbWlnaHQgdXNlIHRoaXMgY29uZmlnIGZpbGUNCiMgaW4gb3JkZXIgdG8gY29ubmVjdCB0byB0aGUgUGFja2V0aVggVlBOIC8gU29mdEV0aGVyIFZQTiBTZXJ2ZXIuDQojIEhvd2V2ZXIsIGJlZm9yZSB5b3UgdHJ5IGl0LCB5b3Ugc2hvdWxkIHJldmlldyB0aGUgZGVzY3JpcHRpb25zIG9mIHRoZSBmaWxlDQojIHRvIGRldGVybWluZSB0aGUgbmVjZXNzaXR5IHRvIG1vZGlmeSB0byBzdWl0YWJsZSBmb3IgeW91ciByZWFsIGVudmlyb25tZW50Lg0KIyBJZiBuZWNlc3NhcnksIHlvdSBoYXZlIHRvIG1vZGlmeSBhIGxpdHRsZSBhZGVxdWF0ZWx5IG9uIHRoZSBmaWxlLg0KIyBGb3IgZXhhbXBsZSwgdGhlIElQIGFkZHJlc3Mgb3IgdGhlIGhvc3RuYW1lIGFzIGEgZGVzdGluYXRpb24gVlBOIFNlcnZlcg0KIyBzaG91bGQgYmUgY29uZmlybWVkLg0KIyANCiMgTm90ZSB0aGF0IHRvIHVzZSBPcGVuVlBOIDIuMCwgeW91IGhhdmUgdG8gcHV0IHRoZSBjZXJ0aWZpY2F0aW9uIGZpbGUgb2YNCiMgdGhlIGRlc3RpbmF0aW9uIFZQTiBTZXJ2ZXIgb24gdGhlIE9wZW5WUE4gQ2xpZW50IGNvbXB1dGVyIHdoZW4geW91IHVzZSB0aGlzDQojIGNvbmZpZyBmaWxlLiBQbGVhc2UgcmVmZXIgdGhlIGJlbG93IGRlc2NyaXB0aW9ucyBjYXJlZnVsbHkuDQoNCg0KIyMjIyMjIyMjIyMjIyMjIyMjIyMjIyMjIyMjIyMjIyMjIyMjIyMjIyMjIyMjIyMjIyMjIyMjIyMjIyMjIyMjIyMjIyMjIyMjIyMjIyMjIw0KIyBTcGVjaWZ5IHRoZSB0eXBlIG9mIHRoZSBsYXllciBvZiB0aGUgVlBOIGNvbm5lY3Rpb24uDQojIA0KIyBUbyBjb25uZWN0IHRvIHRoZSBWUE4gU2VydmVyIGFzIGEgIlJlbW90ZS1BY2Nlc3MgVlBOIENsaWVudCBQQyIsDQojICBzcGVjaWZ5ICdkZXYgdHVuJy4gKExheWVyLTMgSVAgUm91dGluZyBNb2RlKQ0KIw0KIyBUbyBjb25uZWN0IHRvIHRoZSBWUE4gU2VydmVyIGFzIGEgYnJpZGdpbmcgZXF1aXBtZW50IG9mICJTaXRlLXRvLVNpdGUgVlBOIiwNCiMgIHNwZWNpZnkgJ2RldiB0YXAnLiAoTGF5ZXItMiBFdGhlcm5ldCBCcmlkZ2luZSBNb2RlKQ0KDQpkZXYgdHVuDQoNCg0KIyMjIyMjIyMjIyMjIyMjIyMjIyMjIyMjIyMjIyMjIyMjIyMjIyMjIyMjIyMjIyMjIyMjIyMjIyMjIyMjIyMjIyMjIyMjIyMjIyMjIyMjIw0KIyBTcGVjaWZ5IHRoZSB1bmRlcmx5aW5nIHByb3RvY29sIGJleW9uZCB0aGUgSW50ZXJuZXQuDQojIE5vdGUgdGhhdCB0aGlzIHNldHRpbmcgbXVzdCBiZSBjb3JyZXNwb25kIHdpdGggdGhlIGxpc3RlbmluZyBzZXR0aW5nIG9uDQojIHRoZSBWUE4gU2VydmVyLg0KIyANCiMgU3BlY2lmeSBlaXRoZXIgJ3Byb3RvIHRjcCcgb3IgJ3Byb3RvIHVkcCcuDQoNCnByb3RvIHRjcA0KDQoNCiMjIyMjIyMjIyMjIyMjIyMjIyMjIyMjIyMjIyMjIyMjIyMjIyMjIyMjIyMjIyMjIyMjIyMjIyMjIyMjIyMjIyMjIyMjIyMjIyMjIyMjIyMNCiMgVGhlIGRlc3RpbmF0aW9uIGhvc3RuYW1lIC8gSVAgYWRkcmVzcywgYW5kIHBvcnQgbnVtYmVyIG9mDQojIHRoZSB0YXJnZXQgVlBOIFNlcnZlci4NCiMgDQojIFlvdSBoYXZlIHRvIHNwZWNpZnkgYXMgJ3JlbW90ZSA8SE9TVE5BTUU+IDxQT1JUPicuIFlvdSBjYW4gYWxzbw0KIyBzcGVjaWZ5IHRoZSBJUCBhZGRyZXNzIGluc3RlYWQgb2YgdGhlIGhvc3RuYW1lLg0KIyANCiMgTm90ZSB0aGF0IHRoZSBhdXRvLWdlbmVyYXRlZCBiZWxvdyBob3N0bmFtZSBhcmUgYSAiYXV0by1kZXRlY3RlZA0KIyBJUCBhZGRyZXNzIiBvZiB0aGUgVlBOIFNlcnZlci4gWW91IGhhdmUgdG8gY29uZmlybSB0aGUgY29ycmVjdG5lc3MNCiMgYmVmb3JlaGFuZC4NCiMgDQojIFdoZW4geW91IHdhbnQgdG8gY29ubmVjdCB0byB0aGUgVlBOIFNlcnZlciBieSB1c2luZyBUQ1AgcHJvdG9jb2wsDQojIHRoZSBwb3J0IG51bWJlciBvZiB0aGUgZGVzdGluYXRpb24gVENQIHBvcnQgc2hvdWxkIGJlIHNhbWUgYXMgb25lIG9mDQojIHRoZSBhdmFpbGFibGUgVENQIGxpc3RlbmVycyBvbiB0aGUgVlBOIFNlcnZlci4NCiMgDQojIFdoZW4geW91IHVzZSBVRFAgcHJvdG9jb2wsIHRoZSBwb3J0IG51bWJlciBtdXN0IHNhbWUgYXMgdGhlIGNvbmZpZ3VyYXRpb24NCiMgc2V0dGluZyBvZiAiT3BlblZQTiBTZXJ2ZXIgQ29tcGF0aWJsZSBGdW5jdGlvbiIgb24gdGhlIFZQTiBTZXJ2ZXIuDQoNCnJlbW90ZSAyMjEuMTAzLjkyLjYxIDEzNTANCg0KDQojIyMjIyMjIyMjIyMjIyMjIyMjIyMjIyMjIyMjIyMjIyMjIyMjIyMjIyMjIyMjIyMjIyMjIyMjIyMjIyMjIyMjIyMjIyMjIyMjIyMjIyMjDQojIFRoZSBIVFRQL0hUVFBTIHByb3h5IHNldHRpbmcuDQojIA0KIyBPbmx5IGlmIHlvdSBoYXZlIHRvIHVzZSB0aGUgSW50ZXJuZXQgdmlhIGEgcHJveHksIHVuY29tbWVudCB0aGUgYmVsb3cNCiMgdHdvIGxpbmVzIGFuZCBzcGVjaWZ5IHRoZSBwcm94eSBhZGRyZXNzIGFuZCB0aGUgcG9ydCBudW1iZXIuDQojIEluIHRoZSBjYXNlIG9mIHVzaW5nIHByb3h5LWF1dGhlbnRpY2F0aW9uLCByZWZlciB0aGUgT3BlblZQTiBtYW51YWwuDQoNCjtodHRwLXByb3h5LXJldHJ5DQo7aHR0cC1wcm94eSBbcHJveHkgc2VydmVyXSBbcHJveHkgcG9ydF0NCg0KDQojIyMjIyMjIyMjIyMjIyMjIyMjIyMjIyMjIyMjIyMjIyMjIyMjIyMjIyMjIyMjIyMjIyMjIyMjIyMjIyMjIyMjIyMjIyMjIyMjIyMjIyMjDQojIFRoZSBlbmNyeXB0aW9uIGFuZCBhdXRoZW50aWNhdGlvbiBhbGdvcml0aG0uDQojIA0KIyBEZWZhdWx0IHNldHRpbmcgaXMgZ29vZC4gTW9kaWZ5IGl0IGFzIHlvdSBwcmVmZXIuDQojIFdoZW4geW91IHNwZWNpZnkgYW4gdW5zdXBwb3J0ZWQgYWxnb3JpdGhtLCB0aGUgZXJyb3Igd2lsbCBvY2N1ci4NCiMgDQojIFRoZSBzdXBwb3J0ZWQgYWxnb3JpdGhtcyBhcmUgYXMgZm9sbG93czoNCiMgIGNpcGhlcjogW05VTEwtQ0lQSEVSXSBOVUxMIEFFUy0xMjgtQ0JDIEFFUy0xOTItQ0JDIEFFUy0yNTYtQ0JDIEJGLUNCQw0KIyAgICAgICAgICBDQVNULUNCQyBDQVNUNS1DQkMgREVTLUNCQyBERVMtRURFLUNCQyBERVMtRURFMy1DQkMgREVTWC1DQkMNCiMgICAgICAgICAgUkMyLTQwLUNCQyBSQzItNjQtQ0JDIFJDMi1DQkMNCiMgIGF1dGg6ICAgU0hBIFNIQTEgTUQ1IE1ENCBSTUQxNjANCg0KY2lwaGVyIEFFUy0xMjgtQ0JDDQphdXRoIFNIQTENCg0KDQojIyMjIyMjIyMjIyMjIyMjIyMjIyMjIyMjIyMjIyMjIyMjIyMjIyMjIyMjIyMjIyMjIyMjIyMjIyMjIyMjIyMjIyMjIyMjIyMjIyMjIyMjDQojIE90aGVyIHBhcmFtZXRlcnMgbmVjZXNzYXJ5IHRvIGNvbm5lY3QgdG8gdGhlIFZQTiBTZXJ2ZXIuDQojIA0KIyBJdCBpcyBub3QgcmVjb21tZW5kZWQgdG8gbW9kaWZ5IGl0IHVubGVzcyB5b3UgaGF2ZSBhIHBhcnRpY3VsYXIgbmVlZC4NCg0KcmVzb2x2LXJldHJ5IGluZmluaXRlDQpub2JpbmQNCnBlcnNpc3Qta2V5DQpwZXJzaXN0LXR1bg0KY2xpZW50DQp2ZXJiIDMNCiNhdXRoLXVzZXItcGFzcw0KDQoNCiMjIyMjIyMjIyMjIyMjIyMjIyMjIyMjIyMjIyMjIyMjIyMjIyMjIyMjIyMjIyMjIyMjIyMjIyMjIyMjIyMjIyMjIyMjIyMjIyMjIyMjIyMNCiMgVGhlIGNlcnRpZmljYXRlIGZpbGUgb2YgdGhlIGRlc3RpbmF0aW9uIFZQTiBTZXJ2ZXIuDQojIA0KIyBUaGUgQ0EgY2VydGlmaWNhdGUgZmlsZSBpcyBlbWJlZGRlZCBpbiB0aGUgaW5saW5lIGZvcm1hdC4NCiMgWW91IGNhbiByZXBsYWNlIHRoaXMgQ0EgY29udGVudHMgaWYgbmVjZXNzYXJ5Lg0KIyBQbGVhc2Ugbm90ZSB0aGF0IGlmIHRoZSBzZXJ2ZXIgY2VydGlmaWNhdGUgaXMgbm90IGEgc2VsZi1zaWduZWQsIHlvdSBoYXZlIHRvDQojIHNwZWNpZnkgdGhlIHNpZ25lcidzIHJvb3QgY2VydGlmaWNhdGUgKENBKSBoZXJlLg0KDQo8Y2E+DQotLS0tLUJFR0lOIENFUlRJRklDQVRFLS0tLS0NCk1JSUZhekNDQTFPZ0F3SUJBZ0lSQUlJUXo3RFNRT05aUkdQZ3UyT0Npd0F3RFFZSktvWklodmNOQVFFTEJRQXcNClR6RUxNQWtHQTFVRUJoTUNWVk14S1RBbkJnTlZCQW9USUVsdWRHVnlibVYwSUZObFkzVnlhWFI1SUZKbGMyVmgNCmNtTm9JRWR5YjNWd01SVXdFd1lEVlFRREV3eEpVMUpISUZKdmIzUWdXREV3SGhjTk1UVXdOakEwTVRFd05ETTQNCldoY05NelV3TmpBME1URXdORE00V2pCUE1Rc3dDUVlEVlFRR0V3SlZVekVwTUNjR0ExVUVDaE1nU1c1MFpYSnUNClpYUWdVMlZqZFhKcGRIa2dVbVZ6WldGeVkyZ2dSM0p2ZFhBeEZUQVRCZ05WQkFNVERFbFRVa2NnVW05dmRDQlkNCk1UQ0NBaUl3RFFZSktvWklodmNOQVFFQkJRQURnZ0lQQURDQ0Fnb0NnZ0lCQUszb0pIUDBGRGZ6bTU0clZ5Z2MNCmg3N2N0OTg0a0l4dVBPWlhvSGozZGNLaS92VnFidllBVHlqYjNtaUdiRVNUdHJGai9SUVNhNzhmMHVveG15RisNCjBUTTh1a2oxM1huZnM3ai9FdkVobWt2QmlvWnhhVXBtWm15UGZqeHd2NjBwSWdiejVNRG1nSzdpUzQrM21YNlUNCkE1L1RSNWQ4bVVnalUrZzRyazhLYjRNdTBVbFhqSUIwdHRvdjBEaU5ld053SVJ0MThqQTgrbyt1M2RwanErc1cNClQ4S09FVXQrend2by83VjNMdlN5ZTByZ1RCSWxESENOQXltZzRWTWs3QlBaN2htL0VMTktqRCtKbzJGUjNxeUgNCkI1VDBZM0hzTHVKdlc1aUI0WWxjTkhsc2R1ODdrR0o1NXR1a21pOG14ZEFRNFE3ZTJSQ09GdnUzOTZqM3grVUMNCkI1aVBOZ2lWNStJM2xnMDJkWjc3RG5LeEhadThBL2xKQmRpQjNRVzBLdFpCNmF3QmRwVUtEOWpmMWIwU0h6VXYNCktCZHMwcGpCcUFsa2QyNUhON3JPckZsZWFKMS9jdGFKeFFaQktUNVpQdDBtOVNUSkVhZGFvMHhBSDBhaG1iV24NCk9sRnVoanVlZlhLbkVnVjRXZTArVVhnVkN3T1BqZEF2QmJJK2Uwb2NTM01GRXZ6RzZ1QlFFM3hEazNTenluVG4NCmpoOEJDTkF3MUZ0eE5yUUh1c0V3TUZ4SXQ0STdtS1o5WUlxaW95bUN6THE5Z3dRYm9vTURRYUhXQmZFYndyYncNCnFIeUdPMGFvU0NxSTNIYWFkcjhmYXFVOUdZL3JPUE5rM3NnckRRb28vL2ZiNGhWQzFDTFFKMTNoZWY0WTUzQ0kNCnJVN20yWXM2eHQwblVXNy92R1QxTTBOUEFnTUJBQUdqUWpCQU1BNEdBMVVkRHdFQi93UUVBd0lCQmpBUEJnTlYNCkhSTUJBZjhFQlRBREFRSC9NQjBHQTFVZERnUVdCQlI1dEZubWU3Ymw1QUZ6Z0FpSXlCcFk5dW1iYmpBTkJna3ENCmhraUc5dzBCQVFzRkFBT0NBZ0VBVlI5WXFieXlxRkRRRExIWUdta2dKeWtJckdGMVhJcHUrSUxsYVMvVjlsWkwNCnViaHpFRm5USVpkKzUweHgrN0xTWUswNXFBdnFGeUZXaGZGUURsbnJ6dUJaNmJySkZlK0duWStFZ1BiazZaR1ENCjNCZWJZaHRGOEdhVjBueHZ3dW83N3gvUHk5YXVKL0dwc01pdS9YMSttdm9pQk92LzJYL3FrU3Npc1JjT2ovS0sNCk5GdFkyUHdCeVZTNXVDYk1pb2d6aVV3dGhEeUMzKzZXVndXNkxMdjN4TGZIVGp1Q3ZqSElJbk56a3RIQ2dLUTUNCk9SQXpJNEpNUEorR3NsV1lIYjRwaG93aW01N2lhenRYT29Kd1Rkd0p4NG5MQ2dkTmJPaGRqc252enF2SHU3VXINClRrWFdTdEFtek9WeXlnaHFwWlhqRmFIM3BPM0pMRitsKy8rc0tBSXV2dGQ3dStOeGU1QVcwd2RlUmxOOE53ZEMNCmpOUEVscHpWbWJVcTRKVWFnRWl1VERrSHpzeEhwRktWSzdxNCs2M1NNMU45NVIxTmJkV2hzY2RDYitaQUp6VmMNCm95aTNCNDNualRPUTV5T2YrMUNjZVd4RzFiUVZzNVp1ZnBzTWxqcTRVaTAvMWx2aCt3akNoUDRrcUtPSjJxeHENCjRSZ3FzYWhEWVZ2VEg5dzdqWGJ5TGVpTmRkOFhNMnc5VS90N3kwRmYvOXlpMEdFNDRaYTRyRjJMTjlkMTFUUEENCm1SR3VuVUhCY25XRXZnSkJRbDluSkVpVTBac252Z2MvdWJoUGdYUlI0WHEzN1owajRyN2cxU2dFRXp3eEE1N2QNCmVteVB4Z2NZeG4vZVI0NC9LSjRFQnMrbFZEUjN2ZXlKbStrWFE5OWIyMS8ramg1WG9zMUFuWDVpSXRyZUdDYz0NCi0tLS0tRU5EIENFUlRJRklDQVRFLS0tLS0NCg0KPC9jYT4NCg0KDQojIyMjIyMjIyMjIyMjIyMjIyMjIyMjIyMjIyMjIyMjIyMjIyMjIyMjIyMjIyMjIyMjIyMjIyMjIyMjIyMjIyMjIyMjIyMjIyMjIyMjIyMjDQojIFRoZSBjbGllbnQgY2VydGlmaWNhdGUgZmlsZSAoZHVtbXkpLg0KIyANCiMgSW4gc29tZSBpbXBsZW1lbnRhdGlvbnMgb2YgT3BlblZQTiBDbGllbnQgc29mdHdhcmUNCiMgKGZvciBleGFtcGxlOiBPcGVuVlBOIENsaWVudCBmb3IgaU9TKSwNCiMgYSBwYWlyIG9mIGNsaWVudCBjZXJ0aWZpY2F0ZSBhbmQgcHJpdmF0ZSBrZXkgbXVzdCBiZSBpbmNsdWRlZCBvbiB0aGUNCiMgY29uZmlndXJhdGlvbiBmaWxlIGR1ZSB0byB0aGUgbGltaXRhdGlvbiBvZiB0aGUgY2xpZW50Lg0KIyBTbyB0aGlzIHNhbXBsZSBjb25maWd1cmF0aW9uIGZpbGUgaGFzIGEgZHVtbXkgcGFpciBvZiBjbGllbnQgY2VydGlmaWNhdGUNCiMgYW5kIHByaXZhdGUga2V5IGFzIGZvbGxvd3MuDQoNCjxjZXJ0Pg0KLS0tLS1CRUdJTiBDRVJUSUZJQ0FURS0tLS0tDQpNSUlDeGpDQ0FhNENBUUF3RFFZSktvWklodmNOQVFFRkJRQXdLVEVhTUJnR0ExVUVBeE1SVmxCT1IyRjBaVU5zDQphV1Z1ZEVObGNuUXhDekFKQmdOVkJBWVRBa3BRTUI0WERURXpNREl4TVRBek5EazBPVm9YRFRNM01ERXhPVEF6DQpNVFF3TjFvd0tURWFNQmdHQTFVRUF4TVJWbEJPUjJGMFpVTnNhV1Z1ZEVObGNuUXhDekFKQmdOVkJBWVRBa3BRDQpNSUlCSWpBTkJna3Foa2lHOXcwQkFRRUZBQU9DQVE4QU1JSUJDZ0tDQVFFQTVoMmxnUVFZVWp3b0tZSmJ6VlpBDQo1VmNJR2Q1b3RQYy9xWlJNdDBLSXRDRkEwczlSd1JlTlZhOWZEUkZMUkJoY0lUT2x2M0ZCY1czRThoMVVzN1JEDQo0VzhHbUplOHphcEpuTHNEMzlPU01SQ3paSm5jelc0T0NIMVBaUlpXS3FEdGpsTmNhOUFGOGE2NWpUbWxEeENRDQpDam50TElXazVPTExWa0Z0OS90U2NjMUdEdGNpNTVvZmhhTkFZTVBpSDdWOCsxZzY2cEdIWEFvV0s2QVFWSDY3DQpYQ0tKbkdCNW5sUStIc01ZUFYvTzQ5TGQ5MVpOLzJ0SGtjYUxMeU50eXd4VlBSU3NSaDQ4MGpqdTBmY0NzdjZoDQpwLzB5WG5UQi8vbVd1dEJHcGRVbElid2lJVGJBbXJzYlluamlnUnZuUHFYMVJOSlViaTlGcDZDMmMvSElGSkdEDQp5d0lEQVFBQk1BMEdDU3FHU0liM0RRRUJCUVVBQTRJQkFRQ2hPNWhnY3cvNG9XZm9FRkx1OWtCYTFCLy9reEg4DQpoUWtDaFZObjhCUkM3WTBVUlFpdFBsM0RLRWVkOVVSQkRkZzJLT0F6NzdiYjZFTlBpbGlEK2EzOFVKSElSTXFlDQpVQkhobGxPSEl6dkRoSEZiYW92QUxCUWNlZUJ6ZGtReHNLUUVTS21RbVI4MzI5NTBVQ292b3lSQjYxVXlBVjdoDQorbVpoWVBHUktYS1NKSTZzMEVnZy9DcmkrQ3drNGJqSmZyYjVoVnNlMTF5aDREOU1IaHdTZkNPSCswejRoUFVUDQpGa3U3ZEdhdlVSTzVTVnhNbi9zTDZFbjVEK29TZVhrYWRIcERzK0FpcnltMllIaDE1aDAralBTT29SNnlpVnAvDQo2elplWmtyTjQza3VTNzNLcEtERmpmRlBoOHQ0cjFnT0lqdHRrTmNRcUJjY3VzbnBsUTdISnBzaw0KLS0tLS1FTkQgQ0VSVElGSUNBVEUtLS0tLQ0KDQo8L2NlcnQ+DQoNCjxrZXk+DQotLS0tLUJFR0lOIFJTQSBQUklWQVRFIEtFWS0tLS0tDQpNSUlFcEFJQkFBS0NBUUVBNWgybGdRUVlVandvS1lKYnpWWkE1VmNJR2Q1b3RQYy9xWlJNdDBLSXRDRkEwczlSDQp3UmVOVmE5ZkRSRkxSQmhjSVRPbHYzRkJjVzNFOGgxVXM3UkQ0VzhHbUplOHphcEpuTHNEMzlPU01SQ3paSm5jDQp6VzRPQ0gxUFpSWldLcUR0amxOY2E5QUY4YTY1alRtbER4Q1FDam50TElXazVPTExWa0Z0OS90U2NjMUdEdGNpDQo1NW9maGFOQVlNUGlIN1Y4KzFnNjZwR0hYQW9XSzZBUVZINjdYQ0tKbkdCNW5sUStIc01ZUFYvTzQ5TGQ5MVpODQovMnRIa2NhTEx5TnR5d3hWUFJTc1JoNDgwamp1MGZjQ3N2NmhwLzB5WG5UQi8vbVd1dEJHcGRVbElid2lJVGJBDQptcnNiWW5qaWdSdm5QcVgxUk5KVWJpOUZwNkMyYy9ISUZKR0R5d0lEQVFBQkFvSUJBRVJWN1g1QXZ4QTh1UmlLDQprOFNJcHNEMGRYMXBKT01Jd2FrVVZ5dmM0RWZOMERoS1JOYjRyWW9TaUVHVEx5ekxweUJjL0EyOERsa201ZU9ZDQpmanpYZllrR3RZaS9GdHhrZzNPOXZjck1RNCs2aSt1R0hhSUwyckwrczRNcmZPOHYxeHY2K1dreTMzRUVHQ291DQpRaXdWR1JGUVhuUm9RNjJOQkNGYlVOTGhtWHdkajFha1p6TFU0cDVSNHpBM1FoZHh3RUlhdFZMdDArN293TFEzDQpsUDhzZlhocHBQT1hqVHFNRDRRa1l3elBBYTgvekY3YWNuNGtyeXJVUDdRNlBBZmQwekVWcU55OVpDWjlmZmhvDQp6WGVkRmo0ODZJRm9jNWduVHAyTjZqc25WajRMQ0dJaGxWSGxZR296S0tGcUpjUVZHc0hDcXExb3oyempXNkxTDQpvUllJSGdFQ2dZRUE4elpya0N3TllTWEp1T0RKM20vaE9MVnhjeGdKdXdYb2lFcldkMEU0MnZQYW5qalZNaG50DQpLWTVsOHFHTUo2RmhLOUxZeDJxQ3JmL0UwWHRVQVoyd1ZxM09SVHlHbnNNV3JlOXRMWXM1NVgrWk4xMFRjNzV6DQo0aGFjYlUwaHFLTjFIaURtc01SWTMvMk5hWkhveTdNS253SkpCYUc0OGw5Q0NUbFZ3TUhvY0lFQ2dZRUE4amJ5DQpkR2p4VEgrNlhIV05pemI1U1JiWnhBbnlFZUplUndUTWgwZ0d6d0dQcEgvc1pZR3p5dTBTeVNYV0NuWmgzUmdxDQo1dUxsTnh0clhybGpabHlpMm5RZFFnc3EyWXJXVXMwK3pnVSsyMnVRc1pwU0FmdG1oVnJ0dmV0Nk1qVmpiQnlZDQpEQURjaUVWVWRKWUlYaytxbkZVSnllcm9MSWtUajdXWUtaNlJqa3NDZ1lCb0NGSXdSRGVnNDJvSzg5UkZtbk9yDQpMeW1OQXE0KzJvTWhzV2xWYjRlaldJV2VBazluYytHWFVmclhzelJoUzAxbVVuVTVyNXlnVXZSY2FyVi9UM1U3DQpUbk1aK0k3WTREZ1dSSURkNTF6bmh4SUJ0WVY1ai9DL3Q4NUhqcU9rSCs4YjZSVGtiY2hhWDNtYXU3ZnBVZmRzDQpGcTBuaElxNDJmaEVPOHNyZllZd2dRS0JnUUN5aGkxTi84dGFSd3BrKzMvSURFelF3amJmZHpVa1dXU0RrOVhzDQpIL3BrdVJIV2ZUTVAzZmxXcUVZZ1cvTFc0MHBlVzJIRHE1aW1kVjgrQWdaeGUvWE1iYWppOUxnd2YxUlkwMDVuDQpLeGFaUXo3eXFIdXBXbExHRjY4RFBIeGtaVlZTYWdEblYvc3p0V1g2U0ZzQ3FGVm54SVhpZlhHQzRjVzVObTlnDQp2YThxNFFLQmdRQ0VoTFZlVWZkd0t2a1o5NGcvR0Z6NzMxWjJocmRWaGdNWmFVL3U2dDBWOTUrWWV6UE5DUVpCDQp3bUU5TW1sYnExZW1EZVJPaXZqQ2ZvR2hSM2taWFcxcFRLbExoNlpNVVFVT3BwdGRYdmE4WHhmb3FRd2EzZW5BDQpNN211QmJGMFhON1ZPODBpSlB2K1BtSVpkRUlBa3B3S2ZpMjAxWUIrQmFmQ0l1R3hJRjUwVmc9PQ0KLS0tLS1FTkQgUlNBIFBSSVZBVEUgS0VZLS0tLS0NCg0KPC9rZXk+DQoNCg==
vpn927416621,175.126.110.226,736916,34,439578561,Korea Republic of,KR,20,152783507,146269,19878637997895,2weeks,DESKTOP-89IJPUH's owner,,IyMjIyMjIyMjIyMjIyMjIyMjIyMjIyMjIyMjIyMjIyMjIyMjIyMjIyMjIyMjIyMjIyMjIyMjIyMjIyMjIyMjIyMjIyMjIyMjIyMjIyMjIw0KIyBPcGVuVlBOIDIuMCBTYW1wbGUgQ29uZmlndXJhdGlvbiBGaWxlDQojIGZvciBQYWNrZXRpWCBWUE4gLyBTb2Z0RXRoZXIgVlBOIFNlcnZlcg0KIyANCiMgISEhIEFVVE8tR0VORVJBVEVEIEJZIFNPRlRFVEhFUiBWUE4gU0VSVkVSIE1BTkFHRU1FTlQgVE9PTCAhISENCiMgDQojICEhISBZT1UgSEFWRSBUTyBSRVZJRVcgSVQgQkVGT1JFIFVTRSBBTkQgTU9ESUZZIElUIEFTIE5FQ0VTU0FSWSAhISENCiMgDQojIFRoaXMgY29uZmlndXJhdGlvbiBmaWxlIGlzIGF1dG8tZ2VuZXJhdGVkLiBZb3UgbWlnaHQgdXNlIHRoaXMgY29uZmlnIGZpbGUNCiMgaW4gb3JkZXIgdG8gY29ubmVjdCB0byB0aGUgUGFja2V0aVggVlBOIC8gU29mdEV0aGVyIFZQTiBTZXJ2ZXIuDQojIEhvd2V2ZXIsIGJlZm9yZSB5b3UgdHJ5IGl0LCB5b3Ugc2hvdWxkIHJldmlldyB0aGUgZGVzY3JpcHRpb25zIG9mIHRoZSBmaWxlDQojIHRvIGRldGVybWluZSB0aGUgbmVjZXNzaXR5IHRvIG1vZGlmeSB0byBzdWl0YWJsZSBmb3IgeW91ciByZWFsIGVudmlyb25tZW50Lg0KIyBJZiBuZWNlc3NhcnksIHlvdSBoYXZlIHRvIG1vZGlmeSBhIGxpdHRsZSBhZGVxdWF0ZWx5IG9uIHRoZSBmaWxlLg0KIyBGb3IgZXhhbXBsZSwgdGhlIElQIGFkZHJlc3Mgb3IgdGhlIGhvc3RuYW1lIGFzIGEgZGVzdGluYXRpb24gVlBOIFNlcnZlcg0KIyBzaG91bGQgYmUgY29uZmlybWVkLg0KIyANCiMgTm90ZSB0aGF0IHRvIHVzZSBPcGVuVlBOIDIuMCwgeW91IGhhdmUgdG8gcHV0IHRoZSBjZXJ0aWZpY2F0aW9uIGZpbGUgb2YNCiMgdGhlIGRlc3RpbmF0aW9uIFZQTiBTZXJ2ZXIgb24gdGhlIE9wZW5WUE4gQ2xpZW50IGNvbXB1dGVyIHdoZW4geW91IHVzZSB0aGlzDQojIGNvbmZpZyBmaWxlLiBQbGVhc2UgcmVmZXIgdGhlIGJlbG93IGRlc2NyaXB0aW9ucyBjYXJlZnVsbHkuDQoNCg0KIyMjIyMjIyMjIyMjIyMjIyMjIyMjIyMjIyMjIyMjIyMjIyMjIyMjIyMjIyMjIyMjIyMjIyMjIyMjIyMjIyMjIyMjIyMjIyMjIyMjIyMjIw0KIyBTcGVjaWZ5IHRoZSB0eXBlIG9mIHRoZSBsYXllciBvZiB0aGUgVlBOIGNvbm5lY3Rpb24uDQojIA0KIyBUbyBjb25uZWN0IHRvIHRoZSBWUE4gU2VydmVyIGFzIGEgIlJlbW90ZS1BY2Nlc3MgVlBOIENsaWVudCBQQyIsDQojICBzcGVjaWZ5ICdkZXYgdHVuJy4gKExheWVyLTMgSVAgUm91dGluZyBNb2RlKQ0KIw0KIyBUbyBjb25uZWN0IHRvIHRoZSBWUE4gU2VydmVyIGFzIGEgYnJpZGdpbmcgZXF1aXBtZW50IG9mICJTaXRlLXRvLVNpdGUgVlBOIiwNCiMgIHNwZWNpZnkgJ2RldiB0YXAnLiAoTGF5ZXItMiBFdGhlcm5ldCBCcmlkZ2luZSBNb2RlKQ0KDQpkZXYgdHVuDQoNCg0KIyMjIyMjIyMjIyMjIyMjIyMjIyMjIyMjIyMjIyMjIyMjIyMjIyMjIyMjIyMjIyMjIyMjIyMjIyMjIyMjIyMjIyMjIyMjIyMjIyMjIyMjIw0KIyBTcGVjaWZ5IHRoZSB1bmRlcmx5aW5nIHByb3RvY29sIGJleW9uZCB0aGUgSW50ZXJuZXQuDQojIE5vdGUgdGhhdCB0aGlzIHNldHRpbmcgbXVzdCBiZSBjb3JyZXNwb25kIHdpdGggdGhlIGxpc3RlbmluZyBzZXR0aW5nIG9uDQojIHRoZSBWUE4gU2VydmVyLg0KIyANCiMgU3BlY2lmeSBlaXRoZXIgJ3Byb3RvIHRjcCcgb3IgJ3Byb3RvIHVkcCcuDQoNCnByb3RvIHRjcA0KDQoNCiMjIyMjIyMjIyMjIyMjIyMjIyMjIyMjIyMjIyMjIyMjIyMjIyMjIyMjIyMjIyMjIyMjIyMjIyMjIyMjIyMjIyMjIyMjIyMjIyMjIyMjIyMNCiMgVGhlIGRlc3RpbmF0aW9uIGhvc3RuYW1lIC8gSVAgYWRkcmVzcywgYW5kIHBvcnQgbnVtYmVyIG9mDQojIHRoZSB0YXJnZXQgVlBOIFNlcnZlci4NCiMgDQojIFlvdSBoYXZlIHRvIHNwZWNpZnkgYXMgJ3JlbW90ZSA8SE9TVE5BTUU+IDxQT1JUPicuIFlvdSBjYW4gYWxzbw0KIyBzcGVjaWZ5IHRoZSBJUCBhZGRyZXNzIGluc3RlYWQgb2YgdGhlIGhvc3RuYW1lLg0KIyANCiMgTm90ZSB0aGF0IHRoZSBhdXRvLWdlbmVyYXRlZCBiZWxvdyBob3N0bmFtZSBhcmUgYSAiYXV0by1kZXRlY3RlZA0KIyBJUCBhZGRyZXNzIiBvZiB0aGUgVlBOIFNlcnZlci4gWW91IGhhdmUgdG8gY29uZmlybSB0aGUgY29ycmVjdG5lc3MNCiMgYmVmb3JlaGFuZC4NCiMgDQojIFdoZW4geW91IHdhbnQgdG8gY29ubmVjdCB0byB0aGUgVlBOIFNlcnZlciBieSB1c2luZyBUQ1AgcHJvdG9jb2wsDQojIHRoZSBwb3J0IG51bWJlciBvZiB0aGUgZGVzdGluYXRpb24gVENQIHBvcnQgc2hvdWxkIGJlIHNhbWUgYXMgb25lIG9mDQojIHRoZSBhdmFpbGFibGUgVENQIGxpc3RlbmVycyBvbiB0aGUgVlBOIFNlcnZlci4NCiMgDQojIFdoZW4geW91IHVzZSBVRFAgcHJvdG9jb2wsIHRoZSBwb3J0IG51bWJlciBtdXN0IHNhbWUgYXMgdGhlIGNvbmZpZ3VyYXRpb24NCiMgc2V0dGluZyBvZiAiT3BlblZQTiBTZXJ2ZXIgQ29tcGF0aWJsZSBGdW5jdGlvbiIgb24gdGhlIFZQTiBTZXJ2ZXIuDQoNCnJlbW90ZSAxNzUuMTI2LjExMC4yMjYgMTk1MQ0KDQoNCiMjIyMjIyMjIyMjIyMjIyMjIyMjIyMjIyMjIyMjIyMjIyMjIyMjIyMjIyMjIyMjIyMjIyMjIyMjIyMjIyMjIyMjIyMjIyMjIyMjIyMjIyMNCiMgVGhlIEhUVFAvSFRUUFMgcHJveHkgc2V0dGluZy4NCiMgDQojIE9ubHkgaWYgeW91IGhhdmUgdG8gdXNlIHRoZSBJbnRlcm5ldCB2aWEgYSBwcm94eSwgdW5jb21tZW50IHRoZSBiZWxvdw0KIyB0d28gbGluZXMgYW5kIHNwZWNpZnkgdGhlIHByb3h5IGFkZHJlc3MgYW5kIHRoZSBwb3J0IG51bWJlci4NCiMgSW4gdGhlIGNhc2Ugb2YgdXNpbmcgcHJveHktYXV0aGVudGljYXRpb24sIHJlZmVyIHRoZSBPcGVuVlBOIG1hbnVhbC4NCg0KO2h0dHAtcHJveHktcmV0cnkNCjtodHRwLXByb3h5IFtwcm94eSBzZXJ2ZXJdIFtwcm94eSBwb3J0XQ0KDQoNCiMjIyMjIyMjIyMjIyMjIyMjIyMjIyMjIyMjIyMjIyMjIyMjIyMjIyMjIyMjIyMjIyMjIyMjIyMjIyMjIyMjIyMjIyMjIyMjIyMjIyMjIyMNCiMgVGhlIGVuY3J5cHRpb24gYW5kIGF1dGhlbnRpY2F0aW9uIGFsZ29yaXRobS4NCiMgDQojIERlZmF1bHQgc2V0dGluZyBpcyBnb29kLiBNb2RpZnkgaXQgYXMgeW91IHByZWZlci4NCiMgV2hlbiB5b3Ugc3BlY2lmeSBhbiB1bnN1cHBvcnRlZCBhbGdvcml0aG0sIHRoZSBlcnJvciB3aWxsIG9jY3VyLg0KIyANCiMgVGhlIHN1cHBvcnRlZCBhbGdvcml0aG1zIGFyZSBhcyBmb2xsb3dzOg0KIyAgY2lwaGVyOiBbTlVMTC1DSVBIRVJdIE5VTEwgQUVTLTEyOC1DQkMgQUVTLTE5Mi1DQkMgQUVTLTI1Ni1DQkMgQkYtQ0JDDQojICAgICAgICAgIENBU1QtQ0JDIENBU1Q1LUNCQyBERVMtQ0JDIERFUy1FREUtQ0JDIERFUy1FREUzLUNCQyBERVNYLUNCQw0KIyAgICAgICAgICBSQzItNDAtQ0JDIFJDMi02NC1DQkMgUkMyLUNCQw0KIyAgYXV0aDogICBTSEEgU0hBMSBNRDUgTUQ0IFJNRDE2MA0KDQpjaXBoZXIgQUVTLTEyOC1DQkMNCmF1dGggU0hBMQ0KDQoNCiMjIyMjIyMjIyMjIyMjIyMjIyMjIyMjIyMjIyMjIyMjIyMjIyMjIyMjIyMjIyMjIyMjIyMjIyMjIyMjIyMjIyMjIyMjIyMjIyMjIyMjIyMNCiMgT3RoZXIgcGFyYW1ldGVycyBuZWNlc3NhcnkgdG8gY29ubmVjdCB0byB0aGUgVlBOIFNlcnZlci4NCiMgDQojIEl0IGlzIG5vdCByZWNvbW1lbmRlZCB0byBtb2RpZnkgaXQgdW5sZXNzIHlvdSBoYXZlIGEgcGFydGljdWxhciBuZWVkLg0KDQpyZXNvbHYtcmV0cnkgaW5maW5pdGUNCm5vYmluZA0KcGVyc2lzdC1rZXkNCnBlcnNpc3QtdHVuDQpjbGllbnQNCnZlcmIgMw0KI2F1dGgtdXNlci1wYXNzDQoNCg0KIyMjIyMjIyMjIyMjIyMjIyMjIyMjIyMjIyMjIyMjIyMjIyMjIyMjIyMjIyMjIyMjIyMjIyMjIyMjIyMjIyMjIyMjIyMjIyMjIyMjIyMjIw0KIyBUaGUgY2VydGlmaWNhdGUgZmlsZSBvZiB0aGUgZGVzdGluYXRpb24gVlBOIFNlcnZlci4NCiMgDQojIFRoZSBDQSBjZXJ0aWZpY2F0ZSBmaWxlIGlzIGVtYmVkZGVkIGluIHRoZSBpbmxpbmUgZm9ybWF0Lg0KIyBZb3UgY2FuIHJlcGxhY2UgdGhpcyBDQSBjb250ZW50cyBpZiBuZWNlc3NhcnkuDQojIFBsZWFzZSBub3RlIHRoYXQgaWYgdGhlIHNlcnZlciBjZXJ0aWZpY2F0ZSBpcyBub3QgYSBzZWxmLXNpZ25lZCwgeW91IGhhdmUgdG8NCiMgc3BlY2lmeSB0aGUgc2lnbmVyJ3Mgcm9vdCBjZXJ0aWZpY2F0ZSAoQ0EpIGhlcmUuDQoNCjxjYT4NCi0tLS0tQkVHSU4gQ0VSVElGSUNBVEUtLS0tLQ0KTUlJRmF6Q0NBMU9nQXdJQkFnSVJBSUlRejdEU1FPTlpSR1BndTJPQ2l3QXdEUVlKS29aSWh2Y05BUUVMQlFBdw0KVHpFTE1Ba0dBMVVFQmhNQ1ZWTXhLVEFuQmdOVkJBb1RJRWx1ZEdWeWJtVjBJRk5sWTNWeWFYUjVJRkpsYzJWaA0KY21Ob0lFZHliM1Z3TVJVd0V3WURWUVFERXd4SlUxSkhJRkp2YjNRZ1dERXdIaGNOTVRVd05qQTBNVEV3TkRNNA0KV2hjTk16VXdOakEwTVRFd05ETTRXakJQTVFzd0NRWURWUVFHRXdKVlV6RXBNQ2NHQTFVRUNoTWdTVzUwWlhKdQ0KWlhRZ1UyVmpkWEpwZEhrZ1VtVnpaV0Z5WTJnZ1IzSnZkWEF4RlRBVEJnTlZCQU1UREVsVFVrY2dVbTl2ZENCWQ0KTVRDQ0FpSXdEUVlKS29aSWh2Y05BUUVCQlFBRGdnSVBBRENDQWdvQ2dnSUJBSzNvSkhQMEZEZnptNTRyVnlnYw0KaDc3Y3Q5ODRrSXh1UE9aWG9IajNkY0tpL3ZWcWJ2WUFUeWpiM21pR2JFU1R0ckZqL1JRU2E3OGYwdW94bXlGKw0KMFRNOHVrajEzWG5mczdqL0V2RWhta3ZCaW9aeGFVcG1abXlQZmp4d3Y2MHBJZ2J6NU1EbWdLN2lTNCszbVg2VQ0KQTUvVFI1ZDhtVWdqVStnNHJrOEtiNE11MFVsWGpJQjB0dG92MERpTmV3TndJUnQxOGpBOCtvK3UzZHBqcStzVw0KVDhLT0VVdCt6d3ZvLzdWM0x2U3llMHJnVEJJbERIQ05BeW1nNFZNazdCUFo3aG0vRUxOS2pEK0pvMkZSM3F5SA0KQjVUMFkzSHNMdUp2VzVpQjRZbGNOSGxzZHU4N2tHSjU1dHVrbWk4bXhkQVE0UTdlMlJDT0Z2dTM5NmozeCtVQw0KQjVpUE5naVY1K0kzbGcwMmRaNzdEbkt4SFp1OEEvbEpCZGlCM1FXMEt0WkI2YXdCZHBVS0Q5amYxYjBTSHpVdg0KS0JkczBwakJxQWxrZDI1SE43ck9yRmxlYUoxL2N0YUp4UVpCS1Q1WlB0MG05U1RKRWFkYW8weEFIMGFobWJXbg0KT2xGdWhqdWVmWEtuRWdWNFdlMCtVWGdWQ3dPUGpkQXZCYkkrZTBvY1MzTUZFdnpHNnVCUUUzeERrM1N6eW5Ubg0Kamg4QkNOQXcxRnR4TnJRSHVzRXdNRnhJdDRJN21LWjlZSXFpb3ltQ3pMcTlnd1Fib29NRFFhSFdCZkVid3Jidw0KcUh5R08wYW9TQ3FJM0hhYWRyOGZhcVU5R1kvck9QTmszc2dyRFFvby8vZmI0aFZDMUNMUUoxM2hlZjRZNTNDSQ0KclU3bTJZczZ4dDBuVVc3L3ZHVDFNME5QQWdNQkFBR2pRakJBTUE0R0ExVWREd0VCL3dRRUF3SUJCakFQQmdOVg0KSFJNQkFmOEVCVEFEQVFIL01CMEdBMVVkRGdRV0JCUjV0Rm5tZTdibDVBRnpnQWlJeUJwWTl1bWJiakFOQmdrcQ0KaGtpRzl3MEJBUXNGQUFPQ0FnRUFWUjlZcWJ5eXFGRFFETEhZR21rZ0p5a0lyR0YxWElwdStJTGxhUy9WOWxaTA0KdWJoekVGblRJWmQrNTB4eCs3TFNZSzA1cUF2cUZ5RldoZkZRRGxucnp1Qlo2YnJKRmUrR25ZK0VnUGJrNlpHUQ0KM0JlYllodEY4R2FWMG54dnd1bzc3eC9QeTlhdUovR3BzTWl1L1gxK212b2lCT3YvMlgvcWtTc2lzUmNPai9LSw0KTkZ0WTJQd0J5VlM1dUNiTWlvZ3ppVXd0aER5QzMrNldWd1c2TEx2M3hMZkhUanVDdmpISUluTnprdEhDZ0tRNQ0KT1JBekk0Sk1QSitHc2xXWUhiNHBob3dpbTU3aWF6dFhPb0p3VGR3Sng0bkxDZ2ROYk9oZGpzbnZ6cXZIdTdVcg0KVGtYV1N0QW16T1Z5eWdocXBaWGpGYUgzcE8zSkxGK2wrLytzS0FJdXZ0ZDd1K054ZTVBVzB3ZGVSbE44TndkQw0Kak5QRWxwelZtYlVxNEpVYWdFaXVURGtIenN4SHBGS1ZLN3E0KzYzU00xTjk1UjFOYmRXaHNjZENiK1pBSnpWYw0Kb3lpM0I0M25qVE9RNXlPZisxQ2NlV3hHMWJRVnM1WnVmcHNNbGpxNFVpMC8xbHZoK3dqQ2hQNGtxS09KMnF4cQ0KNFJncXNhaERZVnZUSDl3N2pYYnlMZWlOZGQ4WE0ydzlVL3Q3eTBGZi85eWkwR0U0NFphNHJGMkxOOWQxMVRQQQ0KbVJHdW5VSEJjbldFdmdKQlFsOW5KRWlVMFpzbnZnYy91YmhQZ1hSUjRYcTM3WjBqNHI3ZzFTZ0VFend4QTU3ZA0KZW15UHhnY1l4bi9lUjQ0L0tKNEVCcytsVkRSM3ZleUptK2tYUTk5YjIxLytqaDVYb3MxQW5YNWlJdHJlR0NjPQ0KLS0tLS1FTkQgQ0VSVElGSUNBVEUtLS0tLQ0KDQo8L2NhPg0KDQoNCiMjIyMjIyMjIyMjIyMjIyMjIyMjIyMjIyMjIyMjIyMjIyMjIyMjIyMjIyMjIyMjIyMjIyMjIyMjIyMjIyMjIyMjIyMjIyMjIyMjIyMjIyMNCiMgVGhlIGNsaWVudCBjZXJ0aWZpY2F0ZSBmaWxlIChkdW1teSkuDQojIA0KIyBJbiBzb21lIGltcGxlbWVudGF0aW9ucyBvZiBPcGVuVlBOIENsaWVudCBzb2Z0d2FyZQ0KIyAoZm9yIGV4YW1wbGU6IE9wZW5WUE4gQ2xpZW50IGZvciBpT1MpLA0KIyBhIHBhaXIgb2YgY2xpZW50IGNlcnRpZmljYXRlIGFuZCBwcml2YXRlIGtleSBtdXN0IGJlIGluY2x1ZGVkIG9uIHRoZQ0KIyBjb25maWd1cmF0aW9uIGZpbGUgZHVlIHRvIHRoZSBsaW1pdGF0aW9uIG9mIHRoZSBjbGllbnQuDQojIFNvIHRoaXMgc2FtcGxlIGNvbmZpZ3VyYXRpb24gZmlsZSBoYXMgYSBkdW1teSBwYWlyIG9mIGNsaWVudCBjZXJ0aWZpY2F0ZQ0KIyBhbmQgcHJpdmF0ZSBrZXkgYXMgZm9sbG93cy4NCg0KPGNlcnQ+DQotLS0tLUJFR0lOIENFUlRJRklDQVRFLS0tLS0NCk1JSUN4akNDQWE0Q0FRQXdEUVlKS29aSWh2Y05BUUVGQlFBd0tURWFNQmdHQTFVRUF4TVJWbEJPUjJGMFpVTnMNCmFXVnVkRU5sY25ReEN6QUpCZ05WQkFZVEFrcFFNQjRYRFRFek1ESXhNVEF6TkRrME9Wb1hEVE0zTURFeE9UQXoNCk1UUXdOMW93S1RFYU1CZ0dBMVVFQXhNUlZsQk9SMkYwWlVOc2FXVnVkRU5sY25ReEN6QUpCZ05WQkFZVEFrcFENCk1JSUJJakFOQmdrcWhraUc5dzBCQVFFRkFBT0NBUThBTUlJQkNnS0NBUUVBNWgybGdRUVlVandvS1lKYnpWWkENCjVWY0lHZDVvdFBjL3FaUk10MEtJdENGQTBzOVJ3UmVOVmE5ZkRSRkxSQmhjSVRPbHYzRkJjVzNFOGgxVXM3UkQNCjRXOEdtSmU4emFwSm5Mc0QzOU9TTVJDelpKbmN6VzRPQ0gxUFpSWldLcUR0amxOY2E5QUY4YTY1alRtbER4Q1ENCkNqbnRMSVdrNU9MTFZrRnQ5L3RTY2MxR0R0Y2k1NW9maGFOQVlNUGlIN1Y4KzFnNjZwR0hYQW9XSzZBUVZINjcNClhDS0puR0I1bmxRK0hzTVlQVi9PNDlMZDkxWk4vMnRIa2NhTEx5TnR5d3hWUFJTc1JoNDgwamp1MGZjQ3N2NmgNCnAvMHlYblRCLy9tV3V0QkdwZFVsSWJ3aUlUYkFtcnNiWW5qaWdSdm5QcVgxUk5KVWJpOUZwNkMyYy9ISUZKR0QNCnl3SURBUUFCTUEwR0NTcUdTSWIzRFFFQkJRVUFBNElCQVFDaE81aGdjdy80b1dmb0VGTHU5a0JhMUIvL2t4SDgNCmhRa0NoVk5uOEJSQzdZMFVSUWl0UGwzREtFZWQ5VVJCRGRnMktPQXo3N2JiNkVOUGlsaUQrYTM4VUpISVJNcWUNClVCSGhsbE9ISXp2RGhIRmJhb3ZBTEJRY2VlQnpka1F4c0tRRVNLbVFtUjgzMjk1MFVDb3ZveVJCNjFVeUFWN2gNCittWmhZUEdSS1hLU0pJNnMwRWdnL0NyaStDd2s0YmpKZnJiNWhWc2UxMXloNEQ5TUhod1NmQ09IKzB6NGhQVVQNCkZrdTdkR2F2VVJPNVNWeE1uL3NMNkVuNUQrb1NlWGthZEhwRHMrQWlyeW0yWUhoMTVoMCtqUFNPb1I2eWlWcC8NCjZ6WmVaa3JONDNrdVM3M0twS0RGamZGUGg4dDRyMWdPSWp0dGtOY1FxQmNjdXNucGxRN0hKcHNrDQotLS0tLUVORCBDRVJUSUZJQ0FURS0tLS0tDQoNCjwvY2VydD4NCg0KPGtleT4NCi0tLS0tQkVHSU4gUlNBIFBSSVZBVEUgS0VZLS0tLS0NCk1JSUVwQUlCQUFLQ0FRRUE1aDJsZ1FRWVVqd29LWUpielZaQTVWY0lHZDVvdFBjL3FaUk10MEtJdENGQTBzOVINCndSZU5WYTlmRFJGTFJCaGNJVE9sdjNGQmNXM0U4aDFVczdSRDRXOEdtSmU4emFwSm5Mc0QzOU9TTVJDelpKbmMNCnpXNE9DSDFQWlJaV0txRHRqbE5jYTlBRjhhNjVqVG1sRHhDUUNqbnRMSVdrNU9MTFZrRnQ5L3RTY2MxR0R0Y2kNCjU1b2ZoYU5BWU1QaUg3VjgrMWc2NnBHSFhBb1dLNkFRVkg2N1hDS0puR0I1bmxRK0hzTVlQVi9PNDlMZDkxWk4NCi8ydEhrY2FMTHlOdHl3eFZQUlNzUmg0ODBqanUwZmNDc3Y2aHAvMHlYblRCLy9tV3V0QkdwZFVsSWJ3aUlUYkENCm1yc2JZbmppZ1J2blBxWDFSTkpVYmk5RnA2QzJjL0hJRkpHRHl3SURBUUFCQW9JQkFFUlY3WDVBdnhBOHVSaUsNCms4U0lwc0QwZFgxcEpPTUl3YWtVVnl2YzRFZk4wRGhLUk5iNHJZb1NpRUdUTHl6THB5QmMvQTI4RGxrbTVlT1kNCmZqelhmWWtHdFlpL0Z0eGtnM085dmNyTVE0KzZpK3VHSGFJTDJyTCtzNE1yZk84djF4djYrV2t5MzNFRUdDb3UNClFpd1ZHUkZRWG5Sb1E2Mk5CQ0ZiVU5MaG1Yd2RqMWFrWnpMVTRwNVI0ekEzUWhkeHdFSWF0Vkx0MCs3b3dMUTMNCmxQOHNmWGhwcFBPWGpUcU1ENFFrWXd6UEFhOC96RjdhY240a3J5clVQN1E2UEFmZDB6RVZxTnk5WkNaOWZmaG8NCnpYZWRGajQ4NklGb2M1Z25UcDJONmpzblZqNExDR0lobFZIbFlHb3pLS0ZxSmNRVkdzSENxcTFvejJ6alc2TFMNCm9SWUlIZ0VDZ1lFQTh6WnJrQ3dOWVNYSnVPREozbS9oT0xWeGN4Z0p1d1hvaUVyV2QwRTQydlBhbmpqVk1obnQNCktZNWw4cUdNSjZGaEs5TFl4MnFDcmYvRTBYdFVBWjJ3VnEzT1JUeUduc01XcmU5dExZczU1WCtaTjEwVGM3NXoNCjRoYWNiVTBocUtOMUhpRG1zTVJZMy8yTmFaSG95N01LbndKSkJhRzQ4bDlDQ1RsVndNSG9jSUVDZ1lFQThqYnkNCmRHanhUSCs2WEhXTml6YjVTUmJaeEFueUVlSmVSd1RNaDBnR3p3R1BwSC9zWllHenl1MFN5U1hXQ25aaDNSZ3ENCjV1TGxOeHRyWHJsalpseWkyblFkUWdzcTJZcldVczAremdVKzIydVFzWnBTQWZ0bWhWcnR2ZXQ2TWpWamJCeVkNCkRBRGNpRVZVZEpZSVhrK3FuRlVKeWVyb0xJa1RqN1dZS1o2Umprc0NnWUJvQ0ZJd1JEZWc0Mm9LODlSRm1uT3INCkx5bU5BcTQrMm9NaHNXbFZiNGVqV0lXZUFrOW5jK0dYVWZyWHN6UmhTMDFtVW5VNXI1eWdVdlJjYXJWL1QzVTcNClRuTVorSTdZNERnV1JJRGQ1MXpuaHhJQnRZVjVqL0MvdDg1SGpxT2tIKzhiNlJUa2JjaGFYM21hdTdmcFVmZHMNCkZxMG5oSXE0MmZoRU84c3JmWVl3Z1FLQmdRQ3loaTFOLzh0YVJ3cGsrMy9JREV6UXdqYmZkelVrV1dTRGs5WHMNCkgvcGt1UkhXZlRNUDNmbFdxRVlnVy9MVzQwcGVXMkhEcTVpbWRWOCtBZ1p4ZS9YTWJhamk5TGd3ZjFSWTAwNW4NCkt4YVpRejd5cUh1cFdsTEdGNjhEUEh4a1pWVlNhZ0RuVi9zenRXWDZTRnNDcUZWbnhJWGlmWEdDNGNXNU5tOWcNCnZhOHE0UUtCZ1FDRWhMVmVVZmR3S3ZrWjk0Zy9HRno3MzFaMmhyZFZoZ01aYVUvdTZ0MFY5NStZZXpQTkNRWkINCndtRTlNbWxicTFlbURlUk9pdmpDZm9HaFIza1pYVzFwVEtsTGg2Wk1VUVVPcHB0ZFh2YThYeGZvcVF3YTNlbkENCk03bXVCYkYwWE43Vk84MGlKUHYrUG1JWmRFSUFrcHdLZmkyMDFZQitCYWZDSXVHeElGNTBWZz09DQotLS0tLUVORCBSU0EgUFJJVkFURSBLRVktLS0tLQ0KDQo8L2tleT4NCg0K
vpn381848834,119.231.86.177,704623,5,119817211,Japan,JP,0,46378507,2992,434276541823,2weeks,DESKTOP-RDC3K2B's owner,,IyMjIyMjIyMjIyMjIyMjIyMjIyMjIyMjIyMjIyMjIyMjIyMjIyMjIyMjIyMjIyMjIyMjIyMjIyMjIyMjIyMjIyMjIyMjIyMjIyMjIyMjIw0KIyBPcGVuVlBOIDIuMCBTYW1wbGUgQ29uZmlndXJhdGlvbiBGaWxlDQojIGZvciBQYWNrZXRpWCBWUE4gLyBTb2Z0RXRoZXIgVlBOIFNlcnZlcg0KIyANCiMgISEhIEFVVE8tR0VORVJBVEVEIEJZIFNPRlRFVEhFUiBWUE4gU0VSVkVSIE1BTkFHRU1FTlQgVE9PTCAhISENCiMgDQojICEhISBZT1UgSEFWRSBUTyBSRVZJRVcgSVQgQkVGT1JFIFVTRSBBTkQgTU9ESUZZIElUIEFTIE5FQ0VTU0FSWSAhISENCiMgDQojIFRoaXMgY29uZmlndXJhdGlvbiBmaWxlIGlzIGF1dG8tZ2VuZXJhdGVkLiBZb3UgbWlnaHQgdXNlIHRoaXMgY29uZmlnIGZpbGUNCiMgaW4gb3JkZXIgdG8gY29ubmVjdCB0byB0aGUgUGFja2V0aVggVlBOIC8gU29mdEV0aGVyIFZQTiBTZXJ2ZXIuDQojIEhvd2V2ZXIsIGJlZm9yZSB5b3UgdHJ5IGl0LCB5b3Ugc2hvdWxkIHJldmlldyB0aGUgZGVzY3JpcHRpb25zIG9mIHRoZSBmaWxlDQojIHRvIGRldGVybWluZSB0aGUgbmVjZXNzaXR5IHRvIG1vZGlmeSB0byBzdWl0YWJsZSBmb3IgeW91ciByZWFsIGVudmlyb25tZW50Lg0KIyBJZiBuZWNlc3NhcnksIHlvdSBoYXZlIHRvIG1vZGlmeSBhIGxpdHRsZSBhZGVxdWF0ZWx5IG9uIHRoZSBmaWxlLg0KIyBGb3IgZXhhbXBsZSwgdGhlIElQIGFkZHJlc3Mgb3IgdGhlIGhvc3RuYW1lIGFzIGEgZGVzdGluYXRpb24gVlBOIFNlcnZlcg0KIyBzaG91bGQgYmUgY29uZmlybWVkLg0KIyANCiMgTm90ZSB0aGF0IHRvIHVzZSBPcGVuVlBOIDIuMCwgeW91IGhhdmUgdG8gcHV0IHRoZSBjZXJ0aWZpY2F0aW9uIGZpbGUgb2YNCiMgdGhlIGRlc3RpbmF0aW9uIFZQTiBTZXJ2ZXIgb24gdGhlIE9wZW5WUE4gQ2xpZW50IGNvbXB1dGVyIHdoZW4geW91IHVzZSB0aGlzDQojIGNvbmZpZyBmaWxlLiBQbGVhc2UgcmVmZXIgdGhlIGJlbG93IGRlc2NyaXB0aW9ucyBjYXJlZnVsbHkuDQoNCg0KIyMjIyMjIyMjIyMjIyMjIyMjIyMjIyMjIyMjIyMjIyMjIyMjIyMjIyMjIyMjIyMjIyMjIyMjIyMjIyMjIyMjIyMjIyMjIyMjIyMjIyMjIw0KIyBTcGVjaWZ5IHRoZSB0eXBlIG9mIHRoZSBsYXllciBvZiB0aGUgVlBOIGNvbm5lY3Rpb24uDQojIA0KIyBUbyBjb25uZWN0IHRvIHRoZSBWUE4gU2VydmVyIGFzIGEgIlJlbW90ZS1BY2Nlc3MgVlBOIENsaWVudCBQQyIsDQojICBzcGVjaWZ5ICdkZXYgdHVuJy4gKExheWVyLTMgSVAgUm91dGluZyBNb2RlKQ0KIw0KIyBUbyBjb25uZWN0IHRvIHRoZSBWUE4gU2VydmVyIGFzIGEgYnJpZGdpbmcgZXF1aXBtZW50IG9mICJTaXRlLXRvLVNpdGUgVlBOIiwNCiMgIHNwZWNpZnkgJ2RldiB0YXAnLiAoTGF5ZXItMiBFdGhlcm5ldCBCcmlkZ2luZSBNb2RlKQ0KDQpkZXYgdHVuDQoNCg0KIyMjIyMjIyMjIyMjIyMjIyMjIyMjIyMjIyMjIyMjIyMjIyMjIyMjIyMjIyMjIyMjIyMjIyMjIyMjIyMjIyMjIyMjIyMjIyMjIyMjIyMjIw0KIyBTcGVjaWZ5IHRoZSB1bmRlcmx5aW5nIHByb3RvY29sIGJleW9uZCB0aGUgSW50ZXJuZXQuDQojIE5vdGUgdGhhdCB0aGlzIHNldHRpbmcgbXVzdCBiZSBjb3JyZXNwb25kIHdpdGggdGhlIGxpc3RlbmluZyBzZXR0aW5nIG9uDQojIHRoZSBWUE4gU2VydmVyLg0KIyANCiMgU3BlY2lmeSBlaXRoZXIgJ3Byb3RvIHRjcCcgb3IgJ3Byb3RvIHVkcCcuDQoNCnByb3RvIHRjcA0KDQoNCiMjIyMjIyMjIyMjIyMjIyMjIyMjIyMjIyMjIyMjIyMjIyMjIyMjIyMjIyMjIyMjIyMjIyMjIyMjIyMjIyMjIyMjIyMjIyMjIyMjIyMjIyMNCiMgVGhlIGRlc3RpbmF0aW9uIGhvc3RuYW1lIC8gSVAgYWRkcmVzcywgYW5kIHBvcnQgbnVtYmVyIG9mDQojIHRoZSB0YXJnZXQgVlBOIFNlcnZlci4NCiMgDQojIFlvdSBoYXZlIHRvIHNwZWNpZnkgYXMgJ3JlbW90ZSA8SE9TVE5BTUU+IDxQT1JUPicuIFlvdSBjYW4gYWxzbw0KIyBzcGVjaWZ5IHRoZSBJUCBhZGRyZXNzIGluc3RlYWQgb2YgdGhlIGhvc3RuYW1lLg0KIyANCiMgTm90ZSB0aGF0IHRoZSBhdXRvLWdlbmVyYXRlZCBiZWxvdyBob3N0bmFtZSBhcmUgYSAiYXV0by1kZXRlY3RlZA0KIyBJUCBhZGRyZXNzIiBvZiB0aGUgVlBOIFNlcnZlci4gWW91IGhhdmUgdG8gY29uZmlybSB0aGUgY29ycmVjdG5lc3MNCiMgYmVmb3JlaGFuZC4NCiMgDQojIFdoZW4geW91IHdhbnQgdG8gY29ubmVjdCB0byB0aGUgVlBOIFNlcnZlciBieSB1c2luZyBUQ1AgcHJvdG9jb2wsDQojIHRoZSBwb3J0IG51bWJlciBvZiB0aGUgZGVzdGluYXRpb24gVENQIHBvcnQgc2hvdWxkIGJlIHNhbWUgYXMgb25lIG9mDQojIHRoZSBhdmFpbGFibGUgVENQIGxpc3RlbmVycyBvbiB0aGUgVlBOIFNlcnZlci4NCiMgDQojIFdoZW4geW91IHVzZSBVRFAgcHJvdG9jb2wsIHRoZSBwb3J0IG51bWJlciBtdXN0IHNhbWUgYXMgdGhlIGNvbmZpZ3VyYXRpb24NCiMgc2V0dGluZyBvZiAiT3BlblZQTiBTZXJ2ZXIgQ29tcGF0aWJsZSBGdW5jdGlvbiIgb24gdGhlIFZQTiBTZXJ2ZXIuDQoNCnJlbW90ZSAxMTkuMjMxLjg2LjE3NyAxODU1DQoNCg0KIyMjIyMjIyMjIyMjIyMjIyMjIyMjIyMjIyMjIyMjIyMjIyMjIyMjIyMjIyMjIyMjIyMjIyMjIyMjIyMjIyMjIyMjIyMjIyMjIyMjIyMjIw0KIyBUaGUgSFRUUC9IVFRQUyBwcm94eSBzZXR0aW5nLg0KIyANCiMgT25seSBpZiB5b3UgaGF2ZSB0byB1c2UgdGhlIEludGVybmV0IHZpYSBhIHByb3h5LCB1bmNvbW1lbnQgdGhlIGJlbG93DQojIHR3byBsaW5lcyBhbmQgc3BlY2lmeSB0aGUgcHJveHkgYWRkcmVzcyBhbmQgdGhlIHBvcnQgbnVtYmVyLg0KIyBJbiB0aGUgY2FzZSBvZiB1c2luZyBwcm94eS1hdXRoZW50aWNhdGlvbiwgcmVmZXIgdGhlIE9wZW5WUE4gbWFudWFsLg0KDQo7aHR0cC1wcm94eS1yZXRyeQ0KO2h0dHAtcHJveHkgW3Byb3h5IHNlcnZlcl0gW3Byb3h5IHBvcnRdDQoNCg0KIyMjIyMjIyMjIyMjIyMjIyMjIyMjIyMjIyMjIyMjIyMjIyMjIyMjIyMjIyMjIyMjIyMjIyMjIyMjIyMjIyMjIyMjIyMjIyMjIyMjIyMjIw0KIyBUaGUgZW5jcnlwdGlvbiBhbmQgYXV0aGVudGljYXRpb24gYWxnb3JpdGhtLg0KIyANCiMgRGVmYXVsdCBzZXR0aW5nIGlzIGdvb2QuIE1vZGlmeSBpdCBhcyB5b3UgcHJlZmVyLg0KIyBXaGVuIHlvdSBzcGVjaWZ5IGFuIHVuc3VwcG9ydGVkIGFsZ29yaXRobSwgdGhlIGVycm9yIHdpbGwgb2NjdXIuDQojIA0KIyBUaGUgc3VwcG9ydGVkIGFsZ29yaXRobXMgYXJlIGFzIGZvbGxvd3M6DQojICBjaXBoZXI6IFtOVUxMLUNJUEhFUl0gTlVMTCBBRVMtMTI4LUNCQyBBRVMtMTkyLUNCQyBBRVMtMjU2LUNCQyBCRi1DQkMNCiMgICAgICAgICAgQ0FTVC1DQkMgQ0FTVDUtQ0JDIERFUy1DQkMgREVTLUVERS1DQkMgREVTLUVERTMtQ0JDIERFU1gtQ0JDDQojICAgICAgICAgIFJDMi00MC1DQkMgUkMyLTY0LUNCQyBSQzItQ0JDDQojICBhdXRoOiAgIFNIQSBTSEExIE1ENSBNRDQgUk1EMTYwDQoNCmNpcGhlciBBRVMtMTI4LUNCQw0KYXV0aCBTSEExDQoNCg0KIyMjIyMjIyMjIyMjIyMjIyMjIyMjIyMjIyMjIyMjIyMjIyMjIyMjIyMjIyMjIyMjIyMjIyMjIyMjIyMjIyMjIyMjIyMjIyMjIyMjIyMjIw0KIyBPdGhlciBwYXJhbWV0ZXJzIG5lY2Vzc2FyeSB0byBjb25uZWN0IHRvIHRoZSBWUE4gU2VydmVyLg0KIyANCiMgSXQgaXMgbm90IHJlY29tbWVuZGVkIHRvIG1vZGlmeSBpdCB1bmxlc3MgeW91IGhhdmUgYSBwYXJ0aWN1bGFyIG5lZWQuDQoNCnJlc29sdi1yZXRyeSBpbmZpbml0ZQ0Kbm9iaW5kDQpwZXJzaXN0LWtleQ0KcGVyc2lzdC10dW4NCmNsaWVudA0KdmVyYiAzDQojYXV0aC11c2VyLXBhc3MNCg0KDQojIyMjIyMjIyMjIyMjIyMjIyMjIyMjIyMjIyMjIyMjIyMjIyMjIyMjIyMjIyMjIyMjIyMjIyMjIyMjIyMjIyMjIyMjIyMjIyMjIyMjIyMjDQojIFRoZSBjZXJ0aWZpY2F0ZSBmaWxlIG9mIHRoZSBkZXN0aW5hdGlvbiBWUE4gU2VydmVyLg0KIyANCiMgVGhlIENBIGNlcnRpZmljYXRlIGZpbGUgaXMgZW1iZWRkZWQgaW4gdGhlIGlubGluZSBmb3JtYXQuDQojIFlvdSBjYW4gcmVwbGFjZSB0aGlzIENBIGNvbnRlbnRzIGlmIG5lY2Vzc2FyeS4NCiMgUGxlYXNlIG5vdGUgdGhhdCBpZiB0aGUgc2VydmVyIGNlcnRpZmljYXRlIGlzIG5vdCBhIHNlbGYtc2lnbmVkLCB5b3UgaGF2ZSB0bw0KIyBzcGVjaWZ5IHRoZSBzaWduZXIncyByb290IGNlcnRpZmljYXRlIChDQSkgaGVyZS4NCg0KPGNhPg0KLS0tLS1CRUdJTiBDRVJUSUZJQ0FURS0tLS0tDQpNSUlGYXpDQ0ExT2dBd0lCQWdJUkFJSVF6N0RTUU9OWlJHUGd1Mk9DaXdBd0RRWUpLb1pJaHZjTkFRRUxCUUF3DQpUekVMTUFrR0ExVUVCaE1DVlZNeEtUQW5CZ05WQkFvVElFbHVkR1Z5Ym1WMElGTmxZM1Z5YVhSNUlGSmxjMlZoDQpjbU5vSUVkeWIzVndNUlV3RXdZRFZRUURFd3hKVTFKSElGSnZiM1FnV0RFd0hoY05NVFV3TmpBME1URXdORE00DQpXaGNOTXpVd05qQTBNVEV3TkRNNFdqQlBNUXN3Q1FZRFZRUUdFd0pWVXpFcE1DY0dBMVVFQ2hNZ1NXNTBaWEp1DQpaWFFnVTJWamRYSnBkSGtnVW1WelpXRnlZMmdnUjNKdmRYQXhGVEFUQmdOVkJBTVRERWxUVWtjZ1VtOXZkQ0JZDQpNVENDQWlJd0RRWUpLb1pJaHZjTkFRRUJCUUFEZ2dJUEFEQ0NBZ29DZ2dJQkFLM29KSFAwRkRmem01NHJWeWdjDQpoNzdjdDk4NGtJeHVQT1pYb0hqM2RjS2kvdlZxYnZZQVR5amIzbWlHYkVTVHRyRmovUlFTYTc4ZjB1b3hteUYrDQowVE04dWtqMTNYbmZzN2ovRXZFaG1rdkJpb1p4YVVwbVpteVBmanh3djYwcElnYno1TURtZ0s3aVM0KzNtWDZVDQpBNS9UUjVkOG1VZ2pVK2c0cms4S2I0TXUwVWxYaklCMHR0b3YwRGlOZXdOd0lSdDE4akE4K28rdTNkcGpxK3NXDQpUOEtPRVV0K3p3dm8vN1YzTHZTeWUwcmdUQklsREhDTkF5bWc0Vk1rN0JQWjdobS9FTE5LakQrSm8yRlIzcXlIDQpCNVQwWTNIc0x1SnZXNWlCNFlsY05IbHNkdTg3a0dKNTV0dWttaThteGRBUTRRN2UyUkNPRnZ1Mzk2ajN4K1VDDQpCNWlQTmdpVjUrSTNsZzAyZFo3N0RuS3hIWnU4QS9sSkJkaUIzUVcwS3RaQjZhd0JkcFVLRDlqZjFiMFNIelV2DQpLQmRzMHBqQnFBbGtkMjVITjdyT3JGbGVhSjEvY3RhSnhRWkJLVDVaUHQwbTlTVEpFYWRhbzB4QUgwYWhtYlduDQpPbEZ1aGp1ZWZYS25FZ1Y0V2UwK1VYZ1ZDd09QamRBdkJiSStlMG9jUzNNRkV2ekc2dUJRRTN4RGszU3p5blRuDQpqaDhCQ05BdzFGdHhOclFIdXNFd01GeEl0NEk3bUtaOVlJcWlveW1DekxxOWd3UWJvb01EUWFIV0JmRWJ3cmJ3DQpxSHlHTzBhb1NDcUkzSGFhZHI4ZmFxVTlHWS9yT1BOazNzZ3JEUW9vLy9mYjRoVkMxQ0xRSjEzaGVmNFk1M0NJDQpyVTdtMllzNnh0MG5VVzcvdkdUMU0wTlBBZ01CQUFHalFqQkFNQTRHQTFVZER3RUIvd1FFQXdJQkJqQVBCZ05WDQpIUk1CQWY4RUJUQURBUUgvTUIwR0ExVWREZ1FXQkJSNXRGbm1lN2JsNUFGemdBaUl5QnBZOXVtYmJqQU5CZ2txDQpoa2lHOXcwQkFRc0ZBQU9DQWdFQVZSOVlxYnl5cUZEUURMSFlHbWtnSnlrSXJHRjFYSXB1K0lMbGFTL1Y5bFpMDQp1Ymh6RUZuVElaZCs1MHh4KzdMU1lLMDVxQXZxRnlGV2hmRlFEbG5yenVCWjZickpGZStHblkrRWdQYms2WkdRDQozQmViWWh0RjhHYVYwbnh2d3VvNzd4L1B5OWF1Si9HcHNNaXUvWDErbXZvaUJPdi8yWC9xa1NzaXNSY09qL0tLDQpORnRZMlB3QnlWUzV1Q2JNaW9nemlVd3RoRHlDMys2V1Z3VzZMTHYzeExmSFRqdUN2akhJSW5Oemt0SENnS1E1DQpPUkF6STRKTVBKK0dzbFdZSGI0cGhvd2ltNTdpYXp0WE9vSndUZHdKeDRuTENnZE5iT2hkanNudnpxdkh1N1VyDQpUa1hXU3RBbXpPVnl5Z2hxcFpYakZhSDNwTzNKTEYrbCsvK3NLQUl1dnRkN3UrTnhlNUFXMHdkZVJsTjhOd2RDDQpqTlBFbHB6Vm1iVXE0SlVhZ0VpdVREa0h6c3hIcEZLVks3cTQrNjNTTTFOOTVSMU5iZFdoc2NkQ2IrWkFKelZjDQpveWkzQjQzbmpUT1E1eU9mKzFDY2VXeEcxYlFWczVadWZwc01sanE0VWkwLzFsdmgrd2pDaFA0a3FLT0oycXhxDQo0Umdxc2FoRFlWdlRIOXc3alhieUxlaU5kZDhYTTJ3OVUvdDd5MEZmLzl5aTBHRTQ0WmE0ckYyTE45ZDExVFBBDQptUkd1blVIQmNuV0V2Z0pCUWw5bkpFaVUwWnNudmdjL3ViaFBnWFJSNFhxMzdaMGo0cjdnMVNnRUV6d3hBNTdkDQplbXlQeGdjWXhuL2VSNDQvS0o0RUJzK2xWRFIzdmV5Sm0ra1hROTliMjEvK2poNVhvczFBblg1aUl0cmVHQ2M9DQotLS0tLUVORCBDRVJUSUZJQ0FURS0tLS0tDQoNCjwvY2E+DQoNCg0KIyMjIyMjIyMjIyMjIyMjIyMjIyMjIyMjIyMjIyMjIyMjIyMjIyMjIyMjIyMjIyMjIyMjIyMjIyMjIyMjIyMjIyMjIyMjIyMjIyMjIyMjIw0KIyBUaGUgY2xpZW50IGNlcnRpZmljYXRlIGZpbGUgKGR1bW15KS4NCiMgDQojIEluIHNvbWUgaW1wbGVtZW50YXRpb25zIG9mIE9wZW5WUE4gQ2xpZW50IHNvZnR3YXJlDQojIChmb3IgZXhhbXBsZTogT3BlblZQTiBDbGllbnQgZm9yIGlPUyksDQojIGEgcGFpciBvZiBjbGllbnQgY2VydGlmaWNhdGUgYW5kIHByaXZhdGUga2V5IG11c3QgYmUgaW5jbHVkZWQgb24gdGhlDQojIGNvbmZpZ3VyYXRpb24gZmlsZSBkdWUgdG8gdGhlIGxpbWl0YXRpb24gb2YgdGhlIGNsaWVudC4NCiMgU28gdGhpcyBzYW1wbGUgY29uZmlndXJhdGlvbiBmaWxlIGhhcyBhIGR1bW15IHBhaXIgb2YgY2xpZW50IGNlcnRpZmljYXRlDQojIGFuZCBwcml2YXRlIGtleSBhcyBmb2xsb3dzLg0KDQo8Y2VydD4NCi0tLS0tQkVHSU4gQ0VSVElGSUNBVEUtLS0tLQ0KTUlJQ3hqQ0NBYTRDQVFBd0RRWUpLb1pJaHZjTkFRRUZCUUF3S1RFYU1CZ0dBMVVFQXhNUlZsQk9SMkYwWlVOcw0KYVdWdWRFTmxjblF4Q3pBSkJnTlZCQVlUQWtwUU1CNFhEVEV6TURJeE1UQXpORGswT1ZvWERUTTNNREV4T1RBeg0KTVRRd04xb3dLVEVhTUJnR0ExVUVBeE1SVmxCT1IyRjBaVU5zYVdWdWRFTmxjblF4Q3pBSkJnTlZCQVlUQWtwUQ0KTUlJQklqQU5CZ2txaGtpRzl3MEJBUUVGQUFPQ0FROEFNSUlCQ2dLQ0FRRUE1aDJsZ1FRWVVqd29LWUpielZaQQ0KNVZjSUdkNW90UGMvcVpSTXQwS0l0Q0ZBMHM5UndSZU5WYTlmRFJGTFJCaGNJVE9sdjNGQmNXM0U4aDFVczdSRA0KNFc4R21KZTh6YXBKbkxzRDM5T1NNUkN6WkpuY3pXNE9DSDFQWlJaV0txRHRqbE5jYTlBRjhhNjVqVG1sRHhDUQ0KQ2pudExJV2s1T0xMVmtGdDkvdFNjYzFHRHRjaTU1b2ZoYU5BWU1QaUg3VjgrMWc2NnBHSFhBb1dLNkFRVkg2Nw0KWENLSm5HQjVubFErSHNNWVBWL080OUxkOTFaTi8ydEhrY2FMTHlOdHl3eFZQUlNzUmg0ODBqanUwZmNDc3Y2aA0KcC8weVhuVEIvL21XdXRCR3BkVWxJYndpSVRiQW1yc2JZbmppZ1J2blBxWDFSTkpVYmk5RnA2QzJjL0hJRkpHRA0KeXdJREFRQUJNQTBHQ1NxR1NJYjNEUUVCQlFVQUE0SUJBUUNoTzVoZ2N3LzRvV2ZvRUZMdTlrQmExQi8va3hIOA0KaFFrQ2hWTm44QlJDN1kwVVJRaXRQbDNES0VlZDlVUkJEZGcyS09Bejc3YmI2RU5QaWxpRCthMzhVSkhJUk1xZQ0KVUJIaGxsT0hJenZEaEhGYmFvdkFMQlFjZWVCemRrUXhzS1FFU0ttUW1SODMyOTUwVUNvdm95UkI2MVV5QVY3aA0KK21aaFlQR1JLWEtTSkk2czBFZ2cvQ3JpK0N3azRiakpmcmI1aFZzZTExeWg0RDlNSGh3U2ZDT0grMHo0aFBVVA0KRmt1N2RHYXZVUk81U1Z4TW4vc0w2RW41RCtvU2VYa2FkSHBEcytBaXJ5bTJZSGgxNWgwK2pQU09vUjZ5aVZwLw0KNnpaZVprck40M2t1UzczS3BLREZqZkZQaDh0NHIxZ09JanR0a05jUXFCY2N1c25wbFE3SEpwc2sNCi0tLS0tRU5EIENFUlRJRklDQVRFLS0tLS0NCg0KPC9jZXJ0Pg0KDQo8a2V5Pg0KLS0tLS1CRUdJTiBSU0EgUFJJVkFURSBLRVktLS0tLQ0KTUlJRXBBSUJBQUtDQVFFQTVoMmxnUVFZVWp3b0tZSmJ6VlpBNVZjSUdkNW90UGMvcVpSTXQwS0l0Q0ZBMHM5Ug0Kd1JlTlZhOWZEUkZMUkJoY0lUT2x2M0ZCY1czRThoMVVzN1JENFc4R21KZTh6YXBKbkxzRDM5T1NNUkN6WkpuYw0Kelc0T0NIMVBaUlpXS3FEdGpsTmNhOUFGOGE2NWpUbWxEeENRQ2pudExJV2s1T0xMVmtGdDkvdFNjYzFHRHRjaQ0KNTVvZmhhTkFZTVBpSDdWOCsxZzY2cEdIWEFvV0s2QVFWSDY3WENLSm5HQjVubFErSHNNWVBWL080OUxkOTFaTg0KLzJ0SGtjYUxMeU50eXd4VlBSU3NSaDQ4MGpqdTBmY0NzdjZocC8weVhuVEIvL21XdXRCR3BkVWxJYndpSVRiQQ0KbXJzYlluamlnUnZuUHFYMVJOSlViaTlGcDZDMmMvSElGSkdEeXdJREFRQUJBb0lCQUVSVjdYNUF2eEE4dVJpSw0KazhTSXBzRDBkWDFwSk9NSXdha1VWeXZjNEVmTjBEaEtSTmI0cllvU2lFR1RMeXpMcHlCYy9BMjhEbGttNWVPWQ0KZmp6WGZZa0d0WWkvRnR4a2czTzl2Y3JNUTQrNmkrdUdIYUlMMnJMK3M0TXJmTzh2MXh2NitXa3kzM0VFR0NvdQ0KUWl3VkdSRlFYblJvUTYyTkJDRmJVTkxobVh3ZGoxYWtaekxVNHA1UjR6QTNRaGR4d0VJYXRWTHQwKzdvd0xRMw0KbFA4c2ZYaHBwUE9YalRxTUQ0UWtZd3pQQWE4L3pGN2FjbjRrcnlyVVA3UTZQQWZkMHpFVnFOeTlaQ1o5ZmZobw0KelhlZEZqNDg2SUZvYzVnblRwMk42anNuVmo0TENHSWhsVkhsWUdvektLRnFKY1FWR3NIQ3FxMW96MnpqVzZMUw0Kb1JZSUhnRUNnWUVBOHpacmtDd05ZU1hKdU9ESjNtL2hPTFZ4Y3hnSnV3WG9pRXJXZDBFNDJ2UGFuampWTWhudA0KS1k1bDhxR01KNkZoSzlMWXgycUNyZi9FMFh0VUFaMndWcTNPUlR5R25zTVdyZTl0TFlzNTVYK1pOMTBUYzc1eg0KNGhhY2JVMGhxS04xSGlEbXNNUlkzLzJOYVpIb3k3TUtud0pKQmFHNDhsOUNDVGxWd01Ib2NJRUNnWUVBOGpieQ0KZEdqeFRIKzZYSFdOaXpiNVNSYlp4QW55RWVKZVJ3VE1oMGdHendHUHBIL3NaWUd6eXUwU3lTWFdDblpoM1JncQ0KNXVMbE54dHJYcmxqWmx5aTJuUWRRZ3NxMllyV1VzMCt6Z1UrMjJ1UXNacFNBZnRtaFZydHZldDZNalZqYkJ5WQ0KREFEY2lFVlVkSllJWGsrcW5GVUp5ZXJvTElrVGo3V1lLWjZSamtzQ2dZQm9DRkl3UkRlZzQyb0s4OVJGbW5Pcg0KTHltTkFxNCsyb01oc1dsVmI0ZWpXSVdlQWs5bmMrR1hVZnJYc3pSaFMwMW1VblU1cjV5Z1V2UmNhclYvVDNVNw0KVG5NWitJN1k0RGdXUklEZDUxem5oeElCdFlWNWovQy90ODVIanFPa0grOGI2UlRrYmNoYVgzbWF1N2ZwVWZkcw0KRnEwbmhJcTQyZmhFTzhzcmZZWXdnUUtCZ1FDeWhpMU4vOHRhUndwayszL0lERXpRd2piZmR6VWtXV1NEazlYcw0KSC9wa3VSSFdmVE1QM2ZsV3FFWWdXL0xXNDBwZVcySERxNWltZFY4K0FnWnhlL1hNYmFqaTlMZ3dmMVJZMDA1bg0KS3hhWlF6N3lxSHVwV2xMR0Y2OERQSHhrWlZWU2FnRG5WL3N6dFdYNlNGc0NxRlZueElYaWZYR0M0Y1c1Tm05Zw0KdmE4cTRRS0JnUUNFaExWZVVmZHdLdmtaOTRnL0dGejczMVoyaHJkVmhnTVphVS91NnQwVjk1K1llelBOQ1FaQg0Kd21FOU1tbGJxMWVtRGVST2l2akNmb0doUjNrWlhXMXBUS2xMaDZaTVVRVU9wcHRkWHZhOFh4Zm9xUXdhM2VuQQ0KTTdtdUJiRjBYTjdWTzgwaUpQditQbUlaZEVJQWtwd0tmaTIwMVlCK0JhZkNJdUd4SUY1MFZnPT0NCi0tLS0tRU5EIFJTQSBQUklWQVRFIEtFWS0tLS0tDQoNCjwva2V5Pg0KDQo=
vpn894669190,14.12.136.225,690391,19,363459006,Japan,JP,3,46378507,48809,4678387268233,2weeks,MyComputer's owner,,IyMjIyMjIyMjIyMjIyMjIyMjIyMjIyMjIyMjIyMjIyMjIyMjIyMjIyMjIyMjIyMjIyMjIyMjIyMjIyMjIyMjIyMjIyMjIyMjIyMjIyMjIw0KIyBPcGVuVlBOIDIuMCBTYW1wbGUgQ29uZmlndXJhdGlvbiBGaWxlDQojIGZvciBQYWNrZXRpWCBWUE4gLyBTb2Z0RXRoZXIgVlBOIFNlcnZlcg0KIyANCiMgISEhIEFVVE8tR0VORVJBVEVEIEJZIFNPRlRFVEhFUiBWUE4gU0VSVkVSIE1BTkFHRU1FTlQgVE9PTCAhISENCiMgDQojICEhISBZT1UgSEFWRSBUTyBSRVZJRVcgSVQgQkVGT1JFIFVTRSBBTkQgTU9ESUZZIElUIEFTIE5FQ0VTU0FSWSAhISENCiMgDQojIFRoaXMgY29uZmlndXJhdGlvbiBmaWxlIGlzIGF1dG8tZ2VuZXJhdGVkLiBZb3UgbWlnaHQgdXNlIHRoaXMgY29uZmlnIGZpbGUNCiMgaW4gb3JkZXIgdG8gY29ubmVjdCB0byB0aGUgUGFja2V0aVggVlBOIC8gU29mdEV0aGVyIFZQTiBTZXJ2ZXIuDQojIEhvd2V2ZXIsIGJlZm9yZSB5b3UgdHJ5IGl0LCB5b3Ugc2hvdWxkIHJldmlldyB0aGUgZGVzY3JpcHRpb25zIG9mIHRoZSBmaWxlDQojIHRvIGRldGVybWluZSB0aGUgbmVjZXNzaXR5IHRvIG1vZGlmeSB0byBzdWl0YWJsZSBmb3IgeW91ciByZWFsIGVudmlyb25tZW50Lg0KIyBJZiBuZWNlc3NhcnksIHlvdSBoYXZlIHRvIG1vZGlmeSBhIGxpdHRsZSBhZGVxdWF0ZWx5IG9uIHRoZSBmaWxlLg0KIyBGb3IgZXhhbXBsZSwgdGhlIElQIGFkZHJlc3Mgb3IgdGhlIGhvc3RuYW1lIGFzIGEgZGVzdGluYXRpb24gVlBOIFNlcnZlcg0KIyBzaG91bGQgYmUgY29uZmlybWVkLg0KIyANCiMgTm90ZSB0aGF0IHRvIHVzZSBPcGVuVlBOIDIuMCwgeW91IGhhdmUgdG8gcHV0IHRoZSBjZXJ0aWZpY2F0aW9uIGZpbGUgb2YNCiMgdGhlIGRlc3RpbmF0aW9uIFZQTiBTZXJ2ZXIgb24gdGhlIE9wZW5WUE4gQ2xpZW50IGNvbXB1dGVyIHdoZW4geW91IHVzZSB0aGlzDQojIGNvbmZpZyBmaWxlLiBQbGVhc2UgcmVmZXIgdGhlIGJlbG93IGRlc2NyaXB0aW9ucyBjYXJlZnVsbHkuDQoNCg0KIyMjIyMjIyMjIyMjIyMjIyMjIyMjIyMjIyMjIyMjIyMjIyMjIyMjIyMjIyMjIyMjIyMjIyMjIyMjIyMjIyMjIyMjIyMjIyMjIyMjIyMjIw0KIyBTcGVjaWZ5IHRoZSB0eXBlIG9mIHRoZSBsYXllciBvZiB0aGUgVlBOIGNvbm5lY3Rpb24uDQojIA0KIyBUbyBjb25uZWN0IHRvIHRoZSBWUE4gU2VydmVyIGFzIGEgIlJlbW90ZS1BY2Nlc3MgVlBOIENsaWVudCBQQyIsDQojICBzcGVjaWZ5ICdkZXYgdHVuJy4gKExheWVyLTMgSVAgUm91dGluZyBNb2RlKQ0KIw0KIyBUbyBjb25uZWN0IHRvIHRoZSBWUE4gU2VydmVyIGFzIGEgYnJpZGdpbmcgZXF1aXBtZW50IG9mICJTaXRlLXRvLVNpdGUgVlBOIiwNCiMgIHNwZWNpZnkgJ2RldiB0YXAnLiAoTGF5ZXItMiBFdGhlcm5ldCBCcmlkZ2luZSBNb2RlKQ0KDQpkZXYgdHVuDQoNCg0KIyMjIyMjIyMjIyMjIyMjIyMjIyMjIyMjIyMjIyMjIyMjIyMjIyMjIyMjIyMjIyMjIyMjIyMjIyMjIyMjIyMjIyMjIyMjIyMjIyMjIyMjIw0KIyBTcGVjaWZ5IHRoZSB1bmRlcmx5aW5nIHByb3RvY29sIGJleW9uZCB0aGUgSW50ZXJuZXQuDQojIE5vdGUgdGhhdCB0aGlzIHNldHRpbmcgbXVzdCBiZSBjb3JyZXNwb25kIHdpdGggdGhlIGxpc3RlbmluZyBzZXR0aW5nIG9uDQojIHRoZSBWUE4gU2VydmVyLg0KIyANCiMgU3BlY2lmeSBlaXRoZXIgJ3Byb3RvIHRjcCcgb3IgJ3Byb3RvIHVkcCcuDQoNCnByb3RvIHVkcA0KDQoNCiMjIyMjIyMjIyMjIyMjIyMjIyMjIyMjIyMjIyMjIyMjIyMjIyMjIyMjIyMjIyMjIyMjIyMjIyMjIyMjIyMjIyMjIyMjIyMjIyMjIyMjIyMNCiMgVGhlIGRlc3RpbmF0aW9uIGhvc3RuYW1lIC8gSVAgYWRkcmVzcywgYW5kIHBvcnQgbnVtYmVyIG9mDQojIHRoZSB0YXJnZXQgVlBOIFNlcnZlci4NCiMgDQojIFlvdSBoYXZlIHRvIHNwZWNpZnkgYXMgJ3JlbW90ZSA8SE9TVE5BTUU+IDxQT1JUPicuIFlvdSBjYW4gYWxzbw0KIyBzcGVjaWZ5IHRoZSBJUCBhZGRyZXNzIGluc3RlYWQgb2YgdGhlIGhvc3RuYW1lLg0KIyANCiMgTm90ZSB0aGF0IHRoZSBhdXRvLWdlbmVyYXRlZCBiZWxvdyBob3N0bmFtZSBhcmUgYSAiYXV0by1kZXRlY3RlZA0KIyBJUCBhZGRyZXNzIiBvZiB0aGUgVlBOIFNlcnZlci4gWW91IGhhdmUgdG8gY29uZmlybSB0aGUgY29ycmVjdG5lc3MNCiMgYmVmb3JlaGFuZC4NCiMgDQojIFdoZW4geW91IHdhbnQgdG8gY29ubmVjdCB0byB0aGUgVlBOIFNlcnZlciBieSB1c2luZyBUQ1AgcHJvdG9jb2wsDQojIHRoZSBwb3J0IG51bWJlciBvZiB0aGUgZGVzdGluYXRpb24gVENQIHBvcnQgc2hvdWxkIGJlIHNhbWUgYXMgb25lIG9mDQojIHRoZSBhdmFpbGFibGUgVENQIGxpc3RlbmVycyBvbiB0aGUgVlBOIFNlcnZlci4NCiMgDQojIFdoZW4geW91IHVzZSBVRFAgcHJvdG9jb2wsIHRoZSBwb3J0IG51bWJlciBtdXN0IHNhbWUgYXMgdGhlIGNvbmZpZ3VyYXRpb24NCiMgc2V0dGluZyBvZiAiT3BlblZQTiBTZXJ2ZXIgQ29tcGF0aWJsZSBGdW5jdGlvbiIgb24gdGhlIFZQTiBTZXJ2ZXIuDQoNCnJlbW90ZSAxNC4xMi4xMzYuMjI1IDQ4NDMNCg0KDQojIyMjIyMjIyMjIyMjIyMjIyMjIyMjIyMjIyMjIyMjIyMjIyMjIyMjIyMjIyMjIyMjIyMjIyMjIyMjIyMjIyMjIyMjIyMjIyMjIyMjIyMjDQojIFRoZSBIVFRQL0hUVFBTIHByb3h5IHNldHRpbmcuDQojIA0KIyBPbmx5IGlmIHlvdSBoYXZlIHRvIHVzZSB0aGUgSW50ZXJuZXQgdmlhIGEgcHJveHksIHVuY29tbWVudCB0aGUgYmVsb3cNCiMgdHdvIGxpbmVzIGFuZCBzcGVjaWZ5IHRoZSBwcm94eSBhZGRyZXNzIGFuZCB0aGUgcG9ydCBudW1iZXIuDQojIEluIHRoZSBjYXNlIG9mIHVzaW5nIHByb3h5LWF1dGhlbnRpY2F0aW9uLCByZWZlciB0aGUgT3BlblZQTiBtYW51YWwuDQoNCjtodHRwLXByb3h5LXJldHJ5DQo7aHR0cC1wcm94eSBbcHJveHkgc2VydmVyXSBbcHJveHkgcG9ydF0NCg0KDQojIyMjIyMjIyMjIyMjIyMjIyMjIyMjIyMjIyMjIyMjIyMjIyMjIyMjIyMjIyMjIyMjIyMjIyMjIyMjIyMjIyMjIyMjIyMjIyMjIyMjIyMjDQojIFRoZSBlbmNyeXB0aW9uIGFuZCBhdXRoZW50aWNhdGlvbiBhbGdvcml0aG0uDQojIA0KIyBEZWZhdWx0IHNldHRpbmcgaXMgZ29vZC4gTW9kaWZ5IGl0IGFzIHlvdSBwcmVmZXIuDQojIFdoZW4geW91IHNwZWNpZnkgYW4gdW5zdXBwb3J0ZWQgYWxnb3JpdGhtLCB0aGUgZXJyb3Igd2lsbCBvY2N1ci4NCiMgDQojIFRoZSBzdXBwb3J0ZWQgYWxnb3JpdGhtcyBhcmUgYXMgZm9sbG93czoNCiMgIGNpcGhlcjogW05VTEwtQ0lQSEVSXSBOVUxMIEFFUy0xMjgtQ0JDIEFFUy0xOTItQ0JDIEFFUy0yNTYtQ0JDIEJGLUNCQw0KIyAgICAgICAgICBDQVNULUNCQyBDQVNUNS1DQkMgREVTLUNCQyBERVMtRURFLUNCQyBERVMtRURFMy1DQkMgREVTWC1DQkMNCiMgICAgICAgICAgUkMyLTQwLUNCQyBSQzItNjQtQ0JDIFJDMi1DQkMNCiMgIGF1dGg6ICAgU0hBIFNIQTEgTUQ1IE1ENCBSTUQxNjANCg0KY2lwaGVyIEFFUy0xMjgtQ0JDDQphdXRoIFNIQTENCg0KDQojIyMjIyMjIyMjIyMjIyMjIyMjIyMjIyMjIyMjIyMjIyMjIyMjIyMjIyMjIyMjIyMjIyMjIyMjIyMjIyMjIyMjIyMjIyMjIyMjIyMjIyMjDQojIE90aGVyIHBhcmFtZXRlcnMgbmVjZXNzYXJ5IHRvIGNvbm5lY3QgdG8gdGhlIFZQTiBTZXJ2ZXIuDQojIA0KIyBJdCBpcyBub3QgcmVjb21tZW5kZWQgdG8gbW9kaWZ5IGl0IHVubGVzcyB5b3UgaGF2ZSBhIHBhcnRpY3VsYXIgbmVlZC4NCg0KcmVzb2x2LXJldHJ5IGluZmluaXRlDQpub2JpbmQNCnBlcnNpc3Qta2V5DQpwZXJzaXN0LXR1bg0KY2xpZW50DQp2ZXJiIDMNCiNhdXRoLXVzZXItcGFzcw0KDQoNCiMjIyMjIyMjIyMjIyMjIyMjIyMjIyMjIyMjIyMjIyMjIyMjIyMjIyMjIyMjIyMjIyMjIyMjIyMjIyMjIyMjIyMjIyMjIyMjIyMjIyMjIyMNCiMgVGhlIGNlcnRpZmljYXRlIGZpbGUgb2YgdGhlIGRlc3RpbmF0aW9uIFZQTiBTZXJ2ZXIuDQojIA0KIyBUaGUgQ0EgY2VydGlmaWNhdGUgZmlsZSBpcyBlbWJlZGRlZCBpbiB0aGUgaW5saW5lIGZvcm1hdC4NCiMgWW91IGNhbiByZXBsYWNlIHRoaXMgQ0EgY29udGVudHMgaWYgbmVjZXNzYXJ5Lg0KIyBQbGVhc2Ugbm90ZSB0aGF0IGlmIHRoZSBzZXJ2ZXIgY2VydGlmaWNhdGUgaXMgbm90IGEgc2VsZi1zaWduZWQsIHlvdSBoYXZlIHRvDQojIHNwZWNpZnkgdGhlIHNpZ25lcidzIHJvb3QgY2VydGlmaWNhdGUgKENBKSBoZXJlLg0KDQo8Y2E+DQotLS0tLUJFR0lOIENFUlRJRklDQVRFLS0tLS0NCk1JSUZhekNDQTFPZ0F3SUJBZ0lSQUlJUXo3RFNRT05aUkdQZ3UyT0Npd0F3RFFZSktvWklodmNOQVFFTEJRQXcNClR6RUxNQWtHQTFVRUJoTUNWVk14S1RBbkJnTlZCQW9USUVsdWRHVnlibVYwSUZObFkzVnlhWFI1SUZKbGMyVmgNCmNtTm9JRWR5YjNWd01SVXdFd1lEVlFRREV3eEpVMUpISUZKdmIzUWdXREV3SGhjTk1UVXdOakEwTVRFd05ETTQNCldoY05NelV3TmpBME1URXdORE00V2pCUE1Rc3dDUVlEVlFRR0V3SlZVekVwTUNjR0ExVUVDaE1nU1c1MFpYSnUNClpYUWdVMlZqZFhKcGRIa2dVbVZ6WldGeVkyZ2dSM0p2ZFhBeEZUQVRCZ05WQkFNVERFbFRVa2NnVW05dmRDQlkNCk1UQ0NBaUl3RFFZSktvWklodmNOQVFFQkJRQURnZ0lQQURDQ0Fnb0NnZ0lCQUszb0pIUDBGRGZ6bTU0clZ5Z2MNCmg3N2N0OTg0a0l4dVBPWlhvSGozZGNLaS92VnFidllBVHlqYjNtaUdiRVNUdHJGai9SUVNhNzhmMHVveG15RisNCjBUTTh1a2oxM1huZnM3ai9FdkVobWt2QmlvWnhhVXBtWm15UGZqeHd2NjBwSWdiejVNRG1nSzdpUzQrM21YNlUNCkE1L1RSNWQ4bVVnalUrZzRyazhLYjRNdTBVbFhqSUIwdHRvdjBEaU5ld053SVJ0MThqQTgrbyt1M2RwanErc1cNClQ4S09FVXQrend2by83VjNMdlN5ZTByZ1RCSWxESENOQXltZzRWTWs3QlBaN2htL0VMTktqRCtKbzJGUjNxeUgNCkI1VDBZM0hzTHVKdlc1aUI0WWxjTkhsc2R1ODdrR0o1NXR1a21pOG14ZEFRNFE3ZTJSQ09GdnUzOTZqM3grVUMNCkI1aVBOZ2lWNStJM2xnMDJkWjc3RG5LeEhadThBL2xKQmRpQjNRVzBLdFpCNmF3QmRwVUtEOWpmMWIwU0h6VXYNCktCZHMwcGpCcUFsa2QyNUhON3JPckZsZWFKMS9jdGFKeFFaQktUNVpQdDBtOVNUSkVhZGFvMHhBSDBhaG1iV24NCk9sRnVoanVlZlhLbkVnVjRXZTArVVhnVkN3T1BqZEF2QmJJK2Uwb2NTM01GRXZ6RzZ1QlFFM3hEazNTenluVG4NCmpoOEJDTkF3MUZ0eE5yUUh1c0V3TUZ4SXQ0STdtS1o5WUlxaW95bUN6THE5Z3dRYm9vTURRYUhXQmZFYndyYncNCnFIeUdPMGFvU0NxSTNIYWFkcjhmYXFVOUdZL3JPUE5rM3NnckRRb28vL2ZiNGhWQzFDTFFKMTNoZWY0WTUzQ0kNCnJVN20yWXM2eHQwblVXNy92R1QxTTBOUEFnTUJBQUdqUWpCQU1BNEdBMVVkRHdFQi93UUVBd0lCQmpBUEJnTlYNCkhSTUJBZjhFQlRBREFRSC9NQjBHQTFVZERnUVdCQlI1dEZubWU3Ymw1QUZ6Z0FpSXlCcFk5dW1iYmpBTkJna3ENCmhraUc5dzBCQVFzRkFBT0NBZ0VBVlI5WXFieXlxRkRRRExIWUdta2dKeWtJckdGMVhJcHUrSUxsYVMvVjlsWkwNCnViaHpFRm5USVpkKzUweHgrN0xTWUswNXFBdnFGeUZXaGZGUURsbnJ6dUJaNmJySkZlK0duWStFZ1BiazZaR1ENCjNCZWJZaHRGOEdhVjBueHZ3dW83N3gvUHk5YXVKL0dwc01pdS9YMSttdm9pQk92LzJYL3FrU3Npc1JjT2ovS0sNCk5GdFkyUHdCeVZTNXVDYk1pb2d6aVV3dGhEeUMzKzZXVndXNkxMdjN4TGZIVGp1Q3ZqSElJbk56a3RIQ2dLUTUNCk9SQXpJNEpNUEorR3NsV1lIYjRwaG93aW01N2lhenRYT29Kd1Rkd0p4NG5MQ2dkTmJPaGRqc252enF2SHU3VXINClRrWFdTdEFtek9WeXlnaHFwWlhqRmFIM3BPM0pMRitsKy8rc0tBSXV2dGQ3dStOeGU1QVcwd2RlUmxOOE53ZEMNCmpOUEVscHpWbWJVcTRKVWFnRWl1VERrSHpzeEhwRktWSzdxNCs2M1NNMU45NVIxTmJkV2hzY2RDYitaQUp6VmMNCm95aTNCNDNualRPUTV5T2YrMUNjZVd4RzFiUVZzNVp1ZnBzTWxqcTRVaTAvMWx2aCt3akNoUDRrcUtPSjJxeHENCjRSZ3FzYWhEWVZ2VEg5dzdqWGJ5TGVpTmRkOFhNMnc5VS90N3kwRmYvOXlpMEdFNDRaYTRyRjJMTjlkMTFUUEENCm1SR3VuVUhCY25XRXZnSkJRbDluSkVpVTBac252Z2MvdWJoUGdYUlI0WHEzN1owajRyN2cxU2dFRXp3eEE1N2QNCmVteVB4Z2NZeG4vZVI0NC9LSjRFQnMrbFZEUjN2ZXlKbStrWFE5OWIyMS8ramg1WG9zMUFuWDVpSXRyZUdDYz0NCi0tLS0tRU5EIENFUlRJRklDQVRFLS0tLS0NCg0KPC9jYT4NCg0KDQojIyMjIyMjIyMjIyMjIyMjIyMjIyMjIyMjIyMjIyMjIyMjIyMjIyMjIyMjIyMjIyMjIyMjIyMjIyMjIyMjIyMjIyMjIyMjIyMjIyMjIyMjDQojIFRoZSBjbGllbnQgY2VydGlmaWNhdGUgZmlsZSAoZHVtbXkpLg0KIyANCiMgSW4gc29tZSBpbXBsZW1lbnRhdGlvbnMgb2YgT3BlblZQTiBDbGllbnQgc29mdHdhcmUNCiMgKGZvciBleGFtcGxlOiBPcGVuVlBOIENsaWVudCBmb3IgaU9TKSwNCiMgYSBwYWlyIG9mIGNsaWVudCBjZXJ0aWZpY2F0ZSBhbmQgcHJpdmF0ZSBrZXkgbXVzdCBiZSBpbmNsdWRlZCBvbiB0aGUNCiMgY29uZmlndXJhdGlvbiBmaWxlIGR1ZSB0byB0aGUgbGltaXRhdGlvbiBvZiB0aGUgY2xpZW50Lg0KIyBTbyB0aGlzIHNhbXBsZSBjb25maWd1cmF0aW9uIGZpbGUgaGFzIGEgZHVtbXkgcGFpciBvZiBjbGllbnQgY2VydGlmaWNhdGUNCiMgYW5kIHByaXZhdGUga2V5IGFzIGZvbGxvd3MuDQoNCjxjZXJ0Pg0KLS0tLS1CRUdJTiBDRVJUSUZJQ0FURS0tLS0tDQpNSUlDeGpDQ0FhNENBUUF3RFFZSktvWklodmNOQVFFRkJRQXdLVEVhTUJnR0ExVUVBeE1SVmxCT1IyRjBaVU5zDQphV1Z1ZEVObGNuUXhDekFKQmdOVkJBWVRBa3BRTUI0WERURXpNREl4TVRBek5EazBPVm9YRFRNM01ERXhPVEF6DQpNVFF3TjFvd0tURWFNQmdHQTFVRUF4TVJWbEJPUjJGMFpVTnNhV1Z1ZEVObGNuUXhDekFKQmdOVkJBWVRBa3BRDQpNSUlCSWpBTkJna3Foa2lHOXcwQkFRRUZBQU9DQVE4QU1JSUJDZ0tDQVFFQTVoMmxnUVFZVWp3b0tZSmJ6VlpBDQo1VmNJR2Q1b3RQYy9xWlJNdDBLSXRDRkEwczlSd1JlTlZhOWZEUkZMUkJoY0lUT2x2M0ZCY1czRThoMVVzN1JEDQo0VzhHbUplOHphcEpuTHNEMzlPU01SQ3paSm5jelc0T0NIMVBaUlpXS3FEdGpsTmNhOUFGOGE2NWpUbWxEeENRDQpDam50TElXazVPTExWa0Z0OS90U2NjMUdEdGNpNTVvZmhhTkFZTVBpSDdWOCsxZzY2cEdIWEFvV0s2QVFWSDY3DQpYQ0tKbkdCNW5sUStIc01ZUFYvTzQ5TGQ5MVpOLzJ0SGtjYUxMeU50eXd4VlBSU3NSaDQ4MGpqdTBmY0NzdjZoDQpwLzB5WG5UQi8vbVd1dEJHcGRVbElid2lJVGJBbXJzYlluamlnUnZuUHFYMVJOSlViaTlGcDZDMmMvSElGSkdEDQp5d0lEQVFBQk1BMEdDU3FHU0liM0RRRUJCUVVBQTRJQkFRQ2hPNWhnY3cvNG9XZm9FRkx1OWtCYTFCLy9reEg4DQpoUWtDaFZObjhCUkM3WTBVUlFpdFBsM0RLRWVkOVVSQkRkZzJLT0F6NzdiYjZFTlBpbGlEK2EzOFVKSElSTXFlDQpVQkhobGxPSEl6dkRoSEZiYW92QUxCUWNlZUJ6ZGtReHNLUUVTS21RbVI4MzI5NTBVQ292b3lSQjYxVXlBVjdoDQorbVpoWVBHUktYS1NKSTZzMEVnZy9DcmkrQ3drNGJqSmZyYjVoVnNlMTF5aDREOU1IaHdTZkNPSCswejRoUFVUDQpGa3U3ZEdhdlVSTzVTVnhNbi9zTDZFbjVEK29TZVhrYWRIcERzK0FpcnltMllIaDE1aDAralBTT29SNnlpVnAvDQo2elplWmtyTjQza3VTNzNLcEtERmpmRlBoOHQ0cjFnT0lqdHRrTmNRcUJjY3VzbnBsUTdISnBzaw0KLS0tLS1FTkQgQ0VSVElGSUNBVEUtLS0tLQ0KDQo8L2NlcnQ+DQoNCjxrZXk+DQotLS0tLUJFR0lOIFJTQSBQUklWQVRFIEtFWS0tLS0tDQpNSUlFcEFJQkFBS0NBUUVBNWgybGdRUVlVandvS1lKYnpWWkE1VmNJR2Q1b3RQYy9xWlJNdDBLSXRDRkEwczlSDQp3UmVOVmE5ZkRSRkxSQmhjSVRPbHYzRkJjVzNFOGgxVXM3UkQ0VzhHbUplOHphcEpuTHNEMzlPU01SQ3paSm5jDQp6VzRPQ0gxUFpSWldLcUR0amxOY2E5QUY4YTY1alRtbER4Q1FDam50TElXazVPTExWa0Z0OS90U2NjMUdEdGNpDQo1NW9maGFOQVlNUGlIN1Y4KzFnNjZwR0hYQW9XSzZBUVZINjdYQ0tKbkdCNW5sUStIc01ZUFYvTzQ5TGQ5MVpODQovMnRIa2NhTEx5TnR5d3hWUFJTc1JoNDgwamp1MGZjQ3N2NmhwLzB5WG5UQi8vbVd1dEJHcGRVbElid2lJVGJBDQptcnNiWW5qaWdSdm5QcVgxUk5KVWJpOUZwNkMyYy9ISUZKR0R5d0lEQVFBQkFvSUJBRVJWN1g1QXZ4QTh1UmlLDQprOFNJcHNEMGRYMXBKT01Jd2FrVVZ5dmM0RWZOMERoS1JOYjRyWW9TaUVHVEx5ekxweUJjL0EyOERsa201ZU9ZDQpmanpYZllrR3RZaS9GdHhrZzNPOXZjck1RNCs2aSt1R0hhSUwyckwrczRNcmZPOHYxeHY2K1dreTMzRUVHQ291DQpRaXdWR1JGUVhuUm9RNjJOQkNGYlVOTGhtWHdkajFha1p6TFU0cDVSNHpBM1FoZHh3RUlhdFZMdDArN293TFEzDQpsUDhzZlhocHBQT1hqVHFNRDRRa1l3elBBYTgvekY3YWNuNGtyeXJVUDdRNlBBZmQwekVWcU55OVpDWjlmZmhvDQp6WGVkRmo0ODZJRm9jNWduVHAyTjZqc25WajRMQ0dJaGxWSGxZR296S0tGcUpjUVZHc0hDcXExb3oyempXNkxTDQpvUllJSGdFQ2dZRUE4elpya0N3TllTWEp1T0RKM20vaE9MVnhjeGdKdXdYb2lFcldkMEU0MnZQYW5qalZNaG50DQpLWTVsOHFHTUo2RmhLOUxZeDJxQ3JmL0UwWHRVQVoyd1ZxM09SVHlHbnNNV3JlOXRMWXM1NVgrWk4xMFRjNzV6DQo0aGFjYlUwaHFLTjFIaURtc01SWTMvMk5hWkhveTdNS253SkpCYUc0OGw5Q0NUbFZ3TUhvY0lFQ2dZRUE4amJ5DQpkR2p4VEgrNlhIV05pemI1U1JiWnhBbnlFZUplUndUTWgwZ0d6d0dQcEgvc1pZR3p5dTBTeVNYV0NuWmgzUmdxDQo1dUxsTnh0clhybGpabHlpMm5RZFFnc3EyWXJXVXMwK3pnVSsyMnVRc1pwU0FmdG1oVnJ0dmV0Nk1qVmpiQnlZDQpEQURjaUVWVWRKWUlYaytxbkZVSnllcm9MSWtUajdXWUtaNlJqa3NDZ1lCb0NGSXdSRGVnNDJvSzg5UkZtbk9yDQpMeW1OQXE0KzJvTWhzV2xWYjRlaldJV2VBazluYytHWFVmclhzelJoUzAxbVVuVTVyNXlnVXZSY2FyVi9UM1U3DQpUbk1aK0k3WTREZ1dSSURkNTF6bmh4SUJ0WVY1ai9DL3Q4NUhqcU9rSCs4YjZSVGtiY2hhWDNtYXU3ZnBVZmRzDQpGcTBuaElxNDJmaEVPOHNyZllZd2dRS0JnUUN5aGkxTi84dGFSd3BrKzMvSURFelF3amJmZHpVa1dXU0RrOVhzDQpIL3BrdVJIV2ZUTVAzZmxXcUVZZ1cvTFc0MHBlVzJIRHE1aW1kVjgrQWdaeGUvWE1iYWppOUxnd2YxUlkwMDVuDQpLeGFaUXo3eXFIdXBXbExHRjY4RFBIeGtaVlZTYWdEblYvc3p0V1g2U0ZzQ3FGVm54SVhpZlhHQzRjVzVObTlnDQp2YThxNFFLQmdRQ0VoTFZlVWZkd0t2a1o5NGcvR0Z6NzMxWjJocmRWaGdNWmFVL3U2dDBWOTUrWWV6UE5DUVpCDQp3bUU5TW1sYnExZW1EZVJPaXZqQ2ZvR2hSM2taWFcxcFRLbExoNlpNVVFVT3BwdGRYdmE4WHhmb3FRd2EzZW5BDQpNN211QmJGMFhON1ZPODBpSlB2K1BtSVpkRUlBa3B3S2ZpMjAxWUIrQmFmQ0l1R3hJRjUwVmc9PQ0KLS0tLS1FTkQgUlNBIFBSSVZBVEUgS0VZLS0tLS0NCg0KPC9rZXk+DQoNCg==
vpn972315247,118.108.56.233,684850,7,519411756,Japan,JP,30,21947507,347090,47538712040766,2weeks,DESKTOP-26G590L's owner,,IyMjIyMjIyMjIyMjIyMjIyMjIyMjIyMjIyMjIyMjIyMjIyMjIyMjIyMjIyMjIyMjIyMjIyMjIyMjIyMjIyMjIyMjIyMjIyMjIyMjIyMjIw0KIyBPcGVuVlBOIDIuMCBTYW1wbGUgQ29uZmlndXJhdGlvbiBGaWxlDQojIGZvciBQYWNrZXRpWCBWUE4gLyBTb2Z0RXRoZXIgVlBOIFNlcnZlcg0KIyANCiMgISEhIEFVVE8tR0VORVJBVEVEIEJZIFNPRlRFVEhFUiBWUE4gU0VSVkVSIE1BTkFHRU1FTlQgVE9PTCAhISENCiMgDQojICEhISBZT1UgSEFWRSBUTyBSRVZJRVcgSVQgQkVGT1JFIFVTRSBBTkQgTU9ESUZZIElUIEFTIE5FQ0VTU0FSWSAhISENCiMgDQojIFRoaXMgY29uZmlndXJhdGlvbiBmaWxlIGlzIGF1dG8tZ2VuZXJhdGVkLiBZb3UgbWlnaHQgdXNlIHRoaXMgY29uZmlnIGZpbGUNCiMgaW4gb3JkZXIgdG8gY29ubmVjdCB0byB0aGUgUGFja2V0aVggVlBOIC8gU29mdEV0aGVyIFZQTiBTZXJ2ZXIuDQojIEhvd2V2ZXIsIGJlZm9yZSB5b3UgdHJ5IGl0LCB5b3Ugc2hvdWxkIHJldmlldyB0aGUgZGVzY3JpcHRpb25zIG9mIHRoZSBmaWxlDQojIHRvIGRldGVybWluZSB0aGUgbmVjZXNzaXR5IHRvIG1vZGlmeSB0byBzdWl0YWJsZSBmb3IgeW91ciByZWFsIGVudmlyb25tZW50Lg0KIyBJZiBuZWNlc3NhcnksIHlvdSBoYXZlIHRvIG1vZGlmeSBhIGxpdHRsZSBhZGVxdWF0ZWx5IG9uIHRoZSBmaWxlLg0KIyBGb3IgZXhhbXBsZSwgdGhlIElQIGFkZHJlc3Mgb3IgdGhlIGhvc3RuYW1lIGFzIGEgZGVzdGluYXRpb24gVlBOIFNlcnZlcg0KIyBzaG91bGQgYmUgY29uZmlybWVkLg0KIyANCiMgTm90ZSB0aGF0IHRvIHVzZSBPcGVuVlBOIDIuMCwgeW91IGhhdmUgdG8gcHV0IHRoZSBjZXJ0aWZpY2F0aW9uIGZpbGUgb2YNCiMgdGhlIGRlc3RpbmF0aW9uIFZQTiBTZXJ2ZXIgb24gdGhlIE9wZW5WUE4gQ2xpZW50IGNvbXB1dGVyIHdoZW4geW91IHVzZSB0aGlzDQojIGNvbmZpZyBmaWxlLiBQbGVhc2UgcmVmZXIgdGhlIGJlbG93IGRlc2NyaXB0aW9ucyBjYXJlZnVsbHkuDQoNCg0KIyMjIyMjIyMjIyMjIyMjIyMjIyMjIyMjIyMjIyMjIyMjIyMjIyMjIyMjIyMjIyMjIyMjIyMjIyMjIyMjIyMjIyMjIyMjIyMjIyMjIyMjIw0KIyBTcGVjaWZ5IHRoZSB0eXBlIG9mIHRoZSBsYXllciBvZiB0aGUgVlBOIGNvbm5lY3Rpb24uDQojIA0KIyBUbyBjb25uZWN0IHRvIHRoZSBWUE4gU2VydmVyIGFzIGEgIlJlbW90ZS1BY2Nlc3MgVlBOIENsaWVudCBQQyIsDQojICBzcGVjaWZ5ICdkZXYgdHVuJy4gKExheWVyLTMgSVAgUm91dGluZyBNb2RlKQ0KIw0KIyBUbyBjb25uZWN0IHRvIHRoZSBWUE4gU2VydmVyIGFzIGEgYnJpZGdpbmcgZXF1aXBtZW50IG9mICJTaXRlLXRvLVNpdGUgVlBOIiwNCiMgIHNwZWNpZnkgJ2RldiB0YXAnLiAoTGF5ZXItMiBFdGhlcm5ldCBCcmlkZ2luZSBNb2RlKQ0KDQpkZXYgdHVuDQoNCg0KIyMjIyMjIyMjIyMjIyMjIyMjIyMjIyMjIyMjIyMjIyMjIyMjIyMjIyMjIyMjIyMjIyMjIyMjIyMjIyMjIyMjIyMjIyMjIyMjIyMjIyMjIw0KIyBTcGVjaWZ5IHRoZSB1bmRlcmx5aW5nIHByb3RvY29sIGJleW9uZCB0aGUgSW50ZXJuZXQuDQojIE5vdGUgdGhhdCB0aGlzIHNldHRpbmcgbXVzdCBiZSBjb3JyZXNwb25kIHdpdGggdGhlIGxpc3RlbmluZyBzZXR0aW5nIG9uDQojIHRoZSBWUE4gU2VydmVyLg0KIyANCiMgU3BlY2lmeSBlaXRoZXIgJ3Byb3RvIHRjcCcgb3IgJ3Byb3RvIHVkcCcuDQoNCnByb3RvIHRjcA0KDQoNCiMjIyMjIyMjIyMjIyMjIyMjIyMjIyMjIyMjIyMjIyMjIyMjIyMjIyMjIyMjIyMjIyMjIyMjIyMjIyMjIyMjIyMjIyMjIyMjIyMjIyMjIyMNCiMgVGhlIGRlc3RpbmF0aW9uIGhvc3RuYW1lIC8gSVAgYWRkcmVzcywgYW5kIHBvcnQgbnVtYmVyIG9mDQojIHRoZSB0YXJnZXQgVlBOIFNlcnZlci4NCiMgDQojIFlvdSBoYXZlIHRvIHNwZWNpZnkgYXMgJ3JlbW90ZSA8SE9TVE5BTUU+IDxQT1JUPicuIFlvdSBjYW4gYWxzbw0KIyBzcGVjaWZ5IHRoZSBJUCBhZGRyZXNzIGluc3RlYWQgb2YgdGhlIGhvc3RuYW1lLg0KIyANCiMgTm90ZSB0aGF0IHRoZSBhdXRvLWdlbmVyYXRlZCBiZWxvdyBob3N0bmFtZSBhcmUgYSAiYXV0by1kZXRlY3RlZA0KIyBJUCBhZGRyZXNzIiBvZiB0aGUgVlBOIFNlcnZlci4gWW91IGhhdmUgdG8gY29uZmlybSB0aGUgY29ycmVjdG5lc3MNCiMgYmVmb3JlaGFuZC4NCiMgDQojIFdoZW4geW91IHdhbnQgdG8gY29ubmVjdCB0byB0aGUgVlBOIFNlcnZlciBieSB1c2luZyBUQ1AgcHJvdG9jb2wsDQojIHRoZSBwb3J0IG51bWJlciBvZiB0aGUgZGVzdGluYXRpb24gVENQIHBvcnQgc2hvdWxkIGJlIHNhbWUgYXMgb25lIG9mDQojIHRoZSBhdmFpbGFibGUgVENQIGxpc3RlbmVycyBvbiB0aGUgVlBOIFNlcnZlci4NCiMgDQojIFdoZW4geW91IHVzZSBVRFAgcHJvdG9jb2wsIHRoZSBwb3J0IG51bWJlciBtdXN0IHNhbWUgYXMgdGhlIGNvbmZpZ3VyYXRpb24NCiMgc2V0dGluZyBvZiAiT3BlblZQTiBTZXJ2ZXIgQ29tcGF0aWJsZSBGdW5jdGlvbiIgb24gdGhlIFZQTiBTZXJ2ZXIuDQoNCnJlbW90ZSAxMTguMTA4LjU2LjIzMyAxODc2DQoNCg0KIyMjIyMjIyMjIyMjIyMjIyMjIyMjIyMjIyMjIyMjIyMjIyMjIyMjIyMjIyMjIyMjIyMjIyMjIyMjIyMjIyMjIyMjIyMjIyMjIyMjIyMjIw0KIyBUaGUgSFRUUC9IVFRQUyBwcm94eSBzZXR0aW5nLg0KIyANCiMgT25seSBpZiB5b3UgaGF2ZSB0byB1c2UgdGhlIEludGVybmV0IHZpYSBhIHByb3h5LCB1bmNvbW1lbnQgdGhlIGJlbG93DQojIHR3byBsaW5lcyBhbmQgc3BlY2lmeSB0aGUgcHJveHkgYWRkcmVzcyBhbmQgdGhlIHBvcnQgbnVtYmVyLg0KIyBJbiB0aGUgY2FzZSBvZiB1c2luZyBwcm94eS1hdXRoZW50aWNhdGlvbiwgcmVmZXIgdGhlIE9wZW5WUE4gbWFudWFsLg0KDQo7aHR0cC1wcm94eS1yZXRyeQ0KO2h0dHAtcHJveHkgW3Byb3h5IHNlcnZlcl0gW3Byb3h5IHBvcnRdDQoNCg0KIyMjIyMjIyMjIyMjIyMjIyMjIyMjIyMjIyMjIyMjIyMjIyMjIyMjIyMjIyMjIyMjIyMjIyMjIyMjIyMjIyMjIyMjIyMjIyMjIyMjIyMjIw0KIyBUaGUgZW5jcnlwdGlvbiBhbmQgYXV0aGVudGljYXRpb24gYWxnb3JpdGhtLg0KIyANCiMgRGVmYXVsdCBzZXR0aW5nIGlzIGdvb2QuIE1vZGlmeSBpdCBhcyB5b3UgcHJlZmVyLg0KIyBXaGVuIHlvdSBzcGVjaWZ5IGFuIHVuc3VwcG9ydGVkIGFsZ29yaXRobSwgdGhlIGVycm9yIHdpbGwgb2NjdXIuDQojIA0KIyBUaGUgc3VwcG9ydGVkIGFsZ29yaXRobXMgYXJlIGFzIGZvbGxvd3M6DQojICBjaXBoZXI6IFtOVUxMLUNJUEhFUl0gTlVMTCBBRVMtMTI4LUNCQyBBRVMtMTkyLUNCQyBBRVMtMjU2LUNCQyBCRi1DQkMNCiMgICAgICAgICAgQ0FTVC1DQkMgQ0FTVDUtQ0JDIERFUy1DQkMgREVTLUVERS1DQkMgREVTLUVERTMtQ0JDIERFU1gtQ0JDDQojICAgICAgICAgIFJDMi00MC1DQkMgUkMyLTY0LUNCQyBSQzItQ0JDDQojICBhdXRoOiAgIFNIQSBTSEExIE1ENSBNRDQgUk1EMTYwDQoNCmNpcGhlciBBRVMtMTI4LUNCQw0KYXV0aCBTSEExDQoNCg0KIyMjIyMjIyMjIyMjIyMjIyMjIyMjIyMjIyMjIyMjIyMjIyMjIyMjIyMjIyMjIyMjIyMjIyMjIyMjIyMjIyMjIyMjIyMjIyMjIyMjIyMjIw0KIyBPdGhlciBwYXJhbWV0ZXJzIG5lY2Vzc2FyeSB0byBjb25uZWN0IHRvIHRoZSBWUE4gU2VydmVyLg0KIyANCiMgSXQgaXMgbm90IHJlY29tbWVuZGVkIHRvIG1vZGlmeSBpdCB1bmxlc3MgeW91IGhhdmUgYSBwYXJ0aWN1bGFyIG5lZWQuDQoNCnJlc29sdi1yZXRyeSBpbmZpbml0ZQ0Kbm9iaW5kDQpwZXJzaXN0LWtleQ0KcGVyc2lzdC10dW4NCmNsaWVudA0KdmVyYiAzDQojYXV0aC11c2VyLXBhc3MNCg0KDQojIyMjIyMjIyMjIyMjIyMjIyMjIyMjIyMjIyMjIyMjIyMjIyMjIyMjIyMjIyMjIyMjIyMjIyMjIyMjIyMjIyMjIyMjIyMjIyMjIyMjIyMjDQojIFRoZSBjZXJ0aWZpY2F0ZSBmaWxlIG9mIHRoZSBkZXN0aW5hdGlvbiBWUE4gU2VydmVyLg0KIyANCiMgVGhlIENBIGNlcnRpZmljYXRlIGZpbGUgaXMgZW1iZWRkZWQgaW4gdGhlIGlubGluZSBmb3JtYXQuDQojIFlvdSBjYW4gcmVwbGFjZSB0aGlzIENBIGNvbnRlbnRzIGlmIG5lY2Vzc2FyeS4NCiMgUGxlYXNlIG5vdGUgdGhhdCBpZiB0aGUgc2VydmVyIGNlcnRpZmljYXRlIGlzIG5vdCBhIHNlbGYtc2lnbmVkLCB5b3UgaGF2ZSB0bw0KIyBzcGVjaWZ5IHRoZSBzaWduZXIncyByb290IGNlcnRpZmljYXRlIChDQSkgaGVyZS4NCg0KPGNhPg0KLS0tLS1CRUdJTiBDRVJUSUZJQ0FURS0tLS0tDQpNSUlGYXpDQ0ExT2dBd0lCQWdJUkFJSVF6N0RTUU9OWlJHUGd1Mk9DaXdBd0RRWUpLb1pJaHZjTkFRRUxCUUF3DQpUekVMTUFrR0ExVUVCaE1DVlZNeEtUQW5CZ05WQkFvVElFbHVkR1Z5Ym1WMElGTmxZM1Z5YVhSNUlGSmxjMlZoDQpjbU5vSUVkeWIzVndNUlV3RXdZRFZRUURFd3hKVTFKSElGSnZiM1FnV0RFd0hoY05NVFV3TmpBME1URXdORE00DQpXaGNOTXpVd05qQTBNVEV3TkRNNFdqQlBNUXN3Q1FZRFZRUUdFd0pWVXpFcE1DY0dBMVVFQ2hNZ1NXNTBaWEp1DQpaWFFnVTJWamRYSnBkSGtnVW1WelpXRnlZMmdnUjNKdmRYQXhGVEFUQmdOVkJBTVRERWxUVWtjZ1VtOXZkQ0JZDQpNVENDQWlJd0RRWUpLb1pJaHZjTkFRRUJCUUFEZ2dJUEFEQ0NBZ29DZ2dJQkFLM29KSFAwRkRmem01NHJWeWdjDQpoNzdjdDk4NGtJeHVQT1pYb0hqM2RjS2kvdlZxYnZZQVR5amIzbWlHYkVTVHRyRmovUlFTYTc4ZjB1b3hteUYrDQowVE04dWtqMTNYbmZzN2ovRXZFaG1rdkJpb1p4YVVwbVpteVBmanh3djYwcElnYno1TURtZ0s3aVM0KzNtWDZVDQpBNS9UUjVkOG1VZ2pVK2c0cms4S2I0TXUwVWxYaklCMHR0b3YwRGlOZXdOd0lSdDE4akE4K28rdTNkcGpxK3NXDQpUOEtPRVV0K3p3dm8vN1YzTHZTeWUwcmdUQklsREhDTkF5bWc0Vk1rN0JQWjdobS9FTE5LakQrSm8yRlIzcXlIDQpCNVQwWTNIc0x1SnZXNWlCNFlsY05IbHNkdTg3a0dKNTV0dWttaThteGRBUTRRN2UyUkNPRnZ1Mzk2ajN4K1VDDQpCNWlQTmdpVjUrSTNsZzAyZFo3N0RuS3hIWnU4QS9sSkJkaUIzUVcwS3RaQjZhd0JkcFVLRDlqZjFiMFNIelV2DQpLQmRzMHBqQnFBbGtkMjVITjdyT3JGbGVhSjEvY3RhSnhRWkJLVDVaUHQwbTlTVEpFYWRhbzB4QUgwYWhtYlduDQpPbEZ1aGp1ZWZYS25FZ1Y0V2UwK1VYZ1ZDd09QamRBdkJiSStlMG9jUzNNRkV2ekc2dUJRRTN4RGszU3p5blRuDQpqaDhCQ05BdzFGdHhOclFIdXNFd01GeEl0NEk3bUtaOVlJcWlveW1DekxxOWd3UWJvb01EUWFIV0JmRWJ3cmJ3DQpxSHlHTzBhb1NDcUkzSGFhZHI4ZmFxVTlHWS9yT1BOazNzZ3JEUW9vLy9mYjRoVkMxQ0xRSjEzaGVmNFk1M0NJDQpyVTdtMllzNnh0MG5VVzcvdkdUMU0wTlBBZ01CQUFHalFqQkFNQTRHQTFVZER3RUIvd1FFQXdJQkJqQVBCZ05WDQpIUk1CQWY4RUJUQURBUUgvTUIwR0ExVWREZ1FXQkJSNXRGbm1lN2JsNUFGemdBaUl5QnBZOXVtYmJqQU5CZ2txDQpoa2lHOXcwQkFRc0ZBQU9DQWdFQVZSOVlxYnl5cUZEUURMSFlHbWtnSnlrSXJHRjFYSXB1K0lMbGFTL1Y5bFpMDQp1Ymh6RUZuVElaZCs1MHh4KzdMU1lLMDVxQXZxRnlGV2hmRlFEbG5yenVCWjZickpGZStHblkrRWdQYms2WkdRDQozQmViWWh0RjhHYVYwbnh2d3VvNzd4L1B5OWF1Si9HcHNNaXUvWDErbXZvaUJPdi8yWC9xa1NzaXNSY09qL0tLDQpORnRZMlB3QnlWUzV1Q2JNaW9nemlVd3RoRHlDMys2V1Z3VzZMTHYzeExmSFRqdUN2akhJSW5Oemt0SENnS1E1DQpPUkF6STRKTVBKK0dzbFdZSGI0cGhvd2ltNTdpYXp0WE9vSndUZHdKeDRuTENnZE5iT2hkanNudnpxdkh1N1VyDQpUa1hXU3RBbXpPVnl5Z2hxcFpYakZhSDNwTzNKTEYrbCsvK3NLQUl1dnRkN3UrTnhlNUFXMHdkZVJsTjhOd2RDDQpqTlBFbHB6Vm1iVXE0SlVhZ0VpdVREa0h6c3hIcEZLVks3cTQrNjNTTTFOOTVSMU5iZFdoc2NkQ2IrWkFKelZjDQpveWkzQjQzbmpUT1E1eU9mKzFDY2VXeEcxYlFWczVadWZwc01sanE0VWkwLzFsdmgrd2pDaFA0a3FLT0oycXhxDQo0Umdxc2FoRFlWdlRIOXc3alhieUxlaU5kZDhYTTJ3OVUvdDd5MEZmLzl5aTBHRTQ0WmE0ckYyTE45ZDExVFBBDQptUkd1blVIQmNuV0V2Z0pCUWw5bkpFaVUwWnNudmdjL3ViaFBnWFJSNFhxMzdaMGo0cjdnMVNnRUV6d3hBNTdkDQplbXlQeGdjWXhuL2VSNDQvS0o0RUJzK2xWRFIzdmV5Sm0ra1hROTliMjEvK2poNVhvczFBblg1aUl0cmVHQ2M9DQotLS0tLUVORCBDRVJUSUZJQ0FURS0tLS0tDQoNCjwvY2E+DQoNCg0KIyMjIyMjIyMjIyMjIyMjIyMjIyMjIyMjIyMjIyMjIyMjIyMjIyMjIyMjIyMjIyMjIyMjIyMjIyMjIyMjIyMjIyMjIyMjIyMjIyMjIyMjIw0KIyBUaGUgY2xpZW50IGNlcnRpZmljYXRlIGZpbGUgKGR1bW15KS4NCiMgDQojIEluIHNvbWUgaW1wbGVtZW50YXRpb25zIG9mIE9wZW5WUE4gQ2xpZW50IHNvZnR3YXJlDQojIChmb3IgZXhhbXBsZTogT3BlblZQTiBDbGllbnQgZm9yIGlPUyksDQojIGEgcGFpciBvZiBjbGllbnQgY2VydGlmaWNhdGUgYW5kIHByaXZhdGUga2V5IG11c3QgYmUgaW5jbHVkZWQgb24gdGhlDQojIGNvbmZpZ3VyYXRpb24gZmlsZSBkdWUgdG8gdGhlIGxpbWl0YXRpb24gb2YgdGhlIGNsaWVudC4NCiMgU28gdGhpcyBzYW1wbGUgY29uZmlndXJhdGlvbiBmaWxlIGhhcyBhIGR1bW15IHBhaXIgb2YgY2xpZW50IGNlcnRpZmljYXRlDQojIGFuZCBwcml2YXRlIGtleSBhcyBmb2xsb3dzLg0KDQo8Y2VydD4NCi0tLS0tQkVHSU4gQ0VSVElGSUNBVEUtLS0tLQ0KTUlJQ3hqQ0NBYTRDQVFBd0RRWUpLb1pJaHZjTkFRRUZCUUF3S1RFYU1CZ0dBMVVFQXhNUlZsQk9SMkYwWlVOcw0KYVdWdWRFTmxjblF4Q3pBSkJnTlZCQVlUQWtwUU1CNFhEVEV6TURJeE1UQXpORGswT1ZvWERUTTNNREV4T1RBeg0KTVRRd04xb3dLVEVhTUJnR0ExVUVBeE1SVmxCT1IyRjBaVU5zYVdWdWRFTmxjblF4Q3pBSkJnTlZCQVlUQWtwUQ0KTUlJQklqQU5CZ2txaGtpRzl3MEJBUUVGQUFPQ0FROEFNSUlCQ2dLQ0FRRUE1aDJsZ1FRWVVqd29LWUpielZaQQ0KNVZjSUdkNW90UGMvcVpSTXQwS0l0Q0ZBMHM5UndSZU5WYTlmRFJGTFJCaGNJVE9sdjNGQmNXM0U4aDFVczdSRA0KNFc4R21KZTh6YXBKbkxzRDM5T1NNUkN6WkpuY3pXNE9DSDFQWlJaV0txRHRqbE5jYTlBRjhhNjVqVG1sRHhDUQ0KQ2pudExJV2s1T0xMVmtGdDkvdFNjYzFHRHRjaTU1b2ZoYU5BWU1QaUg3VjgrMWc2NnBHSFhBb1dLNkFRVkg2Nw0KWENLSm5HQjVubFErSHNNWVBWL080OUxkOTFaTi8ydEhrY2FMTHlOdHl3eFZQUlNzUmg0ODBqanUwZmNDc3Y2aA0KcC8weVhuVEIvL21XdXRCR3BkVWxJYndpSVRiQW1yc2JZbmppZ1J2blBxWDFSTkpVYmk5RnA2QzJjL0hJRkpHRA0KeXdJREFRQUJNQTBHQ1NxR1NJYjNEUUVCQlFVQUE0SUJBUUNoTzVoZ2N3LzRvV2ZvRUZMdTlrQmExQi8va3hIOA0KaFFrQ2hWTm44QlJDN1kwVVJRaXRQbDNES0VlZDlVUkJEZGcyS09Bejc3YmI2RU5QaWxpRCthMzhVSkhJUk1xZQ0KVUJIaGxsT0hJenZEaEhGYmFvdkFMQlFjZWVCemRrUXhzS1FFU0ttUW1SODMyOTUwVUNvdm95UkI2MVV5QVY3aA0KK21aaFlQR1JLWEtTSkk2czBFZ2cvQ3JpK0N3azRiakpmcmI1aFZzZTExeWg0RDlNSGh3U2ZDT0grMHo0aFBVVA0KRmt1N2RHYXZVUk81U1Z4TW4vc0w2RW41RCtvU2VYa2FkSHBEcytBaXJ5bTJZSGgxNWgwK2pQU09vUjZ5aVZwLw0KNnpaZVprck40M2t1UzczS3BLREZqZkZQaDh0NHIxZ09JanR0a05jUXFCY2N1c25wbFE3SEpwc2sNCi0tLS0tRU5EIENFUlRJRklDQVRFLS0tLS0NCg0KPC9jZXJ0Pg0KDQo8a2V5Pg0KLS0tLS1CRUdJTiBSU0EgUFJJVkFURSBLRVktLS0tLQ0KTUlJRXBBSUJBQUtDQVFFQTVoMmxnUVFZVWp3b0tZSmJ6VlpBNVZjSUdkNW90UGMvcVpSTXQwS0l0Q0ZBMHM5Ug0Kd1JlTlZhOWZEUkZMUkJoY0lUT2x2M0ZCY1czRThoMVVzN1JENFc4R21KZTh6YXBKbkxzRDM5T1NNUkN6WkpuYw0Kelc0T0NIMVBaUlpXS3FEdGpsTmNhOUFGOGE2NWpUbWxEeENRQ2pudExJV2s1T0xMVmtGdDkvdFNjYzFHRHRjaQ0KNTVvZmhhTkFZTVBpSDdWOCsxZzY2cEdIWEFvV0s2QVFWSDY3WENLSm5HQjVubFErSHNNWVBWL080OUxkOTFaTg0KLzJ0SGtjYUxMeU50eXd4VlBSU3NSaDQ4MGpqdTBmY0NzdjZocC8weVhuVEIvL21XdXRCR3BkVWxJYndpSVRiQQ0KbXJzYlluamlnUnZuUHFYMVJOSlViaTlGcDZDMmMvSElGSkdEeXdJREFRQUJBb0lCQUVSVjdYNUF2eEE4dVJpSw0KazhTSXBzRDBkWDFwSk9NSXdha1VWeXZjNEVmTjBEaEtSTmI0cllvU2lFR1RMeXpMcHlCYy9BMjhEbGttNWVPWQ0KZmp6WGZZa0d0WWkvRnR4a2czTzl2Y3JNUTQrNmkrdUdIYUlMMnJMK3M0TXJmTzh2MXh2NitXa3kzM0VFR0NvdQ0KUWl3VkdSRlFYblJvUTYyTkJDRmJVTkxobVh3ZGoxYWtaekxVNHA1UjR6QTNRaGR4d0VJYXRWTHQwKzdvd0xRMw0KbFA4c2ZYaHBwUE9YalRxTUQ0UWtZd3pQQWE4L3pGN2FjbjRrcnlyVVA3UTZQQWZkMHpFVnFOeTlaQ1o5ZmZobw0KelhlZEZqNDg2SUZvYzVnblRwMk42anNuVmo0TENHSWhsVkhsWUdvektLRnFKY1FWR3NIQ3FxMW96MnpqVzZMUw0Kb1JZSUhnRUNnWUVBOHpacmtDd05ZU1hKdU9ESjNtL2hPTFZ4Y3hnSnV3WG9pRXJXZDBFNDJ2UGFuampWTWhudA0KS1k1bDhxR01KNkZoSzlMWXgycUNyZi9FMFh0VUFaMndWcTNPUlR5R25zTVdyZTl0TFlzNTVYK1pOMTBUYzc1eg0KNGhhY2JVMGhxS04xSGlEbXNNUlkzLzJOYVpIb3k3TUtud0pKQmFHNDhsOUNDVGxWd01Ib2NJRUNnWUVBOGpieQ0KZEdqeFRIKzZYSFdOaXpiNVNSYlp4QW55RWVKZVJ3VE1oMGdHendHUHBIL3NaWUd6eXUwU3lTWFdDblpoM1JncQ0KNXVMbE54dHJYcmxqWmx5aTJuUWRRZ3NxMllyV1VzMCt6Z1UrMjJ1UXNacFNBZnRtaFZydHZldDZNalZqYkJ5WQ0KREFEY2lFVlVkSllJWGsrcW5GVUp5ZXJvTElrVGo3V1lLWjZSamtzQ2dZQm9DRkl3UkRlZzQyb0s4OVJGbW5Pcg0KTHltTkFxNCsyb01oc1dsVmI0ZWpXSVdlQWs5bmMrR1hVZnJYc3pSaFMwMW1VblU1cjV5Z1V2UmNhclYvVDNVNw0KVG5NWitJN1k0RGdXUklEZDUxem5oeElCdFlWNWovQy90ODVIanFPa0grOGI2UlRrYmNoYVgzbWF1N2ZwVWZkcw0KRnEwbmhJcTQyZmhFTzhzcmZZWXdnUUtCZ1FDeWhpMU4vOHRhUndwayszL0lERXpRd2piZmR6VWtXV1NEazlYcw0KSC9wa3VSSFdmVE1QM2ZsV3FFWWdXL0xXNDBwZVcySERxNWltZFY4K0FnWnhlL1hNYmFqaTlMZ3dmMVJZMDA1bg0KS3hhWlF6N3lxSHVwV2xMR0Y2OERQSHhrWlZWU2FnRG5WL3N6dFdYNlNGc0NxRlZueElYaWZYR0M0Y1c1Tm05Zw0KdmE4cTRRS0JnUUNFaExWZVVmZHdLdmtaOTRnL0dGejczMVoyaHJkVmhnTVphVS91NnQwVjk1K1llelBOQ1FaQg0Kd21FOU1tbGJxMWVtRGVST2l2akNmb0doUjNrWlhXMXBUS2xMaDZaTVVRVU9wcHRkWHZhOFh4Zm9xUXdhM2VuQQ0KTTdtdUJiRjBYTjdWTzgwaUpQditQbUlaZEVJQWtwd0tmaTIwMVlCK0JhZkNJdUd4SUY1MFZnPT0NCi0tLS0tRU5EIFJTQSBQUklWQVRFIEtFWS0tLS0tDQoNCjwva2V5Pg0KDQo=
vpn877981912,113.153.66.199,670677,5,535836019,Japan,JP,22,34472507,810579,71394985903962,2weeks,DESKTOP-3CBDMLJ's owner,,IyMjIyMjIyMjIyMjIyMjIyMjIyMjIyMjIyMjIyMjIyMjIyMjIyMjIyMjIyMjIyMjIyMjIyMjIyMjIyMjIyMjIyMjIyMjIyMjIyMjIyMjIw0KIyBPcGVuVlBOIDIuMCBTYW1wbGUgQ29uZmlndXJhdGlvbiBGaWxlDQojIGZvciBQYWNrZXRpWCBWUE4gLyBTb2Z0RXRoZXIgVlBOIFNlcnZlcg0KIyANCiMgISEhIEFVVE8tR0VORVJBVEVEIEJZIFNPRlRFVEhFUiBWUE4gU0VSVkVSIE1BTkFHRU1FTlQgVE9PTCAhISENCiMgDQojICEhISBZT1UgSEFWRSBUTyBSRVZJRVcgSVQgQkVGT1JFIFVTRSBBTkQgTU9ESUZZIElUIEFTIE5FQ0VTU0FSWSAhISENCiMgDQojIFRoaXMgY29uZmlndXJhdGlvbiBmaWxlIGlzIGF1dG8tZ2VuZXJhdGVkLiBZb3UgbWlnaHQgdXNlIHRoaXMgY29uZmlnIGZpbGUNCiMgaW4gb3JkZXIgdG8gY29ubmVjdCB0byB0aGUgUGFja2V0aVggVlBOIC8gU29mdEV0aGVyIFZQTiBTZXJ2ZXIuDQojIEhvd2V2ZXIsIGJlZm9yZSB5b3UgdHJ5IGl0LCB5b3Ugc2hvdWxkIHJldmlldyB0aGUgZGVzY3JpcHRpb25zIG9mIHRoZSBmaWxlDQojIHRvIGRldGVybWluZSB0aGUgbmVjZXNzaXR5IHRvIG1vZGlmeSB0byBzdWl0YWJsZSBmb3IgeW91ciByZWFsIGVudmlyb25tZW50Lg0KIyBJZiBuZWNlc3NhcnksIHlvdSBoYXZlIHRvIG1vZGlmeSBhIGxpdHRsZSBhZGVxdWF0ZWx5IG9uIHRoZSBmaWxlLg0KIyBGb3IgZXhhbXBsZSwgdGhlIElQIGFkZHJlc3Mgb3IgdGhlIGhvc3RuYW1lIGFzIGEgZGVzdGluYXRpb24gVlBOIFNlcnZlcg0KIyBzaG91bGQgYmUgY29uZmlybWVkLg0KIyANCiMgTm90ZSB0aGF0IHRvIHVzZSBPcGVuVlBOIDIuMCwgeW91IGhhdmUgdG8gcHV0IHRoZSBjZXJ0aWZpY2F0aW9uIGZpbGUgb2YNCiMgdGhlIGRlc3RpbmF0aW9uIFZQTiBTZXJ2ZXIgb24gdGhlIE9wZW5WUE4gQ2xpZW50IGNvbXB1dGVyIHdoZW4geW91IHVzZSB0aGlzDQojIGNvbmZpZyBmaWxlLiBQbGVhc2UgcmVmZXIgdGhlIGJlbG93IGRlc2NyaXB0aW9ucyBjYXJlZnVsbHkuDQoNCg0KIyMjIyMjIyMjIyMjIyMjIyMjIyMjIyMjIyMjIyMjIyMjIyMjIyMjIyMjIyMjIyMjIyMjIyMjIyMjIyMjIyMjIyMjIyMjIyMjIyMjIyMjIw0KIyBTcGVjaWZ5IHRoZSB0eXBlIG9mIHRoZSBsYXllciBvZiB0aGUgVlBOIGNvbm5lY3Rpb24uDQojIA0KIyBUbyBjb25uZWN0IHRvIHRoZSBWUE4gU2VydmVyIGFzIGEgIlJlbW90ZS1BY2Nlc3MgVlBOIENsaWVudCBQQyIsDQojICBzcGVjaWZ5ICdkZXYgdHVuJy4gKExheWVyLTMgSVAgUm91dGluZyBNb2RlKQ0KIw0KIyBUbyBjb25uZWN0IHRvIHRoZSBWUE4gU2VydmVyIGFzIGEgYnJpZGdpbmcgZXF1aXBtZW50IG9mICJTaXRlLXRvLVNpdGUgVlBOIiwNCiMgIHNwZWNpZnkgJ2RldiB0YXAnLiAoTGF5ZXItMiBFdGhlcm5ldCBCcmlkZ2luZSBNb2RlKQ0KDQpkZXYgdHVuDQoNCg0KIyMjIyMjIyMjIyMjIyMjIyMjIyMjIyMjIyMjIyMjIyMjIyMjIyMjIyMjIyMjIyMjIyMjIyMjIyMjIyMjIyMjIyMjIyMjIyMjIyMjIyMjIw0KIyBTcGVjaWZ5IHRoZSB1bmRlcmx5aW5nIHByb3RvY29sIGJleW9uZCB0aGUgSW50ZXJuZXQuDQojIE5vdGUgdGhhdCB0aGlzIHNldHRpbmcgbXVzdCBiZSBjb3JyZXNwb25kIHdpdGggdGhlIGxpc3RlbmluZyBzZXR0aW5nIG9uDQojIHRoZSBWUE4gU2VydmVyLg0KIyANCiMgU3BlY2lmeSBlaXRoZXIgJ3Byb3RvIHRjcCcgb3IgJ3Byb3RvIHVkcCcuDQoNCnByb3RvIHRjcA0KDQoNCiMjIyMjIyMjIyMjIyMjIyMjIyMjIyMjIyMjIyMjIyMjIyMjIyMjIyMjIyMjIyMjIyMjIyMjIyMjIyMjIyMjIyMjIyMjIyMjIyMjIyMjIyMNCiMgVGhlIGRlc3RpbmF0aW9uIGhvc3RuYW1lIC8gSVAgYWRkcmVzcywgYW5kIHBvcnQgbnVtYmVyIG9mDQojIHRoZSB0YXJnZXQgVlBOIFNlcnZlci4NCiMgDQojIFlvdSBoYXZlIHRvIHNwZWNpZnkgYXMgJ3JlbW90ZSA8SE9TVE5BTUU+IDxQT1JUPicuIFlvdSBjYW4gYWxzbw0KIyBzcGVjaWZ5IHRoZSBJUCBhZGRyZXNzIGluc3RlYWQgb2YgdGhlIGhvc3RuYW1lLg0KIyANCiMgTm90ZSB0aGF0IHRoZSBhdXRvLWdlbmVyYXRlZCBiZWxvdyBob3N0bmFtZSBhcmUgYSAiYXV0by1kZXRlY3RlZA0KIyBJUCBhZGRyZXNzIiBvZiB0aGUgVlBOIFNlcnZlci4gWW91IGhhdmUgdG8gY29uZmlybSB0aGUgY29ycmVjdG5lc3MNCiMgYmVmb3JlaGFuZC4NCiMgDQojIFdoZW4geW91IHdhbnQgdG8gY29ubmVjdCB0byB0aGUgVlBOIFNlcnZlciBieSB1c2luZyBUQ1AgcHJvdG9jb2wsDQojIHRoZSBwb3J0IG51bWJlciBvZiB0aGUgZGVzdGluYXRpb24gVENQIHBvcnQgc2hvdWxkIGJlIHNhbWUgYXMgb25lIG9mDQojIHRoZSBhdmFpbGFibGUgVENQIGxpc3RlbmVycyBvbiB0aGUgVlBOIFNlcnZlci4NCiMgDQojIFdoZW4geW91IHVzZSBVRFAgcHJvdG9jb2wsIHRoZSBwb3J0IG51bWJlciBtdXN0IHNhbWUgYXMgdGhlIGNvbmZpZ3VyYXRpb24NCiMgc2V0dGluZyBvZiAiT3BlblZQTiBTZXJ2ZXIgQ29tcGF0aWJsZSBGdW5jdGlvbiIgb24gdGhlIFZQTiBTZXJ2ZXIuDQoNCnJlbW90ZSAxMTMuMTUzLjY2LjE5OSAxMjY3DQoNCg0KIyMjIyMjIyMjIyMjIyMjIyMjIyMjIyMjIyMjIyMjIyMjIyMjIyMjIyMjIyMjIyMjIyMjIyMjIyMjIyMjIyMjIyMjIyMjIyMjIyMjIyMjIw0KIyBUaGUgSFRUUC9IVFRQUyBwcm94eSBzZXR0aW5nLg0KIyANCiMgT25seSBpZiB5b3UgaGF2ZSB0byB1c2UgdGhlIEludGVybmV0IHZpYSBhIHByb3h5LCB1bmNvbW1lbnQgdGhlIGJlbG93DQojIHR3byBsaW5lcyBhbmQgc3BlY2lmeSB0aGUgcHJveHkgYWRkcmVzcyBhbmQgdGhlIHBvcnQgbnVtYmVyLg0KIyBJbiB0aGUgY2FzZSBvZiB1c2luZyBwcm94eS1hdXRoZW50aWNhdGlvbiwgcmVmZXIgdGhlIE9wZW5WUE4gbWFudWFsLg0KDQo7aHR0cC1wcm94eS1yZXRyeQ0KO2h0dHAtcHJveHkgW3Byb3h5IHNlcnZlcl0gW3Byb3h5IHBvcnRdDQoNCg0KIyMjIyMjIyMjIyMjIyMjIyMjIyMjIyMjIyMjIyMjIyMjIyMjIyMjIyMjIyMjIyMjIyMjIyMjIyMjIyMjIyMjIyMjIyMjIyMjIyMjIyMjIw0KIyBUaGUgZW5jcnlwdGlvbiBhbmQgYXV0aGVudGljYXRpb24gYWxnb3JpdGhtLg0KIyANCiMgRGVmYXVsdCBzZXR0aW5nIGlzIGdvb2QuIE1vZGlmeSBpdCBhcyB5b3UgcHJlZmVyLg0KIyBXaGVuIHlvdSBzcGVjaWZ5IGFuIHVuc3VwcG9ydGVkIGFsZ29yaXRobSwgdGhlIGVycm9yIHdpbGwgb2NjdXIuDQojIA0KIyBUaGUgc3VwcG9ydGVkIGFsZ29yaXRobXMgYXJlIGFzIGZvbGxvd3M6DQojICBjaXBoZXI6IFtOVUxMLUNJUEhFUl0gTlVMTCBBRVMtMTI4LUNCQyBBRVMtMTkyLUNCQyBBRVMtMjU2LUNCQyBCRi1DQkMNCiMgICAgICAgICAgQ0FTVC1DQkMgQ0FTVDUtQ0JDIERFUy1DQkMgREVTLUVERS1DQkMgREVTLUVERTMtQ0JDIERFU1gtQ0JDDQojICAgICAgICAgIFJDMi00MC1DQkMgUkMyLTY0LUNCQyBSQzItQ0JDDQojICBhdXRoOiAgIFNIQSBTSEExIE1ENSBNRDQgUk1EMTYwDQoNCmNpcGhlciBBRVMtMTI4LUNCQw0KYXV0aCBTSEExDQoNCg0KIyMjIyMjIyMjIyMjIyMjIyMjIyMjIyMjIyMjIyMjIyMjIyMjIyMjIyMjIyMjIyMjIyMjIyMjIyMjIyMjIyMjIyMjIyMjIyMjIyMjIyMjIw0KIyBPdGhlciBwYXJhbWV0ZXJzIG5lY2Vzc2FyeSB0byBjb25uZWN0IHRvIHRoZSBWUE4gU2VydmVyLg0KIyANCiMgSXQgaXMgbm90IHJlY29tbWVuZGVkIHRvIG1vZGlmeSBpdCB1bmxlc3MgeW91IGhhdmUgYSBwYXJ0aWN1bGFyIG5lZWQuDQoNCnJlc29sdi1yZXRyeSBpbmZpbml0ZQ0Kbm9iaW5kDQpwZXJzaXN0LWtleQ0KcGVyc2lzdC10dW4NCmNsaWVudA0KdmVyYiAzDQojYXV0aC11c2VyLXBhc3MNCg0KDQojIyMjIyMjIyMjIyMjIyMjIyMjIyMjIyMjIyMjIyMjIyMjIyMjIyMjIyMjIyMjIyMjIyMjIyMjIyMjIyMjIyMjIyMjIyMjIyMjIyMjIyMjDQojIFRoZSBjZXJ0aWZpY2F0ZSBmaWxlIG9mIHRoZSBkZXN0aW5hdGlvbiBWUE4gU2VydmVyLg0KIyANCiMgVGhlIENBIGNlcnRpZmljYXRlIGZpbGUgaXMgZW1iZWRkZWQgaW4gdGhlIGlubGluZSBmb3JtYXQuDQojIFlvdSBjYW4gcmVwbGFjZSB0aGlzIENBIGNvbnRlbnRzIGlmIG5lY2Vzc2FyeS4NCiMgUGxlYXNlIG5vdGUgdGhhdCBpZiB0aGUgc2VydmVyIGNlcnRpZmljYXRlIGlzIG5vdCBhIHNlbGYtc2lnbmVkLCB5b3UgaGF2ZSB0bw0KIyBzcGVjaWZ5IHRoZSBzaWduZXIncyByb290IGNlcnRpZmljYXRlIChDQSkgaGVyZS4NCg0KPGNhPg0KLS0tLS1CRUdJTiBDRVJUSUZJQ0FURS0tLS0tDQpNSUlGYXpDQ0ExT2dBd0lCQWdJUkFJSVF6N0RTUU9OWlJHUGd1Mk9DaXdBd0RRWUpLb1pJaHZjTkFRRUxCUUF3DQpUekVMTUFrR0ExVUVCaE1DVlZNeEtUQW5CZ05WQkFvVElFbHVkR1Z5Ym1WMElGTmxZM1Z5YVhSNUlGSmxjMlZoDQpjbU5vSUVkeWIzVndNUlV3RXdZRFZRUURFd3hKVTFKSElGSnZiM1FnV0RFd0hoY05NVFV3TmpBME1URXdORE00DQpXaGNOTXpVd05qQTBNVEV3TkRNNFdqQlBNUXN3Q1FZRFZRUUdFd0pWVXpFcE1DY0dBMVVFQ2hNZ1NXNTBaWEp1DQpaWFFnVTJWamRYSnBkSGtnVW1WelpXRnlZMmdnUjNKdmRYQXhGVEFUQmdOVkJBTVRERWxUVWtjZ1VtOXZkQ0JZDQpNVENDQWlJd0RRWUpLb1pJaHZjTkFRRUJCUUFEZ2dJUEFEQ0NBZ29DZ2dJQkFLM29KSFAwRkRmem01NHJWeWdjDQpoNzdjdDk4NGtJeHVQT1pYb0hqM2RjS2kvdlZxYnZZQVR5amIzbWlHYkVTVHRyRmovUlFTYTc4ZjB1b3hteUYrDQowVE04dWtqMTNYbmZzN2ovRXZFaG1rdkJpb1p4YVVwbVpteVBmanh3djYwcElnYno1TURtZ0s3aVM0KzNtWDZVDQpBNS9UUjVkOG1VZ2pVK2c0cms4S2I0TXUwVWxYaklCMHR0b3YwRGlOZXdOd0lSdDE4akE4K28rdTNkcGpxK3NXDQpUOEtPRVV0K3p3dm8vN1YzTHZTeWUwcmdUQklsREhDTkF5bWc0Vk1rN0JQWjdobS9FTE5LakQrSm8yRlIzcXlIDQpCNVQwWTNIc0x1SnZXNWlCNFlsY05IbHNkdTg3a0dKNTV0dWttaThteGRBUTRRN2UyUkNPRnZ1Mzk2ajN4K1VDDQpCNWlQTmdpVjUrSTNsZzAyZFo3N0RuS3hIWnU4QS9sSkJkaUIzUVcwS3RaQjZhd0JkcFVLRDlqZjFiMFNIelV2DQpLQmRzMHBqQnFBbGtkMjVITjdyT3JGbGVhSjEvY3RhSnhRWkJLVDVaUHQwbTlTVEpFYWRhbzB4QUgwYWhtYlduDQpPbEZ1aGp1ZWZYS25FZ1Y0V2UwK1VYZ1ZDd09QamRBdkJiSStlMG9jUzNNRkV2ekc2dUJRRTN4RGszU3p5blRuDQpqaDhCQ05BdzFGdHhOclFIdXNFd01GeEl0NEk3bUtaOVlJcWlveW1DekxxOWd3UWJvb01EUWFIV0JmRWJ3cmJ3DQpxSHlHTzBhb1NDcUkzSGFhZHI4ZmFxVTlHWS9yT1BOazNzZ3JEUW9vLy9mYjRoVkMxQ0xRSjEzaGVmNFk1M0NJDQpyVTdtMllzNnh0MG5VVzcvdkdUMU0wTlBBZ01CQUFHalFqQkFNQTRHQTFVZER3RUIvd1FFQXdJQkJqQVBCZ05WDQpIUk1CQWY4RUJUQURBUUgvTUIwR0ExVWREZ1FXQkJSNXRGbm1lN2JsNUFGemdBaUl5QnBZOXVtYmJqQU5CZ2txDQpoa2lHOXcwQkFRc0ZBQU9DQWdFQVZSOVlxYnl5cUZEUURMSFlHbWtnSnlrSXJHRjFYSXB1K0lMbGFTL1Y5bFpMDQp1Ymh6RUZuVElaZCs1MHh4KzdMU1lLMDVxQXZxRnlGV2hmRlFEbG5yenVCWjZickpGZStHblkrRWdQYms2WkdRDQozQmViWWh0RjhHYVYwbnh2d3VvNzd4L1B5OWF1Si9HcHNNaXUvWDErbXZvaUJPdi8yWC9xa1NzaXNSY09qL0tLDQpORnRZMlB3QnlWUzV1Q2JNaW9nemlVd3RoRHlDMys2V1Z3VzZMTHYzeExmSFRqdUN2akhJSW5Oemt0SENnS1E1DQpPUkF6STRKTVBKK0dzbFdZSGI0cGhvd2ltNTdpYXp0WE9vSndUZHdKeDRuTENnZE5iT2hkanNudnpxdkh1N1VyDQpUa1hXU3RBbXpPVnl5Z2hxcFpYakZhSDNwTzNKTEYrbCsvK3NLQUl1dnRkN3UrTnhlNUFXMHdkZVJsTjhOd2RDDQpqTlBFbHB6Vm1iVXE0SlVhZ0VpdVREa0h6c3hIcEZLVks3cTQrNjNTTTFOOTVSMU5iZFdoc2NkQ2IrWkFKelZjDQpveWkzQjQzbmpUT1E1eU9mKzFDY2VXeEcxYlFWczVadWZwc01sanE0VWkwLzFsdmgrd2pDaFA0a3FLT0oycXhxDQo0Umdxc2FoRFlWdlRIOXc3alhieUxlaU5kZDhYTTJ3OVUvdDd5MEZmLzl5aTBHRTQ0WmE0ckYyTE45ZDExVFBBDQptUkd1blVIQmNuV0V2Z0pCUWw5bkpFaVUwWnNudmdjL3ViaFBnWFJSNFhxMzdaMGo0cjdnMVNnRUV6d3hBNTdkDQplbXlQeGdjWXhuL2VSNDQvS0o0RUJzK2xWRFIzdmV5Sm0ra1hROTliMjEvK2poNVhvczFBblg1aUl0cmVHQ2M9DQotLS0tLUVORCBDRVJUSUZJQ0FURS0tLS0tDQoNCjwvY2E+DQoNCg0KIyMjIyMjIyMjIyMjIyMjIyMjIyMjIyMjIyMjIyMjIyMjIyMjIyMjIyMjIyMjIyMjIyMjIyMjIyMjIyMjIyMjIyMjIyMjIyMjIyMjIyMjIw0KIyBUaGUgY2xpZW50IGNlcnRpZmljYXRlIGZpbGUgKGR1bW15KS4NCiMgDQojIEluIHNvbWUgaW1wbGVtZW50YXRpb25zIG9mIE9wZW5WUE4gQ2xpZW50IHNvZnR3YXJlDQojIChmb3IgZXhhbXBsZTogT3BlblZQTiBDbGllbnQgZm9yIGlPUyksDQojIGEgcGFpciBvZiBjbGllbnQgY2VydGlmaWNhdGUgYW5kIHByaXZhdGUga2V5IG11c3QgYmUgaW5jbHVkZWQgb24gdGhlDQojIGNvbmZpZ3VyYXRpb24gZmlsZSBkdWUgdG8gdGhlIGxpbWl0YXRpb24gb2YgdGhlIGNsaWVudC4NCiMgU28gdGhpcyBzYW1wbGUgY29uZmlndXJhdGlvbiBmaWxlIGhhcyBhIGR1bW15IHBhaXIgb2YgY2xpZW50IGNlcnRpZmljYXRlDQojIGFuZCBwcml2YXRlIGtleSBhcyBmb2xsb3dzLg0KDQo8Y2VydD4NCi0tLS0tQkVHSU4gQ0VSVElGSUNBVEUtLS0tLQ0KTUlJQ3hqQ0NBYTRDQVFBd0RRWUpLb1pJaHZjTkFRRUZCUUF3S1RFYU1CZ0dBMVVFQXhNUlZsQk9SMkYwWlVOcw0KYVdWdWRFTmxjblF4Q3pBSkJnTlZCQVlUQWtwUU1CNFhEVEV6TURJeE1UQXpORGswT1ZvWERUTTNNREV4T1RBeg0KTVRRd04xb3dLVEVhTUJnR0ExVUVBeE1SVmxCT1IyRjBaVU5zYVdWdWRFTmxjblF4Q3pBSkJnTlZCQVlUQWtwUQ0KTUlJQklqQU5CZ2txaGtpRzl3MEJBUUVGQUFPQ0FROEFNSUlCQ2dLQ0FRRUE1aDJsZ1FRWVVqd29LWUpielZaQQ0KNVZjSUdkNW90UGMvcVpSTXQwS0l0Q0ZBMHM5UndSZU5WYTlmRFJGTFJCaGNJVE9sdjNGQmNXM0U4aDFVczdSRA0KNFc4R21KZTh6YXBKbkxzRDM5T1NNUkN6WkpuY3pXNE9DSDFQWlJaV0txRHRqbE5jYTlBRjhhNjVqVG1sRHhDUQ0KQ2pudExJV2s1T0xMVmtGdDkvdFNjYzFHRHRjaTU1b2ZoYU5BWU1QaUg3VjgrMWc2NnBHSFhBb1dLNkFRVkg2Nw0KWENLSm5HQjVubFErSHNNWVBWL080OUxkOTFaTi8ydEhrY2FMTHlOdHl3eFZQUlNzUmg0ODBqanUwZmNDc3Y2aA0KcC8weVhuVEIvL21XdXRCR3BkVWxJYndpSVRiQW1yc2JZbmppZ1J2blBxWDFSTkpVYmk5RnA2QzJjL0hJRkpHRA0KeXdJREFRQUJNQTBHQ1NxR1NJYjNEUUVCQlFVQUE0SUJBUUNoTzVoZ2N3LzRvV2ZvRUZMdTlrQmExQi8va3hIOA0KaFFrQ2hWTm44QlJDN1kwVVJRaXRQbDNES0VlZDlVUkJEZGcyS09Bejc3YmI2RU5QaWxpRCthMzhVSkhJUk1xZQ0KVUJIaGxsT0hJenZEaEhGYmFvdkFMQlFjZWVCemRrUXhzS1FFU0ttUW1SODMyOTUwVUNvdm95UkI2MVV5QVY3aA0KK21aaFlQR1JLWEtTSkk2czBFZ2cvQ3JpK0N3azRiakpmcmI1aFZzZTExeWg0RDlNSGh3U2ZDT0grMHo0aFBVVA0KRmt1N2RHYXZVUk81U1Z4TW4vc0w2RW41RCtvU2VYa2FkSHBEcytBaXJ5bTJZSGgxNWgwK2pQU09vUjZ5aVZwLw0KNnpaZVprck40M2t1UzczS3BLREZqZkZQaDh0NHIxZ09JanR0a05jUXFCY2N1c25wbFE3SEpwc2sNCi0tLS0tRU5EIENFUlRJRklDQVRFLS0tLS0NCg0KPC9jZXJ0Pg0KDQo8a2V5Pg0KLS0tLS1CRUdJTiBSU0EgUFJJVkFURSBLRVktLS0tLQ0KTUlJRXBBSUJBQUtDQVFFQTVoMmxnUVFZVWp3b0tZSmJ6VlpBNVZjSUdkNW90UGMvcVpSTXQwS0l0Q0ZBMHM5Ug0Kd1JlTlZhOWZEUkZMUkJoY0lUT2x2M0ZCY1czRThoMVVzN1JENFc4R21KZTh6YXBKbkxzRDM5T1NNUkN6WkpuYw0Kelc0T0NIMVBaUlpXS3FEdGpsTmNhOUFGOGE2NWpUbWxEeENRQ2pudExJV2s1T0xMVmtGdDkvdFNjYzFHRHRjaQ0KNTVvZmhhTkFZTVBpSDdWOCsxZzY2cEdIWEFvV0s2QVFWSDY3WENLSm5HQjVubFErSHNNWVBWL080OUxkOTFaTg0KLzJ0SGtjYUxMeU50eXd4VlBSU3NSaDQ4MGpqdTBmY0NzdjZocC8weVhuVEIvL21XdXRCR3BkVWxJYndpSVRiQQ0KbXJzYlluamlnUnZuUHFYMVJOSlViaTlGcDZDMmMvSElGSkdEeXdJREFRQUJBb0lCQUVSVjdYNUF2eEE4dVJpSw0KazhTSXBzRDBkWDFwSk9NSXdha1VWeXZjNEVmTjBEaEtSTmI0cllvU2lFR1RMeXpMcHlCYy9BMjhEbGttNWVPWQ0KZmp6WGZZa0d0WWkvRnR4a2czTzl2Y3JNUTQrNmkrdUdIYUlMMnJMK3M0TXJmTzh2MXh2NitXa3kzM0VFR0NvdQ0KUWl3VkdSRlFYblJvUTYyTkJDRmJVTkxobVh3ZGoxYWtaekxVNHA1UjR6QTNRaGR4d0VJYXRWTHQwKzdvd0xRMw0KbFA4c2ZYaHBwUE9YalRxTUQ0UWtZd3pQQWE4L3pGN2FjbjRrcnlyVVA3UTZQQWZkMHpFVnFOeTlaQ1o5ZmZobw0KelhlZEZqNDg2SUZvYzVnblRwMk42anNuVmo0TENHSWhsVkhsWUdvektLRnFKY1FWR3NIQ3FxMW96MnpqVzZMUw0Kb1JZSUhnRUNnWUVBOHpacmtDd05ZU1hKdU9ESjNtL2hPTFZ4Y3hnSnV3WG9pRXJXZDBFNDJ2UGFuampWTWhudA0KS1k1bDhxR01KNkZoSzlMWXgycUNyZi9FMFh0VUFaMndWcTNPUlR5R25zTVdyZTl0TFlzNTVYK1pOMTBUYzc1eg0KNGhhY2JVMGhxS04xSGlEbXNNUlkzLzJOYVpIb3k3TUtud0pKQmFHNDhsOUNDVGxWd01Ib2NJRUNnWUVBOGpieQ0KZEdqeFRIKzZYSFdOaXpiNVNSYlp4QW55RWVKZVJ3VE1oMGdHendHUHBIL3NaWUd6eXUwU3lTWFdDblpoM1JncQ0KNXVMbE54dHJYcmxqWmx5aTJuUWRRZ3NxMllyV1VzMCt6Z1UrMjJ1UXNacFNBZnRtaFZydHZldDZNalZqYkJ5WQ0KREFEY2lFVlVkSllJWGsrcW5GVUp5ZXJvTElrVGo3V1lLWjZSamtzQ2dZQm9DRkl3UkRlZzQyb0s4OVJGbW5Pcg0KTHltTkFxNCsyb01oc1dsVmI0ZWpXSVdlQWs5bmMrR1hVZnJYc3pSaFMwMW1VblU1cjV5Z1V2UmNhclYvVDNVNw0KVG5NWitJN1k0RGdXUklEZDUxem5oeElCdFlWNWovQy90ODVIanFPa0grOGI2UlRrYmNoYVgzbWF1N2ZwVWZkcw0KRnEwbmhJcTQyZmhFTzhzcmZZWXdnUUtCZ1FDeWhpMU4vOHRhUndwayszL0lERXpRd2piZmR6VWtXV1NEazlYcw0KSC9wa3VSSFdmVE1QM2ZsV3FFWWdXL0xXNDBwZVcySERxNWltZFY4K0FnWnhlL1hNYmFqaTlMZ3dmMVJZMDA1bg0KS3hhWlF6N3lxSHVwV2xMR0Y2OERQSHhrWlZWU2FnRG5WL3N6dFdYNlNGc0NxRlZueElYaWZYR0M0Y1c1Tm05Zw0KdmE4cTRRS0JnUUNFaExWZVVmZHdLdmtaOTRnL0dGejczMVoyaHJkVmhnTVphVS91NnQwVjk1K1llelBOQ1FaQg0Kd21FOU1tbGJxMWVtRGVST2l2akNmb0doUjNrWlhXMXBUS2xMaDZaTVVRVU9wcHRkWHZhOFh4Zm9xUXdhM2VuQQ0KTTdtdUJiRjBYTjdWTzgwaUpQditQbUlaZEVJQWtwd0tmaTIwMVlCK0JhZkNJdUd4SUY1MFZnPT0NCi0tLS0tRU5EIFJTQSBQUklWQVRFIEtFWS0tLS0tDQoNCjwva2V5Pg0KDQo=
vpn131311905,150.246.214.70,669395,3,310170424,Japan,JP,16,34472507,33953,4858748049363,2weeks,DESKTOP-VM9BUPF's owner,,IyMjIyMjIyMjIyMjIyMjIyMjIyMjIyMjIyMjIyMjIyMjIyMjIyMjIyMjIyMjIyMjIyMjIyMjIyMjIyMjIyMjIyMjIyMjIyMjIyMjIyMjIw0KIyBPcGVuVlBOIDIuMCBTYW1wbGUgQ29uZmlndXJhdGlvbiBGaWxlDQojIGZvciBQYWNrZXRpWCBWUE4gLyBTb2Z0RXRoZXIgVlBOIFNlcnZlcg0KIyANCiMgISEhIEFVVE8tR0VORVJBVEVEIEJZIFNPRlRFVEhFUiBWUE4gU0VSVkVSIE1BTkFHRU1FTlQgVE9PTCAhISENCiMgDQojICEhISBZT1UgSEFWRSBUTyBSRVZJRVcgSVQgQkVGT1JFIFVTRSBBTkQgTU9ESUZZIElUIEFTIE5FQ0VTU0FSWSAhISENCiMgDQojIFRoaXMgY29uZmlndXJhdGlvbiBmaWxlIGlzIGF1dG8tZ2VuZXJhdGVkLiBZb3UgbWlnaHQgdXNlIHRoaXMgY29uZmlnIGZpbGUNCiMgaW4gb3JkZXIgdG8gY29ubmVjdCB0byB0aGUgUGFja2V0aVggVlBOIC8gU29mdEV0aGVyIFZQTiBTZXJ2ZXIuDQojIEhvd2V2ZXIsIGJlZm9yZSB5b3UgdHJ5IGl0LCB5b3Ugc2hvdWxkIHJldmlldyB0aGUgZGVzY3JpcHRpb25zIG9mIHRoZSBmaWxlDQojIHRvIGRldGVybWluZSB0aGUgbmVjZXNzaXR5IHRvIG1vZGlmeSB0byBzdWl0YWJsZSBmb3IgeW91ciByZWFsIGVudmlyb25tZW50Lg0KIyBJZiBuZWNlc3NhcnksIHlvdSBoYXZlIHRvIG1vZGlmeSBhIGxpdHRsZSBhZGVxdWF0ZWx5IG9uIHRoZSBmaWxlLg0KIyBGb3IgZXhhbXBsZSwgdGhlIElQIGFkZHJlc3Mgb3IgdGhlIGhvc3RuYW1lIGFzIGEgZGVzdGluYXRpb24gVlBOIFNlcnZlcg0KIyBzaG91bGQgYmUgY29uZmlybWVkLg0KIyANCiMgTm90ZSB0aGF0IHRvIHVzZSBPcGVuVlBOIDIuMCwgeW91IGhhdmUgdG8gcHV0IHRoZSBjZXJ0aWZpY2F0aW9uIGZpbGUgb2YNCiMgdGhlIGRlc3RpbmF0aW9uIFZQTiBTZXJ2ZXIgb24gdGhlIE9wZW5WUE4gQ2xpZW50IGNvbXB1dGVyIHdoZW4geW91IHVzZSB0aGlzDQojIGNvbmZpZyBmaWxlLiBQbGVhc2UgcmVmZXIgdGhlIGJlbG93IGRlc2NyaXB0aW9ucyBjYXJlZnVsbHkuDQoNCg0KIyMjIyMjIyMjIyMjIyMjIyMjIyMjIyMjIyMjIyMjIyMjIyMjIyMjIyMjIyMjIyMjIyMjIyMjIyMjIyMjIyMjIyMjIyMjIyMjIyMjIyMjIw0KIyBTcGVjaWZ5IHRoZSB0eXBlIG9mIHRoZSBsYXllciBvZiB0aGUgVlBOIGNvbm5lY3Rpb24uDQojIA0KIyBUbyBjb25uZWN0IHRvIHRoZSBWUE4gU2VydmVyIGFzIGEgIlJlbW90ZS1BY2Nlc3MgVlBOIENsaWVudCBQQyIsDQojICBzcGVjaWZ5ICdkZXYgdHVuJy4gKExheWVyLTMgSVAgUm91dGluZyBNb2RlKQ0KIw0KIyBUbyBjb25uZWN0IHRvIHRoZSBWUE4gU2VydmVyIGFzIGEgYnJpZGdpbmcgZXF1aXBtZW50IG9mICJTaXRlLXRvLVNpdGUgVlBOIiwNCiMgIHNwZWNpZnkgJ2RldiB0YXAnLiAoTGF5ZXItMiBFdGhlcm5ldCBCcmlkZ2luZSBNb2RlKQ0KDQpkZXYgdHVuDQoNCg0KIyMjIyMjIyMjIyMjIyMjIyMjIyMjIyMjIyMjIyMjIyMjIyMjIyMjIyMjIyMjIyMjIyMjIyMjIyMjIyMjIyMjIyMjIyMjIyMjIyMjIyMjIw0KIyBTcGVjaWZ5IHRoZSB1bmRlcmx5aW5nIHByb3RvY29sIGJleW9uZCB0aGUgSW50ZXJuZXQuDQojIE5vdGUgdGhhdCB0aGlzIHNldHRpbmcgbXVzdCBiZSBjb3JyZXNwb25kIHdpdGggdGhlIGxpc3RlbmluZyBzZXR0aW5nIG9uDQojIHRoZSBWUE4gU2VydmVyLg0KIyANCiMgU3BlY2lmeSBlaXRoZXIgJ3Byb3RvIHRjcCcgb3IgJ3Byb3RvIHVkcCcuDQoNCnByb3RvIHRjcA0KDQoNCiMjIyMjIyMjIyMjIyMjIyMjIyMjIyMjIyMjIyMjIyMjIyMjIyMjIyMjIyMjIyMjIyMjIyMjIyMjIyMjIyMjIyMjIyMjIyMjIyMjIyMjIyMNCiMgVGhlIGRlc3RpbmF0aW9uIGhvc3RuYW1lIC8gSVAgYWRkcmVzcywgYW5kIHBvcnQgbnVtYmVyIG9mDQojIHRoZSB0YXJnZXQgVlBOIFNlcnZlci4NCiMgDQojIFlvdSBoYXZlIHRvIHNwZWNpZnkgYXMgJ3JlbW90ZSA8SE9TVE5BTUU+IDxQT1JUPicuIFlvdSBjYW4gYWxzbw0KIyBzcGVjaWZ5IHRoZSBJUCBhZGRyZXNzIGluc3RlYWQgb2YgdGhlIGhvc3RuYW1lLg0KIyANCiMgTm90ZSB0aGF0IHRoZSBhdXRvLWdlbmVyYXRlZCBiZWxvdyBob3N0bmFtZSBhcmUgYSAiYXV0by1kZXRlY3RlZA0KIyBJUCBhZGRyZXNzIiBvZiB0aGUgVlBOIFNlcnZlci4gWW91IGhhdmUgdG8gY29uZmlybSB0aGUgY29ycmVjdG5lc3MNCiMgYmVmb3JlaGFuZC4NCiMgDQojIFdoZW4geW91IHdhbnQgdG8gY29ubmVjdCB0byB0aGUgVlBOIFNlcnZlciBieSB1c2luZyBUQ1AgcHJvdG9jb2wsDQojIHRoZSBwb3J0IG51bWJlciBvZiB0aGUgZGVzdGluYXRpb24gVENQIHBvcnQgc2hvdWxkIGJlIHNhbWUgYXMgb25lIG9mDQojIHRoZSBhdmFpbGFibGUgVENQIGxpc3RlbmVycyBvbiB0aGUgVlBOIFNlcnZlci4NCiMgDQojIFdoZW4geW91IHVzZSBVRFAgcHJvdG9jb2wsIHRoZSBwb3J0IG51bWJlciBtdXN0IHNhbWUgYXMgdGhlIGNvbmZpZ3VyYXRpb24NCiMgc2V0dGluZyBvZiAiT3BlblZQTiBTZXJ2ZXIgQ29tcGF0aWJsZSBGdW5jdGlvbiIgb24gdGhlIFZQTiBTZXJ2ZXIuDQoNCnJlbW90ZSAxNTAuMjQ2LjIxNC43MCAxMjczDQoNCg0KIyMjIyMjIyMjIyMjIyMjIyMjIyMjIyMjIyMjIyMjIyMjIyMjIyMjIyMjIyMjIyMjIyMjIyMjIyMjIyMjIyMjIyMjIyMjIyMjIyMjIyMjIw0KIyBUaGUgSFRUUC9IVFRQUyBwcm94eSBzZXR0aW5nLg0KIyANCiMgT25seSBpZiB5b3UgaGF2ZSB0byB1c2UgdGhlIEludGVybmV0IHZpYSBhIHByb3h5LCB1bmNvbW1lbnQgdGhlIGJlbG93DQojIHR3byBsaW5lcyBhbmQgc3BlY2lmeSB0aGUgcHJveHkgYWRkcmVzcyBhbmQgdGhlIHBvcnQgbnVtYmVyLg0KIyBJbiB0aGUgY2FzZSBvZiB1c2luZyBwcm94eS1hdXRoZW50aWNhdGlvbiwgcmVmZXIgdGhlIE9wZW5WUE4gbWFudWFsLg0KDQo7aHR0cC1wcm94eS1yZXRyeQ0KO2h0dHAtcHJveHkgW3Byb3h5IHNlcnZlcl0gW3Byb3h5IHBvcnRdDQoNCg0KIyMjIyMjIyMjIyMjIyMjIyMjIyMjIyMjIyMjIyMjIyMjIyMjIyMjIyMjIyMjIyMjIyMjIyMjIyMjIyMjIyMjIyMjIyMjIyMjIyMjIyMjIw0KIyBUaGUgZW5jcnlwdGlvbiBhbmQgYXV0aGVudGljYXRpb24gYWxnb3JpdGhtLg0KIyANCiMgRGVmYXVsdCBzZXR0aW5nIGlzIGdvb2QuIE1vZGlmeSBpdCBhcyB5b3UgcHJlZmVyLg0KIyBXaGVuIHlvdSBzcGVjaWZ5IGFuIHVuc3VwcG9ydGVkIGFsZ29yaXRobSwgdGhlIGVycm9yIHdpbGwgb2NjdXIuDQojIA0KIyBUaGUgc3VwcG9ydGVkIGFsZ29yaXRobXMgYXJlIGFzIGZvbGxvd3M6DQojICBjaXBoZXI6IFtOVUxMLUNJUEhFUl0gTlVMTCBBRVMtMTI4LUNCQyBBRVMtMTkyLUNCQyBBRVMtMjU2LUNCQyBCRi1DQkMNCiMgICAgICAgICAgQ0FTVC1DQkMgQ0FTVDUtQ0JDIERFUy1DQkMgREVTLUVERS1DQkMgREVTLUVERTMtQ0JDIERFU1gtQ0JDDQojICAgICAgICAgIFJDMi00MC1DQkMgUkMyLTY0LUNCQyBSQzItQ0JDDQojICBhdXRoOiAgIFNIQSBTSEExIE1ENSBNRDQgUk1EMTYwDQoNCmNpcGhlciBBRVMtMTI4LUNCQw0KYXV0aCBTSEExDQoNCg0KIyMjIyMjIyMjIyMjIyMjIyMjIyMjIyMjIyMjIyMjIyMjIyMjIyMjIyMjIyMjIyMjIyMjIyMjIyMjIyMjIyMjIyMjIyMjIyMjIyMjIyMjIw0KIyBPdGhlciBwYXJhbWV0ZXJzIG5lY2Vzc2FyeSB0byBjb25uZWN0IHRvIHRoZSBWUE4gU2VydmVyLg0KIyANCiMgSXQgaXMgbm90IHJlY29tbWVuZGVkIHRvIG1vZGlmeSBpdCB1bmxlc3MgeW91IGhhdmUgYSBwYXJ0aWN1bGFyIG5lZWQuDQoNCnJlc29sdi1yZXRyeSBpbmZpbml0ZQ0Kbm9iaW5kDQpwZXJzaXN0LWtleQ0KcGVyc2lzdC10dW4NCmNsaWVudA0KdmVyYiAzDQojYXV0aC11c2VyLXBhc3MNCg0KDQojIyMjIyMjIyMjIyMjIyMjIyMjIyMjIyMjIyMjIyMjIyMjIyMjIyMjIyMjIyMjIyMjIyMjIyMjIyMjIyMjIyMjIyMjIyMjIyMjIyMjIyMjDQojIFRoZSBjZXJ0aWZpY2F0ZSBmaWxlIG9mIHRoZSBkZXN0aW5hdGlvbiBWUE4gU2VydmVyLg0KIyANCiMgVGhlIENBIGNlcnRpZmljYXRlIGZpbGUgaXMgZW1iZWRkZWQgaW4gdGhlIGlubGluZSBmb3JtYXQuDQojIFlvdSBjYW4gcmVwbGFjZSB0aGlzIENBIGNvbnRlbnRzIGlmIG5lY2Vzc2FyeS4NCiMgUGxlYXNlIG5vdGUgdGhhdCBpZiB0aGUgc2VydmVyIGNlcnRpZmljYXRlIGlzIG5vdCBhIHNlbGYtc2lnbmVkLCB5b3UgaGF2ZSB0bw0KIyBzcGVjaWZ5IHRoZSBzaWduZXIncyByb290IGNlcnRpZmljYXRlIChDQSkgaGVyZS4NCg0KPGNhPg0KLS0tLS1CRUdJTiBDRVJUSUZJQ0FURS0tLS0tDQpNSUlGYXpDQ0ExT2dBd0lCQWdJUkFJSVF6N0RTUU9OWlJHUGd1Mk9DaXdBd0RRWUpLb1pJaHZjTkFRRUxCUUF3DQpUekVMTUFrR0ExVUVCaE1DVlZNeEtUQW5CZ05WQkFvVElFbHVkR1Z5Ym1WMElGTmxZM1Z5YVhSNUlGSmxjMlZoDQpjbU5vSUVkeWIzVndNUlV3RXdZRFZRUURFd3hKVTFKSElGSnZiM1FnV0RFd0hoY05NVFV3TmpBME1URXdORE00DQpXaGNOTXpVd05qQTBNVEV3TkRNNFdqQlBNUXN3Q1FZRFZRUUdFd0pWVXpFcE1DY0dBMVVFQ2hNZ1NXNTBaWEp1DQpaWFFnVTJWamRYSnBkSGtnVW1WelpXRnlZMmdnUjNKdmRYQXhGVEFUQmdOVkJBTVRERWxUVWtjZ1VtOXZkQ0JZDQpNVENDQWlJd0RRWUpLb1pJaHZjTkFRRUJCUUFEZ2dJUEFEQ0NBZ29DZ2dJQkFLM29KSFAwRkRmem01NHJWeWdjDQpoNzdjdDk4NGtJeHVQT1pYb0hqM2RjS2kvdlZxYnZZQVR5amIzbWlHYkVTVHRyRmovUlFTYTc4ZjB1b3hteUYrDQowVE04dWtqMTNYbmZzN2ovRXZFaG1rdkJpb1p4YVVwbVpteVBmanh3djYwcElnYno1TURtZ0s3aVM0KzNtWDZVDQpBNS9UUjVkOG1VZ2pVK2c0cms4S2I0TXUwVWxYaklCMHR0b3YwRGlOZXdOd0lSdDE4akE4K28rdTNkcGpxK3NXDQpUOEtPRVV0K3p3dm8vN1YzTHZTeWUwcmdUQklsREhDTkF5bWc0Vk1rN0JQWjdobS9FTE5LakQrSm8yRlIzcXlIDQpCNVQwWTNIc0x1SnZXNWlCNFlsY05IbHNkdTg3a0dKNTV0dWttaThteGRBUTRRN2UyUkNPRnZ1Mzk2ajN4K1VDDQpCNWlQTmdpVjUrSTNsZzAyZFo3N0RuS3hIWnU4QS9sSkJkaUIzUVcwS3RaQjZhd0JkcFVLRDlqZjFiMFNIelV2DQpLQmRzMHBqQnFBbGtkMjVITjdyT3JGbGVhSjEvY3RhSnhRWkJLVDVaUHQwbTlTVEpFYWRhbzB4QUgwYWhtYlduDQpPbEZ1aGp1ZWZYS25FZ1Y0V2UwK1VYZ1ZDd09QamRBdkJiSStlMG9jUzNNRkV2ekc2dUJRRTN4RGszU3p5blRuDQpqaDhCQ05BdzFGdHhOclFIdXNFd01GeEl0NEk3bUtaOVlJcWlveW1DekxxOWd3UWJvb01EUWFIV0JmRWJ3cmJ3DQpxSHlHTzBhb1NDcUkzSGFhZHI4ZmFxVTlHWS9yT1BOazNzZ3JEUW9vLy9mYjRoVkMxQ0xRSjEzaGVmNFk1M0NJDQpyVTdtMllzNnh0MG5VVzcvdkdUMU0wTlBBZ01CQUFHalFqQkFNQTRHQTFVZER3RUIvd1FFQXdJQkJqQVBCZ05WDQpIUk1CQWY4RUJUQURBUUgvTUIwR0ExVWREZ1FXQkJSNXRGbm1lN2JsNUFGemdBaUl5QnBZOXVtYmJqQU5CZ2txDQpoa2lHOXcwQkFRc0ZBQU9DQWdFQVZSOVlxYnl5cUZEUURMSFlHbWtnSnlrSXJHRjFYSXB1K0lMbGFTL1Y5bFpMDQp1Ymh6RUZuVElaZCs1MHh4KzdMU1lLMDVxQXZxRnlGV2hmRlFEbG5yenVCWjZickpGZStHblkrRWdQYms2WkdRDQozQmViWWh0RjhHYVYwbnh2d3VvNzd4L1B5OWF1Si9HcHNNaXUvWDErbXZvaUJPdi8yWC9xa1NzaXNSY09qL0tLDQpORnRZMlB3QnlWUzV1Q2JNaW9nemlVd3RoRHlDMys2V1Z3VzZMTHYzeExmSFRqdUN2akhJSW5Oemt0SENnS1E1DQpPUkF6STRKTVBKK0dzbFdZSGI0cGhvd2ltNTdpYXp0WE9vSndUZHdKeDRuTENnZE5iT2hkanNudnpxdkh1N1VyDQpUa1hXU3RBbXpPVnl5Z2hxcFpYakZhSDNwTzNKTEYrbCsvK3NLQUl1dnRkN3UrTnhlNUFXMHdkZVJsTjhOd2RDDQpqTlBFbHB6Vm1iVXE0SlVhZ0VpdVREa0h6c3hIcEZLVks3cTQrNjNTTTFOOTVSMU5iZFdoc2NkQ2IrWkFKelZjDQpveWkzQjQzbmpUT1E1eU9mKzFDY2VXeEcxYlFWczVadWZwc01sanE0VWkwLzFsdmgrd2pDaFA0a3FLT0oycXhxDQo0Umdxc2FoRFlWdlRIOXc3alhieUxlaU5kZDhYTTJ3OVUvdDd5MEZmLzl5aTBHRTQ0WmE0ckYyTE45ZDExVFBBDQptUkd1blVIQmNuV0V2Z0pCUWw5bkpFaVUwWnNudmdjL3ViaFBnWFJSNFhxMzdaMGo0cjdnMVNnRUV6d3hBNTdkDQplbXlQeGdjWXhuL2VSNDQvS0o0RUJzK2xWRFIzdmV5Sm0ra1hROTliMjEvK2poNVhvczFBblg1aUl0cmVHQ2M9DQotLS0tLUVORCBDRVJUSUZJQ0FURS0tLS0tDQoNCjwvY2E+DQoNCg0KIyMjIyMjIyMjIyMjIyMjIyMjIyMjIyMjIyMjIyMjIyMjIyMjIyMjIyMjIyMjIyMjIyMjIyMjIyMjIyMjIyMjIyMjIyMjIyMjIyMjIyMjIw0KIyBUaGUgY2xpZW50IGNlcnRpZmljYXRlIGZpbGUgKGR1bW15KS4NCiMgDQojIEluIHNvbWUgaW1wbGVtZW50YXRpb25zIG9mIE9wZW5WUE4gQ2xpZW50IHNvZnR3YXJlDQojIChmb3IgZXhhbXBsZTogT3BlblZQTiBDbGllbnQgZm9yIGlPUyksDQojIGEgcGFpciBvZiBjbGllbnQgY2VydGlmaWNhdGUgYW5kIHByaXZhdGUga2V5IG11c3QgYmUgaW5jbHVkZWQgb24gdGhlDQojIGNvbmZpZ3VyYXRpb24gZmlsZSBkdWUgdG8gdGhlIGxpbWl0YXRpb24gb2YgdGhlIGNsaWVudC4NCiMgU28gdGhpcyBzYW1wbGUgY29uZmlndXJhdGlvbiBmaWxlIGhhcyBhIGR1bW15IHBhaXIgb2YgY2xpZW50IGNlcnRpZmljYXRlDQojIGFuZCBwcml2YXRlIGtleSBhcyBmb2xsb3dzLg0KDQo8Y2VydD4NCi0tLS0tQkVHSU4gQ0VSVElGSUNBVEUtLS0tLQ0KTUlJQ3hqQ0NBYTRDQVFBd0RRWUpLb1pJaHZjTkFRRUZCUUF3S1RFYU1CZ0dBMVVFQXhNUlZsQk9SMkYwWlVOcw0KYVdWdWRFTmxjblF4Q3pBSkJnTlZCQVlUQWtwUU1CNFhEVEV6TURJeE1UQXpORGswT1ZvWERUTTNNREV4T1RBeg0KTVRRd04xb3dLVEVhTUJnR0ExVUVBeE1SVmxCT1IyRjBaVU5zYVdWdWRFTmxjblF4Q3pBSkJnTlZCQVlUQWtwUQ0KTUlJQklqQU5CZ2txaGtpRzl3MEJBUUVGQUFPQ0FROEFNSUlCQ2dLQ0FRRUE1aDJsZ1FRWVVqd29LWUpielZaQQ0KNVZjSUdkNW90UGMvcVpSTXQwS0l0Q0ZBMHM5UndSZU5WYTlmRFJGTFJCaGNJVE9sdjNGQmNXM0U4aDFVczdSRA0KNFc4R21KZTh6YXBKbkxzRDM5T1NNUkN6WkpuY3pXNE9DSDFQWlJaV0txRHRqbE5jYTlBRjhhNjVqVG1sRHhDUQ0KQ2pudExJV2s1T0xMVmtGdDkvdFNjYzFHRHRjaTU1b2ZoYU5BWU1QaUg3VjgrMWc2NnBHSFhBb1dLNkFRVkg2Nw0KWENLSm5HQjVubFErSHNNWVBWL080OUxkOTFaTi8ydEhrY2FMTHlOdHl3eFZQUlNzUmg0ODBqanUwZmNDc3Y2aA0KcC8weVhuVEIvL21XdXRCR3BkVWxJYndpSVRiQW1yc2JZbmppZ1J2blBxWDFSTkpVYmk5RnA2QzJjL0hJRkpHRA0KeXdJREFRQUJNQTBHQ1NxR1NJYjNEUUVCQlFVQUE0SUJBUUNoTzVoZ2N3LzRvV2ZvRUZMdTlrQmExQi8va3hIOA0KaFFrQ2hWTm44QlJDN1kwVVJRaXRQbDNES0VlZDlVUkJEZGcyS09Bejc3YmI2RU5QaWxpRCthMzhVSkhJUk1xZQ0KVUJIaGxsT0hJenZEaEhGYmFvdkFMQlFjZWVCemRrUXhzS1FFU0ttUW1SODMyOTUwVUNvdm95UkI2MVV5QVY3aA0KK21aaFlQR1JLWEtTSkk2czBFZ2cvQ3JpK0N3azRiakpmcmI1aFZzZTExeWg0RDlNSGh3U2ZDT0grMHo0aFBVVA0KRmt1N2RHYXZVUk81U1Z4TW4vc0w2RW41RCtvU2VYa2FkSHBEcytBaXJ5bTJZSGgxNWgwK2pQU09vUjZ5aVZwLw0KNnpaZVprck40M2t1UzczS3BLREZqZkZQaDh0NHIxZ09JanR0a05jUXFCY2N1c25wbFE3SEpwc2sNCi0tLS0tRU5EIENFUlRJRklDQVRFLS0tLS0NCg0KPC9jZXJ0Pg0KDQo8a2V5Pg0KLS0tLS1CRUdJTiBSU0EgUFJJVkFURSBLRVktLS0tLQ0KTUlJRXBBSUJBQUtDQVFFQTVoMmxnUVFZVWp3b0tZSmJ6VlpBNVZjSUdkNW90UGMvcVpSTXQwS0l0Q0ZBMHM5Ug0Kd1JlTlZhOWZEUkZMUkJoY0lUT2x2M0ZCY1czRThoMVVzN1JENFc4R21KZTh6YXBKbkxzRDM5T1NNUkN6WkpuYw0Kelc0T0NIMVBaUlpXS3FEdGpsTmNhOUFGOGE2NWpUbWxEeENRQ2pudExJV2s1T0xMVmtGdDkvdFNjYzFHRHRjaQ0KNTVvZmhhTkFZTVBpSDdWOCsxZzY2cEdIWEFvV0s2QVFWSDY3WENLSm5HQjVubFErSHNNWVBWL080OUxkOTFaTg0KLzJ0SGtjYUxMeU50eXd4VlBSU3NSaDQ4MGpqdTBmY0NzdjZocC8weVhuVEIvL21XdXRCR3BkVWxJYndpSVRiQQ0KbXJzYlluamlnUnZuUHFYMVJOSlViaTlGcDZDMmMvSElGSkdEeXdJREFRQUJBb0lCQUVSVjdYNUF2eEE4dVJpSw0KazhTSXBzRDBkWDFwSk9NSXdha1VWeXZjNEVmTjBEaEtSTmI0cllvU2lFR1RMeXpMcHlCYy9BMjhEbGttNWVPWQ0KZmp6WGZZa0d0WWkvRnR4a2czTzl2Y3JNUTQrNmkrdUdIYUlMMnJMK3M0TXJmTzh2MXh2NitXa3kzM0VFR0NvdQ0KUWl3VkdSRlFYblJvUTYyTkJDRmJVTkxobVh3ZGoxYWtaekxVNHA1UjR6QTNRaGR4d0VJYXRWTHQwKzdvd0xRMw0KbFA4c2ZYaHBwUE9YalRxTUQ0UWtZd3pQQWE4L3pGN2FjbjRrcnlyVVA3UTZQQWZkMHpFVnFOeTlaQ1o5ZmZobw0KelhlZEZqNDg2SUZvYzVnblRwMk42anNuVmo0TENHSWhsVkhsWUdvektLRnFKY1FWR3NIQ3FxMW96MnpqVzZMUw0Kb1JZSUhnRUNnWUVBOHpacmtDd05ZU1hKdU9ESjNtL2hPTFZ4Y3hnSnV3WG9pRXJXZDBFNDJ2UGFuampWTWhudA0KS1k1bDhxR01KNkZoSzlMWXgycUNyZi9FMFh0VUFaMndWcTNPUlR5R25zTVdyZTl0TFlzNTVYK1pOMTBUYzc1eg0KNGhhY2JVMGhxS04xSGlEbXNNUlkzLzJOYVpIb3k3TUtud0pKQmFHNDhsOUNDVGxWd01Ib2NJRUNnWUVBOGpieQ0KZEdqeFRIKzZYSFdOaXpiNVNSYlp4QW55RWVKZVJ3VE1oMGdHendHUHBIL3NaWUd6eXUwU3lTWFdDblpoM1JncQ0KNXVMbE54dHJYcmxqWmx5aTJuUWRRZ3NxMllyV1VzMCt6Z1UrMjJ1UXNacFNBZnRtaFZydHZldDZNalZqYkJ5WQ0KREFEY2lFVlVkSllJWGsrcW5GVUp5ZXJvTElrVGo3V1lLWjZSamtzQ2dZQm9DRkl3UkRlZzQyb0s4OVJGbW5Pcg0KTHltTkFxNCsyb01oc1dsVmI0ZWpXSVdlQWs5bmMrR1hVZnJYc3pSaFMwMW1VblU1cjV5Z1V2UmNhclYvVDNVNw0KVG5NWitJN1k0RGdXUklEZDUxem5oeElCdFlWNWovQy90ODVIanFPa0grOGI2UlRrYmNoYVgzbWF1N2ZwVWZkcw0KRnEwbmhJcTQyZmhFTzhzcmZZWXdnUUtCZ1FDeWhpMU4vOHRhUndwayszL0lERXpRd2piZmR6VWtXV1NEazlYcw0KSC9wa3VSSFdmVE1QM2ZsV3FFWWdXL0xXNDBwZVcySERxNWltZFY4K0FnWnhlL1hNYmFqaTlMZ3dmMVJZMDA1bg0KS3hhWlF6N3lxSHVwV2xMR0Y2OERQSHhrWlZWU2FnRG5WL3N6dFdYNlNGc0NxRlZueElYaWZYR0M0Y1c1Tm05Zw0KdmE4cTRRS0JnUUNFaExWZVVmZHdLdmtaOTRnL0dGejczMVoyaHJkVmhnTVphVS91NnQwVjk1K1llelBOQ1FaQg0Kd21FOU1tbGJxMWVtRGVST2l2akNmb0doUjNrWlhXMXBUS2xMaDZaTVVRVU9wcHRkWHZhOFh4Zm9xUXdhM2VuQQ0KTTdtdUJiRjBYTjdWTzgwaUpQditQbUlaZEVJQWtwd0tmaTIwMVlCK0JhZkNJdUd4SUY1MFZnPT0NCi0tLS0tRU5EIFJTQSBQUklWQVRFIEtFWS0tLS0tDQoNCjwva2V5Pg0KDQo=
vpn705816574,14.132.248.68,668025,4,944853514,Japan,JP,45,34472507,104168,46082139393119,2weeks,DESKTOP-9HU3RAI's owner,,IyMjIyMjIyMjIyMjIyMjIyMjIyMjIyMjIyMjIyMjIyMjIyMjIyMjIyMjIyMjIyMjIyMjIyMjIyMjIyMjIyMjIyMjIyMjIyMjIyMjIyMjIw0KIyBPcGVuVlBOIDIuMCBTYW1wbGUgQ29uZmlndXJhdGlvbiBGaWxlDQojIGZvciBQYWNrZXRpWCBWUE4gLyBTb2Z0RXRoZXIgVlBOIFNlcnZlcg0KIyANCiMgISEhIEFVVE8tR0VORVJBVEVEIEJZIFNPRlRFVEhFUiBWUE4gU0VSVkVSIE1BTkFHRU1FTlQgVE9PTCAhISENCiMgDQojICEhISBZT1UgSEFWRSBUTyBSRVZJRVcgSVQgQkVGT1JFIFVTRSBBTkQgTU9ESUZZIElUIEFTIE5FQ0VTU0FSWSAhISENCiMgDQojIFRoaXMgY29uZmlndXJhdGlvbiBmaWxlIGlzIGF1dG8tZ2VuZXJhdGVkLiBZb3UgbWlnaHQgdXNlIHRoaXMgY29uZmlnIGZpbGUNCiMgaW4gb3JkZXIgdG8gY29ubmVjdCB0byB0aGUgUGFja2V0aVggVlBOIC8gU29mdEV0aGVyIFZQTiBTZXJ2ZXIuDQojIEhvd2V2ZXIsIGJlZm9yZSB5b3UgdHJ5IGl0LCB5b3Ugc2hvdWxkIHJldmlldyB0aGUgZGVzY3JpcHRpb25zIG9mIHRoZSBmaWxlDQojIHRvIGRldGVybWluZSB0aGUgbmVjZXNzaXR5IHRvIG1vZGlmeSB0byBzdWl0YWJsZSBmb3IgeW91ciByZWFsIGVudmlyb25tZW50Lg0KIyBJZiBuZWNlc3NhcnksIHlvdSBoYXZlIHRvIG1vZGlmeSBhIGxpdHRsZSBhZGVxdWF0ZWx5IG9uIHRoZSBmaWxlLg0KIyBGb3IgZXhhbXBsZSwgdGhlIElQIGFkZHJlc3Mgb3IgdGhlIGhvc3RuYW1lIGFzIGEgZGVzdGluYXRpb24gVlBOIFNlcnZlcg0KIyBzaG91bGQgYmUgY29uZmlybWVkLg0KIyANCiMgTm90ZSB0aGF0IHRvIHVzZSBPcGVuVlBOIDIuMCwgeW91IGhhdmUgdG8gcHV0IHRoZSBjZXJ0aWZpY2F0aW9uIGZpbGUgb2YNCiMgdGhlIGRlc3RpbmF0aW9uIFZQTiBTZXJ2ZXIgb24gdGhlIE9wZW5WUE4gQ2xpZW50IGNvbXB1dGVyIHdoZW4geW91IHVzZSB0aGlzDQojIGNvbmZpZyBmaWxlLiBQbGVhc2UgcmVmZXIgdGhlIGJlbG93IGRlc2NyaXB0aW9ucyBjYXJlZnVsbHkuDQoNCg0KIyMjIyMjIyMjIyMjIyMjIyMjIyMjIyMjIyMjIyMjIyMjIyMjIyMjIyMjIyMjIyMjIyMjIyMjIyMjIyMjIyMjIyMjIyMjIyMjIyMjIyMjIw0KIyBTcGVjaWZ5IHRoZSB0eXBlIG9mIHRoZSBsYXllciBvZiB0aGUgVlBOIGNvbm5lY3Rpb24uDQojIA0KIyBUbyBjb25uZWN0IHRvIHRoZSBWUE4gU2VydmVyIGFzIGEgIlJlbW90ZS1BY2Nlc3MgVlBOIENsaWVudCBQQyIsDQojICBzcGVjaWZ5ICdkZXYgdHVuJy4gKExheWVyLTMgSVAgUm91dGluZyBNb2RlKQ0KIw0KIyBUbyBjb25uZWN0IHRvIHRoZSBWUE4gU2VydmVyIGFzIGEgYnJpZGdpbmcgZXF1aXBtZW50IG9mICJTaXRlLXRvLVNpdGUgVlBOIiwNCiMgIHNwZWNpZnkgJ2RldiB0YXAnLiAoTGF5ZXItMiBFdGhlcm5ldCBCcmlkZ2luZSBNb2RlKQ0KDQpkZXYgdHVuDQoNCg0KIyMjIyMjIyMjIyMjIyMjIyMjIyMjIyMjIyMjIyMjIyMjIyMjIyMjIyMjIyMjIyMjIyMjIyMjIyMjIyMjIyMjIyMjIyMjIyMjIyMjIyMjIw0KIyBTcGVjaWZ5IHRoZSB1bmRlcmx5aW5nIHByb3RvY29sIGJleW9uZCB0aGUgSW50ZXJuZXQuDQojIE5vdGUgdGhhdCB0aGlzIHNldHRpbmcgbXVzdCBiZSBjb3JyZXNwb25kIHdpdGggdGhlIGxpc3RlbmluZyBzZXR0aW5nIG9uDQojIHRoZSBWUE4gU2VydmVyLg0KIyANCiMgU3BlY2lmeSBlaXRoZXIgJ3Byb3RvIHRjcCcgb3IgJ3Byb3RvIHVkcCcuDQoNCnByb3RvIHRjcA0KDQoNCiMjIyMjIyMjIyMjIyMjIyMjIyMjIyMjIyMjIyMjIyMjIyMjIyMjIyMjIyMjIyMjIyMjIyMjIyMjIyMjIyMjIyMjIyMjIyMjIyMjIyMjIyMNCiMgVGhlIGRlc3RpbmF0aW9uIGhvc3RuYW1lIC8gSVAgYWRkcmVzcywgYW5kIHBvcnQgbnVtYmVyIG9mDQojIHRoZSB0YXJnZXQgVlBOIFNlcnZlci4NCiMgDQojIFlvdSBoYXZlIHRvIHNwZWNpZnkgYXMgJ3JlbW90ZSA8SE9TVE5BTUU+IDxQT1JUPicuIFlvdSBjYW4gYWxzbw0KIyBzcGVjaWZ5IHRoZSBJUCBhZGRyZXNzIGluc3RlYWQgb2YgdGhlIGhvc3RuYW1lLg0KIyANCiMgTm90ZSB0aGF0IHRoZSBhdXRvLWdlbmVyYXRlZCBiZWxvdyBob3N0bmFtZSBhcmUgYSAiYXV0by1kZXRlY3RlZA0KIyBJUCBhZGRyZXNzIiBvZiB0aGUgVlBOIFNlcnZlci4gWW91IGhhdmUgdG8gY29uZmlybSB0aGUgY29ycmVjdG5lc3MNCiMgYmVmb3JlaGFuZC4NCiMgDQojIFdoZW4geW91IHdhbnQgdG8gY29ubmVjdCB0byB0aGUgVlBOIFNlcnZlciBieSB1c2luZyBUQ1AgcHJvdG9jb2wsDQojIHRoZSBwb3J0IG51bWJlciBvZiB0aGUgZGVzdGluYXRpb24gVENQIHBvcnQgc2hvdWxkIGJlIHNhbWUgYXMgb25lIG9mDQojIHRoZSBhdmFpbGFibGUgVENQIGxpc3RlbmVycyBvbiB0aGUgVlBOIFNlcnZlci4NCiMgDQojIFdoZW4geW91IHVzZSBVRFAgcHJvdG9jb2wsIHRoZSBwb3J0IG51bWJlciBtdXN0IHNhbWUgYXMgdGhlIGNvbmZpZ3VyYXRpb24NCiMgc2V0dGluZyBvZiAiT3BlblZQTiBTZXJ2ZXIgQ29tcGF0aWJsZSBGdW5jdGlvbiIgb24gdGhlIFZQTiBTZXJ2ZXIuDQoNCnJlbW90ZSAxNC4xMzIuMjQ4LjY4IDE4NTYNCg0KDQojIyMjIyMjIyMjIyMjIyMjIyMjIyMjIyMjIyMjIyMjIyMjIyMjIyMjIyMjIyMjIyMjIyMjIyMjIyMjIyMjIyMjIyMjIyMjIyMjIyMjIyMjDQojIFRoZSBIVFRQL0hUVFBTIHByb3h5IHNldHRpbmcuDQojIA0KIyBPbmx5IGlmIHlvdSBoYXZlIHRvIHVzZSB0aGUgSW50ZXJuZXQgdmlhIGEgcHJveHksIHVuY29tbWVudCB0aGUgYmVsb3cNCiMgdHdvIGxpbmVzIGFuZCBzcGVjaWZ5IHRoZSBwcm94eSBhZGRyZXNzIGFuZCB0aGUgcG9ydCBudW1iZXIuDQojIEluIHRoZSBjYXNlIG9mIHVzaW5nIHByb3h5LWF1dGhlbnRpY2F0aW9uLCByZWZlciB0aGUgT3BlblZQTiBtYW51YWwuDQoNCjtodHRwLXByb3h5LXJldHJ5DQo7aHR0cC1wcm94eSBbcHJveHkgc2VydmVyXSBbcHJveHkgcG9ydF0NCg0KDQojIyMjIyMjIyMjIyMjIyMjIyMjIyMjIyMjIyMjIyMjIyMjIyMjIyMjIyMjIyMjIyMjIyMjIyMjIyMjIyMjIyMjIyMjIyMjIyMjIyMjIyMjDQojIFRoZSBlbmNyeXB0aW9uIGFuZCBhdXRoZW50aWNhdGlvbiBhbGdvcml0aG0uDQojIA0KIyBEZWZhdWx0IHNldHRpbmcgaXMgZ29vZC4gTW9kaWZ5IGl0IGFzIHlvdSBwcmVmZXIuDQojIFdoZW4geW91IHNwZWNpZnkgYW4gdW5zdXBwb3J0ZWQgYWxnb3JpdGhtLCB0aGUgZXJyb3Igd2lsbCBvY2N1ci4NCiMgDQojIFRoZSBzdXBwb3J0ZWQgYWxnb3JpdGhtcyBhcmUgYXMgZm9sbG93czoNCiMgIGNpcGhlcjogW05VTEwtQ0lQSEVSXSBOVUxMIEFFUy0xMjgtQ0JDIEFFUy0xOTItQ0JDIEFFUy0yNTYtQ0JDIEJGLUNCQw0KIyAgICAgICAgICBDQVNULUNCQyBDQVNUNS1DQkMgREVTLUNCQyBERVMtRURFLUNCQyBERVMtRURFMy1DQkMgREVTWC1DQkMNCiMgICAgICAgICAgUkMyLTQwLUNCQyBSQzItNjQtQ0JDIFJDMi1DQkMNCiMgIGF1dGg6ICAgU0hBIFNIQTEgTUQ1IE1ENCBSTUQxNjANCg0KY2lwaGVyIEFFUy0xMjgtQ0JDDQphdXRoIFNIQTENCg0KDQojIyMjIyMjIyMjIyMjIyMjIyMjIyMjIyMjIyMjIyMjIyMjIyMjIyMjIyMjIyMjIyMjIyMjIyMjIyMjIyMjIyMjIyMjIyMjIyMjIyMjIyMjDQojIE90aGVyIHBhcmFtZXRlcnMgbmVjZXNzYXJ5IHRvIGNvbm5lY3QgdG8gdGhlIFZQTiBTZXJ2ZXIuDQojIA0KIyBJdCBpcyBub3QgcmVjb21tZW5kZWQgdG8gbW9kaWZ5IGl0IHVubGVzcyB5b3UgaGF2ZSBhIHBhcnRpY3VsYXIgbmVlZC4NCg0KcmVzb2x2LXJldHJ5IGluZmluaXRlDQpub2JpbmQNCnBlcnNpc3Qta2V5DQpwZXJzaXN0LXR1bg0KY2xpZW50DQp2ZXJiIDMNCiNhdXRoLXVzZXItcGFzcw0KDQoNCiMjIyMjIyMjIyMjIyMjIyMjIyMjIyMjIyMjIyMjIyMjIyMjIyMjIyMjIyMjIyMjIyMjIyMjIyMjIyMjIyMjIyMjIyMjIyMjIyMjIyMjIyMNCiMgVGhlIGNlcnRpZmljYXRlIGZpbGUgb2YgdGhlIGRlc3RpbmF0aW9uIFZQTiBTZXJ2ZXIuDQojIA0KIyBUaGUgQ0EgY2VydGlmaWNhdGUgZmlsZSBpcyBlbWJlZGRlZCBpbiB0aGUgaW5saW5lIGZvcm1hdC4NCiMgWW91IGNhbiByZXBsYWNlIHRoaXMgQ0EgY29udGVudHMgaWYgbmVjZXNzYXJ5Lg0KIyBQbGVhc2Ugbm90ZSB0aGF0IGlmIHRoZSBzZXJ2ZXIgY2VydGlmaWNhdGUgaXMgbm90IGEgc2VsZi1zaWduZWQsIHlvdSBoYXZlIHRvDQojIHNwZWNpZnkgdGhlIHNpZ25lcidzIHJvb3QgY2VydGlmaWNhdGUgKENBKSBoZXJlLg0KDQo8Y2E+DQotLS0tLUJFR0lOIENFUlRJRklDQVRFLS0tLS0NCk1JSUZhekNDQTFPZ0F3SUJBZ0lSQUlJUXo3RFNRT05aUkdQZ3UyT0Npd0F3RFFZSktvWklodmNOQVFFTEJRQXcNClR6RUxNQWtHQTFVRUJoTUNWVk14S1RBbkJnTlZCQW9USUVsdWRHVnlibVYwSUZObFkzVnlhWFI1SUZKbGMyVmgNCmNtTm9JRWR5YjNWd01SVXdFd1lEVlFRREV3eEpVMUpISUZKdmIzUWdXREV3SGhjTk1UVXdOakEwTVRFd05ETTQNCldoY05NelV3TmpBME1URXdORE00V2pCUE1Rc3dDUVlEVlFRR0V3SlZVekVwTUNjR0ExVUVDaE1nU1c1MFpYSnUNClpYUWdVMlZqZFhKcGRIa2dVbVZ6WldGeVkyZ2dSM0p2ZFhBeEZUQVRCZ05WQkFNVERFbFRVa2NnVW05dmRDQlkNCk1UQ0NBaUl3RFFZSktvWklodmNOQVFFQkJRQURnZ0lQQURDQ0Fnb0NnZ0lCQUszb0pIUDBGRGZ6bTU0clZ5Z2MNCmg3N2N0OTg0a0l4dVBPWlhvSGozZGNLaS92VnFidllBVHlqYjNtaUdiRVNUdHJGai9SUVNhNzhmMHVveG15RisNCjBUTTh1a2oxM1huZnM3ai9FdkVobWt2QmlvWnhhVXBtWm15UGZqeHd2NjBwSWdiejVNRG1nSzdpUzQrM21YNlUNCkE1L1RSNWQ4bVVnalUrZzRyazhLYjRNdTBVbFhqSUIwdHRvdjBEaU5ld053SVJ0MThqQTgrbyt1M2RwanErc1cNClQ4S09FVXQrend2by83VjNMdlN5ZTByZ1RCSWxESENOQXltZzRWTWs3QlBaN2htL0VMTktqRCtKbzJGUjNxeUgNCkI1VDBZM0hzTHVKdlc1aUI0WWxjTkhsc2R1ODdrR0o1NXR1a21pOG14ZEFRNFE3ZTJSQ09GdnUzOTZqM3grVUMNCkI1aVBOZ2lWNStJM2xnMDJkWjc3RG5LeEhadThBL2xKQmRpQjNRVzBLdFpCNmF3QmRwVUtEOWpmMWIwU0h6VXYNCktCZHMwcGpCcUFsa2QyNUhON3JPckZsZWFKMS9jdGFKeFFaQktUNVpQdDBtOVNUSkVhZGFvMHhBSDBhaG1iV24NCk9sRnVoanVlZlhLbkVnVjRXZTArVVhnVkN3T1BqZEF2QmJJK2Uwb2NTM01GRXZ6RzZ1QlFFM3hEazNTenluVG4NCmpoOEJDTkF3MUZ0eE5yUUh1c0V3TUZ4SXQ0STdtS1o5WUlxaW95bUN6THE5Z3dRYm9vTURRYUhXQmZFYndyYncNCnFIeUdPMGFvU0NxSTNIYWFkcjhmYXFVOUdZL3JPUE5rM3NnckRRb28vL2ZiNGhWQzFDTFFKMTNoZWY0WTUzQ0kNCnJVN20yWXM2eHQwblVXNy92R1QxTTBOUEFnTUJBQUdqUWpCQU1BNEdBMVVkRHdFQi93UUVBd0lCQmpBUEJnTlYNCkhSTUJBZjhFQlRBREFRSC9NQjBHQTFVZERnUVdCQlI1dEZubWU3Ymw1QUZ6Z0FpSXlCcFk5dW1iYmpBTkJna3ENCmhraUc5dzBCQVFzRkFBT0NBZ0VBVlI5WXFieXlxRkRRRExIWUdta2dKeWtJckdGMVhJcHUrSUxsYVMvVjlsWkwNCnViaHpFRm5USVpkKzUweHgrN0xTWUswNXFBdnFGeUZXaGZGUURsbnJ6dUJaNmJySkZlK0duWStFZ1BiazZaR1ENCjNCZWJZaHRGOEdhVjBueHZ3dW83N3gvUHk5YXVKL0dwc01pdS9YMSttdm9pQk92LzJYL3FrU3Npc1JjT2ovS0sNCk5GdFkyUHdCeVZTNXVDYk1pb2d6aVV3dGhEeUMzKzZXVndXNkxMdjN4TGZIVGp1Q3ZqSElJbk56a3RIQ2dLUTUNCk9SQXpJNEpNUEorR3NsV1lIYjRwaG93aW01N2lhenRYT29Kd1Rkd0p4NG5MQ2dkTmJPaGRqc252enF2SHU3VXINClRrWFdTdEFtek9WeXlnaHFwWlhqRmFIM3BPM0pMRitsKy8rc0tBSXV2dGQ3dStOeGU1QVcwd2RlUmxOOE53ZEMNCmpOUEVscHpWbWJVcTRKVWFnRWl1VERrSHpzeEhwRktWSzdxNCs2M1NNMU45NVIxTmJkV2hzY2RDYitaQUp6VmMNCm95aTNCNDNualRPUTV5T2YrMUNjZVd4RzFiUVZzNVp1ZnBzTWxqcTRVaTAvMWx2aCt3akNoUDRrcUtPSjJxeHENCjRSZ3FzYWhEWVZ2VEg5dzdqWGJ5TGVpTmRkOFhNMnc5VS90N3kwRmYvOXlpMEdFNDRaYTRyRjJMTjlkMTFUUEENCm1SR3VuVUhCY25XRXZnSkJRbDluSkVpVTBac252Z2MvdWJoUGdYUlI0WHEzN1owajRyN2cxU2dFRXp3eEE1N2QNCmVteVB4Z2NZeG4vZVI0NC9LSjRFQnMrbFZEUjN2ZXlKbStrWFE5OWIyMS8ramg1WG9zMUFuWDVpSXRyZUdDYz0NCi0tLS0tRU5EIENFUlRJRklDQVRFLS0tLS0NCg0KPC9jYT4NCg0KDQojIyMjIyMjIyMjIyMjIyMjIyMjIyMjIyMjIyMjIyMjIyMjIyMjIyMjIyMjIyMjIyMjIyMjIyMjIyMjIyMjIyMjIyMjIyMjIyMjIyMjIyMjDQojIFRoZSBjbGllbnQgY2VydGlmaWNhdGUgZmlsZSAoZHVtbXkpLg0KIyANCiMgSW4gc29tZSBpbXBsZW1lbnRhdGlvbnMgb2YgT3BlblZQTiBDbGllbnQgc29mdHdhcmUNCiMgKGZvciBleGFtcGxlOiBPcGVuVlBOIENsaWVudCBmb3IgaU9TKSwNCiMgYSBwYWlyIG9mIGNsaWVudCBjZXJ0aWZpY2F0ZSBhbmQgcHJpdmF0ZSBrZXkgbXVzdCBiZSBpbmNsdWRlZCBvbiB0aGUNCiMgY29uZmlndXJhdGlvbiBmaWxlIGR1ZSB0byB0aGUgbGltaXRhdGlvbiBvZiB0aGUgY2xpZW50Lg0KIyBTbyB0aGlzIHNhbXBsZSBjb25maWd1cmF0aW9uIGZpbGUgaGFzIGEgZHVtbXkgcGFpciBvZiBjbGllbnQgY2VydGlmaWNhdGUNCiMgYW5kIHByaXZhdGUga2V5IGFzIGZvbGxvd3MuDQoNCjxjZXJ0Pg0KLS0tLS1CRUdJTiBDRVJUSUZJQ0FURS0tLS0tDQpNSUlDeGpDQ0FhNENBUUF3RFFZSktvWklodmNOQVFFRkJRQXdLVEVhTUJnR0ExVUVBeE1SVmxCT1IyRjBaVU5zDQphV1Z1ZEVObGNuUXhDekFKQmdOVkJBWVRBa3BRTUI0WERURXpNREl4TVRBek5EazBPVm9YRFRNM01ERXhPVEF6DQpNVFF3TjFvd0tURWFNQmdHQTFVRUF4TVJWbEJPUjJGMFpVTnNhV1Z1ZEVObGNuUXhDekFKQmdOVkJBWVRBa3BRDQpNSUlCSWpBTkJna3Foa2lHOXcwQkFRRUZBQU9DQVE4QU1JSUJDZ0tDQVFFQTVoMmxnUVFZVWp3b0tZSmJ6VlpBDQo1VmNJR2Q1b3RQYy9xWlJNdDBLSXRDRkEwczlSd1JlTlZhOWZEUkZMUkJoY0lUT2x2M0ZCY1czRThoMVVzN1JEDQo0VzhHbUplOHphcEpuTHNEMzlPU01SQ3paSm5jelc0T0NIMVBaUlpXS3FEdGpsTmNhOUFGOGE2NWpUbWxEeENRDQpDam50TElXazVPTExWa0Z0OS90U2NjMUdEdGNpNTVvZmhhTkFZTVBpSDdWOCsxZzY2cEdIWEFvV0s2QVFWSDY3DQpYQ0tKbkdCNW5sUStIc01ZUFYvTzQ5TGQ5MVpOLzJ0SGtjYUxMeU50eXd4VlBSU3NSaDQ4MGpqdTBmY0NzdjZoDQpwLzB5WG5UQi8vbVd1dEJHcGRVbElid2lJVGJBbXJzYlluamlnUnZuUHFYMVJOSlViaTlGcDZDMmMvSElGSkdEDQp5d0lEQVFBQk1BMEdDU3FHU0liM0RRRUJCUVVBQTRJQkFRQ2hPNWhnY3cvNG9XZm9FRkx1OWtCYTFCLy9reEg4DQpoUWtDaFZObjhCUkM3WTBVUlFpdFBsM0RLRWVkOVVSQkRkZzJLT0F6NzdiYjZFTlBpbGlEK2EzOFVKSElSTXFlDQpVQkhobGxPSEl6dkRoSEZiYW92QUxCUWNlZUJ6ZGtReHNLUUVTS21RbVI4MzI5NTBVQ292b3lSQjYxVXlBVjdoDQorbVpoWVBHUktYS1NKSTZzMEVnZy9DcmkrQ3drNGJqSmZyYjVoVnNlMTF5aDREOU1IaHdTZkNPSCswejRoUFVUDQpGa3U3ZEdhdlVSTzVTVnhNbi9zTDZFbjVEK29TZVhrYWRIcERzK0FpcnltMllIaDE1aDAralBTT29SNnlpVnAvDQo2elplWmtyTjQza3VTNzNLcEtERmpmRlBoOHQ0cjFnT0lqdHRrTmNRcUJjY3VzbnBsUTdISnBzaw0KLS0tLS1FTkQgQ0VSVElGSUNBVEUtLS0tLQ0KDQo8L2NlcnQ+DQoNCjxrZXk+DQotLS0tLUJFR0lOIFJTQSBQUklWQVRFIEtFWS0tLS0tDQpNSUlFcEFJQkFBS0NBUUVBNWgybGdRUVlVandvS1lKYnpWWkE1VmNJR2Q1b3RQYy9xWlJNdDBLSXRDRkEwczlSDQp3UmVOVmE5ZkRSRkxSQmhjSVRPbHYzRkJjVzNFOGgxVXM3UkQ0VzhHbUplOHphcEpuTHNEMzlPU01SQ3paSm5jDQp6VzRPQ0gxUFpSWldLcUR0amxOY2E5QUY4YTY1alRtbER4Q1FDam50TElXazVPTExWa0Z0OS90U2NjMUdEdGNpDQo1NW9maGFOQVlNUGlIN1Y4KzFnNjZwR0hYQW9XSzZBUVZINjdYQ0tKbkdCNW5sUStIc01ZUFYvTzQ5TGQ5MVpODQovMnRIa2NhTEx5TnR5d3hWUFJTc1JoNDgwamp1MGZjQ3N2NmhwLzB5WG5UQi8vbVd1dEJHcGRVbElid2lJVGJBDQptcnNiWW5qaWdSdm5QcVgxUk5KVWJpOUZwNkMyYy9ISUZKR0R5d0lEQVFBQkFvSUJBRVJWN1g1QXZ4QTh1UmlLDQprOFNJcHNEMGRYMXBKT01Jd2FrVVZ5dmM0RWZOMERoS1JOYjRyWW9TaUVHVEx5ekxweUJjL0EyOERsa201ZU9ZDQpmanpYZllrR3RZaS9GdHhrZzNPOXZjck1RNCs2aSt1R0hhSUwyckwrczRNcmZPOHYxeHY2K1dreTMzRUVHQ291DQpRaXdWR1JGUVhuUm9RNjJOQkNGYlVOTGhtWHdkajFha1p6TFU0cDVSNHpBM1FoZHh3RUlhdFZMdDArN293TFEzDQpsUDhzZlhocHBQT1hqVHFNRDRRa1l3elBBYTgvekY3YWNuNGtyeXJVUDdRNlBBZmQwekVWcU55OVpDWjlmZmhvDQp6WGVkRmo0ODZJRm9jNWduVHAyTjZqc25WajRMQ0dJaGxWSGxZR296S0tGcUpjUVZHc0hDcXExb3oyempXNkxTDQpvUllJSGdFQ2dZRUE4elpya0N3TllTWEp1T0RKM20vaE9MVnhjeGdKdXdYb2lFcldkMEU0MnZQYW5qalZNaG50DQpLWTVsOHFHTUo2RmhLOUxZeDJxQ3JmL0UwWHRVQVoyd1ZxM09SVHlHbnNNV3JlOXRMWXM1NVgrWk4xMFRjNzV6DQo0aGFjYlUwaHFLTjFIaURtc01SWTMvMk5hWkhveTdNS253SkpCYUc0OGw5Q0NUbFZ3TUhvY0lFQ2dZRUE4amJ5DQpkR2p4VEgrNlhIV05pemI1U1JiWnhBbnlFZUplUndUTWgwZ0d6d0dQcEgvc1pZR3p5dTBTeVNYV0NuWmgzUmdxDQo1dUxsTnh0clhybGpabHlpMm5RZFFnc3EyWXJXVXMwK3pnVSsyMnVRc1pwU0FmdG1oVnJ0dmV0Nk1qVmpiQnlZDQpEQURjaUVWVWRKWUlYaytxbkZVSnllcm9MSWtUajdXWUtaNlJqa3NDZ1lCb0NGSXdSRGVnNDJvSzg5UkZtbk9yDQpMeW1OQXE0KzJvTWhzV2xWYjRlaldJV2VBazluYytHWFVmclhzelJoUzAxbVVuVTVyNXlnVXZSY2FyVi9UM1U3DQpUbk1aK0k3WTREZ1dSSURkNTF6bmh4SUJ0WVY1ai9DL3Q4NUhqcU9rSCs4YjZSVGtiY2hhWDNtYXU3ZnBVZmRzDQpGcTBuaElxNDJmaEVPOHNyZllZd2dRS0JnUUN5aGkxTi84dGFSd3BrKzMvSURFelF3amJmZHpVa1dXU0RrOVhzDQpIL3BrdVJIV2ZUTVAzZmxXcUVZZ1cvTFc0MHBlVzJIRHE1aW1kVjgrQWdaeGUvWE1iYWppOUxnd2YxUlkwMDVuDQpLeGFaUXo3eXFIdXBXbExHRjY4RFBIeGtaVlZTYWdEblYvc3p0V1g2U0ZzQ3FGVm54SVhpZlhHQzRjVzVObTlnDQp2YThxNFFLQmdRQ0VoTFZlVWZkd0t2a1o5NGcvR0Z6NzMxWjJocmRWaGdNWmFVL3U2dDBWOTUrWWV6UE5DUVpCDQp3bUU5TW1sYnExZW1EZVJPaXZqQ2ZvR2hSM2taWFcxcFRLbExoNlpNVVFVT3BwdGRYdmE4WHhmb3FRd2EzZW5BDQpNN211QmJGMFhON1ZPODBpSlB2K1BtSVpkRUlBa3B3S2ZpMjAxWUIrQmFmQ0l1R3hJRjUwVmc9PQ0KLS0tLS1FTkQgUlNBIFBSSVZBVEUgS0VZLS0tLS0NCg0KPC9rZXk+DQoNCg==
vpn992808012,126.153.161.69,663689,4,264252816,Japan,JP,19,46378507,90621,12501346243038,2weeks,DESKTOP-3EVLDP0's owner,,IyMjIyMjIyMjIyMjIyMjIyMjIyMjIyMjIyMjIyMjIyMjIyMjIyMjIyMjIyMjIyMjIyMjIyMjIyMjIyMjIyMjIyMjIyMjIyMjIyMjIyMjIw0KIyBPcGVuVlBOIDIuMCBTYW1wbGUgQ29uZmlndXJhdGlvbiBGaWxlDQojIGZvciBQYWNrZXRpWCBWUE4gLyBTb2Z0RXRoZXIgVlBOIFNlcnZlcg0KIyANCiMgISEhIEFVVE8tR0VORVJBVEVEIEJZIFNPRlRFVEhFUiBWUE4gU0VSVkVSIE1BTkFHRU1FTlQgVE9PTCAhISENCiMgDQojICEhISBZT1UgSEFWRSBUTyBSRVZJRVcgSVQgQkVGT1JFIFVTRSBBTkQgTU9ESUZZIElUIEFTIE5FQ0VTU0FSWSAhISENCiMgDQojIFRoaXMgY29uZmlndXJhdGlvbiBmaWxlIGlzIGF1dG8tZ2VuZXJhdGVkLiBZb3UgbWlnaHQgdXNlIHRoaXMgY29uZmlnIGZpbGUNCiMgaW4gb3JkZXIgdG8gY29ubmVjdCB0byB0aGUgUGFja2V0aVggVlBOIC8gU29mdEV0aGVyIFZQTiBTZXJ2ZXIuDQojIEhvd2V2ZXIsIGJlZm9yZSB5b3UgdHJ5IGl0LCB5b3Ugc2hvdWxkIHJldmlldyB0aGUgZGVzY3JpcHRpb25zIG9mIHRoZSBmaWxlDQojIHRvIGRldGVybWluZSB0aGUgbmVjZXNzaXR5IHRvIG1vZGlmeSB0byBzdWl0YWJsZSBmb3IgeW91ciByZWFsIGVudmlyb25tZW50Lg0KIyBJZiBuZWNlc3NhcnksIHlvdSBoYXZlIHRvIG1vZGlmeSBhIGxpdHRsZSBhZGVxdWF0ZWx5IG9uIHRoZSBmaWxlLg0KIyBGb3IgZXhhbXBsZSwgdGhlIElQIGFkZHJlc3Mgb3IgdGhlIGhvc3RuYW1lIGFzIGEgZGVzdGluYXRpb24gVlBOIFNlcnZlcg0KIyBzaG91bGQgYmUgY29uZmlybWVkLg0KIyANCiMgTm90ZSB0aGF0IHRvIHVzZSBPcGVuVlBOIDIuMCwgeW91IGhhdmUgdG8gcHV0IHRoZSBjZXJ0aWZpY2F0aW9uIGZpbGUgb2YNCiMgdGhlIGRlc3RpbmF0aW9uIFZQTiBTZXJ2ZXIgb24gdGhlIE9wZW5WUE4gQ2xpZW50IGNvbXB1dGVyIHdoZW4geW91IHVzZSB0aGlzDQojIGNvbmZpZyBmaWxlLiBQbGVhc2UgcmVmZXIgdGhlIGJlbG93IGRlc2NyaXB0aW9ucyBjYXJlZnVsbHkuDQoNCg0KIyMjIyMjIyMjIyMjIyMjIyMjIyMjIyMjIyMjIyMjIyMjIyMjIyMjIyMjIyMjIyMjIyMjIyMjIyMjIyMjIyMjIyMjIyMjIyMjIyMjIyMjIw0KIyBTcGVjaWZ5IHRoZSB0eXBlIG9mIHRoZSBsYXllciBvZiB0aGUgVlBOIGNvbm5lY3Rpb24uDQojIA0KIyBUbyBjb25uZWN0IHRvIHRoZSBWUE4gU2VydmVyIGFzIGEgIlJlbW90ZS1BY2Nlc3MgVlBOIENsaWVudCBQQyIsDQojICBzcGVjaWZ5ICdkZXYgdHVuJy4gKExheWVyLTMgSVAgUm91dGluZyBNb2RlKQ0KIw0KIyBUbyBjb25uZWN0IHRvIHRoZSBWUE4gU2VydmVyIGFzIGEgYnJpZGdpbmcgZXF1aXBtZW50IG9mICJTaXRlLXRvLVNpdGUgVlBOIiwNCiMgIHNwZWNpZnkgJ2RldiB0YXAnLiAoTGF5ZXItMiBFdGhlcm5ldCBCcmlkZ2luZSBNb2RlKQ0KDQpkZXYgdHVuDQoNCg0KIyMjIyMjIyMjIyMjIyMjIyMjIyMjIyMjIyMjIyMjIyMjIyMjIyMjIyMjIyMjIyMjIyMjIyMjIyMjIyMjIyMjIyMjIyMjIyMjIyMjIyMjIw0KIyBTcGVjaWZ5IHRoZSB1bmRlcmx5aW5nIHByb3RvY29sIGJleW9uZCB0aGUgSW50ZXJuZXQuDQojIE5vdGUgdGhhdCB0aGlzIHNldHRpbmcgbXVzdCBiZSBjb3JyZXNwb25kIHdpdGggdGhlIGxpc3RlbmluZyBzZXR0aW5nIG9uDQojIHRoZSBWUE4gU2VydmVyLg0KIyANCiMgU3BlY2lmeSBlaXRoZXIgJ3Byb3RvIHRjcCcgb3IgJ3Byb3RvIHVkcCcuDQoNCnByb3RvIHRjcA0KDQoNCiMjIyMjIyMjIyMjIyMjIyMjIyMjIyMjIyMjIyMjIyMjIyMjIyMjIyMjIyMjIyMjIyMjIyMjIyMjIyMjIyMjIyMjIyMjIyMjIyMjIyMjIyMNCiMgVGhlIGRlc3RpbmF0aW9uIGhvc3RuYW1lIC8gSVAgYWRkcmVzcywgYW5kIHBvcnQgbnVtYmVyIG9mDQojIHRoZSB0YXJnZXQgVlBOIFNlcnZlci4NCiMgDQojIFlvdSBoYXZlIHRvIHNwZWNpZnkgYXMgJ3JlbW90ZSA8SE9TVE5BTUU+IDxQT1JUPicuIFlvdSBjYW4gYWxzbw0KIyBzcGVjaWZ5IHRoZSBJUCBhZGRyZXNzIGluc3RlYWQgb2YgdGhlIGhvc3RuYW1lLg0KIyANCiMgTm90ZSB0aGF0IHRoZSBhdXRvLWdlbmVyYXRlZCBiZWxvdyBob3N0bmFtZSBhcmUgYSAiYXV0by1kZXRlY3RlZA0KIyBJUCBhZGRyZXNzIiBvZiB0aGUgVlBOIFNlcnZlci4gWW91IGhhdmUgdG8gY29uZmlybSB0aGUgY29ycmVjdG5lc3MNCiMgYmVmb3JlaGFuZC4NCiMgDQojIFdoZW4geW91IHdhbnQgdG8gY29ubmVjdCB0byB0aGUgVlBOIFNlcnZlciBieSB1c2luZyBUQ1AgcHJvdG9jb2wsDQojIHRoZSBwb3J0IG51bWJlciBvZiB0aGUgZGVzdGluYXRpb24gVENQIHBvcnQgc2hvdWxkIGJlIHNhbWUgYXMgb25lIG9mDQojIHRoZSBhdmFpbGFibGUgVENQIGxpc3RlbmVycyBvbiB0aGUgVlBOIFNlcnZlci4NCiMgDQojIFdoZW4geW91IHVzZSBVRFAgcHJvdG9jb2wsIHRoZSBwb3J0IG51bWJlciBtdXN0IHNhbWUgYXMgdGhlIGNvbmZpZ3VyYXRpb24NCiMgc2V0dGluZyBvZiAiT3BlblZQTiBTZXJ2ZXIgQ29tcGF0aWJsZSBGdW5jdGlvbiIgb24gdGhlIFZQTiBTZXJ2ZXIuDQoNCnJlbW90ZSAxMjYuMTUzLjE2MS42OSAxNjc5DQoNCg0KIyMjIyMjIyMjIyMjIyMjIyMjIyMjIyMjIyMjIyMjIyMjIyMjIyMjIyMjIyMjIyMjIyMjIyMjIyMjIyMjIyMjIyMjIyMjIyMjIyMjIyMjIw0KIyBUaGUgSFRUUC9IVFRQUyBwcm94eSBzZXR0aW5nLg0KIyANCiMgT25seSBpZiB5b3UgaGF2ZSB0byB1c2UgdGhlIEludGVybmV0IHZpYSBhIHByb3h5LCB1bmNvbW1lbnQgdGhlIGJlbG93DQojIHR3byBsaW5lcyBhbmQgc3BlY2lmeSB0aGUgcHJveHkgYWRkcmVzcyBhbmQgdGhlIHBvcnQgbnVtYmVyLg0KIyBJbiB0aGUgY2FzZSBvZiB1c2luZyBwcm94eS1hdXRoZW50aWNhdGlvbiwgcmVmZXIgdGhlIE9wZW5WUE4gbWFudWFsLg0KDQo7aHR0cC1wcm94eS1yZXRyeQ0KO2h0dHAtcHJveHkgW3Byb3h5IHNlcnZlcl0gW3Byb3h5IHBvcnRdDQoNCg0KIyMjIyMjIyMjIyMjIyMjIyMjIyMjIyMjIyMjIyMjIyMjIyMjIyMjIyMjIyMjIyMjIyMjIyMjIyMjIyMjIyMjIyMjIyMjIyMjIyMjIyMjIw0KIyBUaGUgZW5jcnlwdGlvbiBhbmQgYXV0aGVudGljYXRpb24gYWxnb3JpdGhtLg0KIyANCiMgRGVmYXVsdCBzZXR0aW5nIGlzIGdvb2QuIE1vZGlmeSBpdCBhcyB5b3UgcHJlZmVyLg0KIyBXaGVuIHlvdSBzcGVjaWZ5IGFuIHVuc3VwcG9ydGVkIGFsZ29yaXRobSwgdGhlIGVycm9yIHdpbGwgb2NjdXIuDQojIA0KIyBUaGUgc3VwcG9ydGVkIGFsZ29yaXRobXMgYXJlIGFzIGZvbGxvd3M6DQojICBjaXBoZXI6IFtOVUxMLUNJUEhFUl0gTlVMTCBBRVMtMTI4LUNCQyBBRVMtMTkyLUNCQyBBRVMtMjU2LUNCQyBCRi1DQkMNCiMgICAgICAgICAgQ0FTVC1DQkMgQ0FTVDUtQ0JDIERFUy1DQkMgREVTLUVERS1DQkMgREVTLUVERTMtQ0JDIERFU1gtQ0JDDQojICAgICAgICAgIFJDMi00MC1DQkMgUkMyLTY0LUNCQyBSQzItQ0JDDQojICBhdXRoOiAgIFNIQSBTSEExIE1ENSBNRDQgUk1EMTYwDQoNCmNpcGhlciBBRVMtMTI4LUNCQw0KYXV0aCBTSEExDQoNCg0KIyMjIyMjIyMjIyMjIyMjIyMjIyMjIyMjIyMjIyMjIyMjIyMjIyMjIyMjIyMjIyMjIyMjIyMjIyMjIyMjIyMjIyMjIyMjIyMjIyMjIyMjIw0KIyBPdGhlciBwYXJhbWV0ZXJzIG5lY2Vzc2FyeSB0byBjb25uZWN0IHRvIHRoZSBWUE4gU2VydmVyLg0KIyANCiMgSXQgaXMgbm90IHJlY29tbWVuZGVkIHRvIG1vZGlmeSBpdCB1bmxlc3MgeW91IGhhdmUgYSBwYXJ0aWN1bGFyIG5lZWQuDQoNCnJlc29sdi1yZXRyeSBpbmZpbml0ZQ0Kbm9iaW5kDQpwZXJzaXN0LWtleQ0KcGVyc2lzdC10dW4NCmNsaWVudA0KdmVyYiAzDQojYXV0aC11c2VyLXBhc3MNCg0KDQojIyMjIyMjIyMjIyMjIyMjIyMjIyMjIyMjIyMjIyMjIyMjIyMjIyMjIyMjIyMjIyMjIyMjIyMjIyMjIyMjIyMjIyMjIyMjIyMjIyMjIyMjDQojIFRoZSBjZXJ0aWZpY2F0ZSBmaWxlIG9mIHRoZSBkZXN0aW5hdGlvbiBWUE4gU2VydmVyLg0KIyANCiMgVGhlIENBIGNlcnRpZmljYXRlIGZpbGUgaXMgZW1iZWRkZWQgaW4gdGhlIGlubGluZSBmb3JtYXQuDQojIFlvdSBjYW4gcmVwbGFjZSB0aGlzIENBIGNvbnRlbnRzIGlmIG5lY2Vzc2FyeS4NCiMgUGxlYXNlIG5vdGUgdGhhdCBpZiB0aGUgc2VydmVyIGNlcnRpZmljYXRlIGlzIG5vdCBhIHNlbGYtc2lnbmVkLCB5b3UgaGF2ZSB0bw0KIyBzcGVjaWZ5IHRoZSBzaWduZXIncyByb290IGNlcnRpZmljYXRlIChDQSkgaGVyZS4NCg0KPGNhPg0KLS0tLS1CRUdJTiBDRVJUSUZJQ0FURS0tLS0tDQpNSUlGYXpDQ0ExT2dBd0lCQWdJUkFJSVF6N0RTUU9OWlJHUGd1Mk9DaXdBd0RRWUpLb1pJaHZjTkFRRUxCUUF3DQpUekVMTUFrR0ExVUVCaE1DVlZNeEtUQW5CZ05WQkFvVElFbHVkR1Z5Ym1WMElGTmxZM1Z5YVhSNUlGSmxjMlZoDQpjbU5vSUVkeWIzVndNUlV3RXdZRFZRUURFd3hKVTFKSElGSnZiM1FnV0RFd0hoY05NVFV3TmpBME1URXdORE00DQpXaGNOTXpVd05qQTBNVEV3TkRNNFdqQlBNUXN3Q1FZRFZRUUdFd0pWVXpFcE1DY0dBMVVFQ2hNZ1NXNTBaWEp1DQpaWFFnVTJWamRYSnBkSGtnVW1WelpXRnlZMmdnUjNKdmRYQXhGVEFUQmdOVkJBTVRERWxUVWtjZ1VtOXZkQ0JZDQpNVENDQWlJd0RRWUpLb1pJaHZjTkFRRUJCUUFEZ2dJUEFEQ0NBZ29DZ2dJQkFLM29KSFAwRkRmem01NHJWeWdjDQpoNzdjdDk4NGtJeHVQT1pYb0hqM2RjS2kvdlZxYnZZQVR5amIzbWlHYkVTVHRyRmovUlFTYTc4ZjB1b3hteUYrDQowVE04dWtqMTNYbmZzN2ovRXZFaG1rdkJpb1p4YVVwbVpteVBmanh3djYwcElnYno1TURtZ0s3aVM0KzNtWDZVDQpBNS9UUjVkOG1VZ2pVK2c0cms4S2I0TXUwVWxYaklCMHR0b3YwRGlOZXdOd0lSdDE4akE4K28rdTNkcGpxK3NXDQpUOEtPRVV0K3p3dm8vN1YzTHZTeWUwcmdUQklsREhDTkF5bWc0Vk1rN0JQWjdobS9FTE5LakQrSm8yRlIzcXlIDQpCNVQwWTNIc0x1SnZXNWlCNFlsY05IbHNkdTg3a0dKNTV0dWttaThteGRBUTRRN2UyUkNPRnZ1Mzk2ajN4K1VDDQpCNWlQTmdpVjUrSTNsZzAyZFo3N0RuS3hIWnU4QS9sSkJkaUIzUVcwS3RaQjZhd0JkcFVLRDlqZjFiMFNIelV2DQpLQmRzMHBqQnFBbGtkMjVITjdyT3JGbGVhSjEvY3RhSnhRWkJLVDVaUHQwbTlTVEpFYWRhbzB4QUgwYWhtYlduDQpPbEZ1aGp1ZWZYS25FZ1Y0V2UwK1VYZ1ZDd09QamRBdkJiSStlMG9jUzNNRkV2ekc2dUJRRTN4RGszU3p5blRuDQpqaDhCQ05BdzFGdHhOclFIdXNFd01GeEl0NEk3bUtaOVlJcWlveW1DekxxOWd3UWJvb01EUWFIV0JmRWJ3cmJ3DQpxSHlHTzBhb1NDcUkzSGFhZHI4ZmFxVTlHWS9yT1BOazNzZ3JEUW9vLy9mYjRoVkMxQ0xRSjEzaGVmNFk1M0NJDQpyVTdtMllzNnh0MG5VVzcvdkdUMU0wTlBBZ01CQUFHalFqQkFNQTRHQTFVZER3RUIvd1FFQXdJQkJqQVBCZ05WDQpIUk1CQWY4RUJUQURBUUgvTUIwR0ExVWREZ1FXQkJSNXRGbm1lN2JsNUFGemdBaUl5QnBZOXVtYmJqQU5CZ2txDQpoa2lHOXcwQkFRc0ZBQU9DQWdFQVZSOVlxYnl5cUZEUURMSFlHbWtnSnlrSXJHRjFYSXB1K0lMbGFTL1Y5bFpMDQp1Ymh6RUZuVElaZCs1MHh4KzdMU1lLMDVxQXZxRnlGV2hmRlFEbG5yenVCWjZickpGZStHblkrRWdQYms2WkdRDQozQmViWWh0RjhHYVYwbnh2d3VvNzd4L1B5OWF1Si9HcHNNaXUvWDErbXZvaUJPdi8yWC9xa1NzaXNSY09qL0tLDQpORnRZMlB3QnlWUzV1Q2JNaW9nemlVd3RoRHlDMys2V1Z3VzZMTHYzeExmSFRqdUN2akhJSW5Oemt0SENnS1E1DQpPUkF6STRKTVBKK0dzbFdZSGI0cGhvd2ltNTdpYXp0WE9vSndUZHdKeDRuTENnZE5iT2hkanNudnpxdkh1N1VyDQpUa1hXU3RBbXpPVnl5Z2hxcFpYakZhSDNwTzNKTEYrbCsvK3NLQUl1dnRkN3UrTnhlNUFXMHdkZVJsTjhOd2RDDQpqTlBFbHB6Vm1iVXE0SlVhZ0VpdVREa0h6c3hIcEZLVks3cTQrNjNTTTFOOTVSMU5iZFdoc2NkQ2IrWkFKelZjDQpveWkzQjQzbmpUT1E1eU9mKzFDY2VXeEcxYlFWczVadWZwc01sanE0VWkwLzFsdmgrd2pDaFA0a3FLT0oycXhxDQo0Umdxc2FoRFlWdlRIOXc3alhieUxlaU5kZDhYTTJ3OVUvdDd5MEZmLzl5aTBHRTQ0WmE0ckYyTE45ZDExVFBBDQptUkd1blVIQmNuV0V2Z0pCUWw5bkpFaVUwWnNudmdjL3ViaFBnWFJSNFhxMzdaMGo0cjdnMVNnRUV6d3hBNTdkDQplbXlQeGdjWXhuL2VSNDQvS0o0RUJzK2xWRFIzdmV5Sm0ra1hROTliMjEvK2poNVhvczFBblg1aUl0cmVHQ2M9DQotLS0tLUVORCBDRVJUSUZJQ0FURS0tLS0tDQoNCjwvY2E+DQoNCg0KIyMjIyMjIyMjIyMjIyMjIyMjIyMjIyMjIyMjIyMjIyMjIyMjIyMjIyMjIyMjIyMjIyMjIyMjIyMjIyMjIyMjIyMjIyMjIyMjIyMjIyMjIw0KIyBUaGUgY2xpZW50IGNlcnRpZmljYXRlIGZpbGUgKGR1bW15KS4NCiMgDQojIEluIHNvbWUgaW1wbGVtZW50YXRpb25zIG9mIE9wZW5WUE4gQ2xpZW50IHNvZnR3YXJlDQojIChmb3IgZXhhbXBsZTogT3BlblZQTiBDbGllbnQgZm9yIGlPUyksDQojIGEgcGFpciBvZiBjbGllbnQgY2VydGlmaWNhdGUgYW5kIHByaXZhdGUga2V5IG11c3QgYmUgaW5jbHVkZWQgb24gdGhlDQojIGNvbmZpZ3VyYXRpb24gZmlsZSBkdWUgdG8gdGhlIGxpbWl0YXRpb24gb2YgdGhlIGNsaWVudC4NCiMgU28gdGhpcyBzYW1wbGUgY29uZmlndXJhdGlvbiBmaWxlIGhhcyBhIGR1bW15IHBhaXIgb2YgY2xpZW50IGNlcnRpZmljYXRlDQojIGFuZCBwcml2YXRlIGtleSBhcyBmb2xsb3dzLg0KDQo8Y2VydD4NCi0tLS0tQkVHSU4gQ0VSVElGSUNBVEUtLS0tLQ0KTUlJQ3hqQ0NBYTRDQVFBd0RRWUpLb1pJaHZjTkFRRUZCUUF3S1RFYU1CZ0dBMVVFQXhNUlZsQk9SMkYwWlVOcw0KYVdWdWRFTmxjblF4Q3pBSkJnTlZCQVlUQWtwUU1CNFhEVEV6TURJeE1UQXpORGswT1ZvWERUTTNNREV4T1RBeg0KTVRRd04xb3dLVEVhTUJnR0ExVUVBeE1SVmxCT1IyRjBaVU5zYVdWdWRFTmxjblF4Q3pBSkJnTlZCQVlUQWtwUQ0KTUlJQklqQU5CZ2txaGtpRzl3MEJBUUVGQUFPQ0FROEFNSUlCQ2dLQ0FRRUE1aDJsZ1FRWVVqd29LWUpielZaQQ0KNVZjSUdkNW90UGMvcVpSTXQwS0l0Q0ZBMHM5UndSZU5WYTlmRFJGTFJCaGNJVE9sdjNGQmNXM0U4aDFVczdSRA0KNFc4R21KZTh6YXBKbkxzRDM5T1NNUkN6WkpuY3pXNE9DSDFQWlJaV0txRHRqbE5jYTlBRjhhNjVqVG1sRHhDUQ0KQ2pudExJV2s1T0xMVmtGdDkvdFNjYzFHRHRjaTU1b2ZoYU5BWU1QaUg3VjgrMWc2NnBHSFhBb1dLNkFRVkg2Nw0KWENLSm5HQjVubFErSHNNWVBWL080OUxkOTFaTi8ydEhrY2FMTHlOdHl3eFZQUlNzUmg0ODBqanUwZmNDc3Y2aA0KcC8weVhuVEIvL21XdXRCR3BkVWxJYndpSVRiQW1yc2JZbmppZ1J2blBxWDFSTkpVYmk5RnA2QzJjL0hJRkpHRA0KeXdJREFRQUJNQTBHQ1NxR1NJYjNEUUVCQlFVQUE0SUJBUUNoTzVoZ2N3LzRvV2ZvRUZMdTlrQmExQi8va3hIOA0KaFFrQ2hWTm44QlJDN1kwVVJRaXRQbDNES0VlZDlVUkJEZGcyS09Bejc3YmI2RU5QaWxpRCthMzhVSkhJUk1xZQ0KVUJIaGxsT0hJenZEaEhGYmFvdkFMQlFjZWVCemRrUXhzS1FFU0ttUW1SODMyOTUwVUNvdm95UkI2MVV5QVY3aA0KK21aaFlQR1JLWEtTSkk2czBFZ2cvQ3JpK0N3azRiakpmcmI1aFZzZTExeWg0RDlNSGh3U2ZDT0grMHo0aFBVVA0KRmt1N2RHYXZVUk81U1Z4TW4vc0w2RW41RCtvU2VYa2FkSHBEcytBaXJ5bTJZSGgxNWgwK2pQU09vUjZ5aVZwLw0KNnpaZVprck40M2t1UzczS3BLREZqZkZQaDh0NHIxZ09JanR0a05jUXFCY2N1c25wbFE3SEpwc2sNCi0tLS0tRU5EIENFUlRJRklDQVRFLS0tLS0NCg0KPC9jZXJ0Pg0KDQo8a2V5Pg0KLS0tLS1CRUdJTiBSU0EgUFJJVkFURSBLRVktLS0tLQ0KTUlJRXBBSUJBQUtDQVFFQTVoMmxnUVFZVWp3b0tZSmJ6VlpBNVZjSUdkNW90UGMvcVpSTXQwS0l0Q0ZBMHM5Ug0Kd1JlTlZhOWZEUkZMUkJoY0lUT2x2M0ZCY1czRThoMVVzN1JENFc4R21KZTh6YXBKbkxzRDM5T1NNUkN6WkpuYw0Kelc0T0NIMVBaUlpXS3FEdGpsTmNhOUFGOGE2NWpUbWxEeENRQ2pudExJV2s1T0xMVmtGdDkvdFNjYzFHRHRjaQ0KNTVvZmhhTkFZTVBpSDdWOCsxZzY2cEdIWEFvV0s2QVFWSDY3WENLSm5HQjVubFErSHNNWVBWL080OUxkOTFaTg0KLzJ0SGtjYUxMeU50eXd4VlBSU3NSaDQ4MGpqdTBmY0NzdjZocC8weVhuVEIvL21XdXRCR3BkVWxJYndpSVRiQQ0KbXJzYlluamlnUnZuUHFYMVJOSlViaTlGcDZDMmMvSElGSkdEeXdJREFRQUJBb0lCQUVSVjdYNUF2eEE4dVJpSw0KazhTSXBzRDBkWDFwSk9NSXdha1VWeXZjNEVmTjBEaEtSTmI0cllvU2lFR1RMeXpMcHlCYy9BMjhEbGttNWVPWQ0KZmp6WGZZa0d0WWkvRnR4a2czTzl2Y3JNUTQrNmkrdUdIYUlMMnJMK3M0TXJmTzh2MXh2NitXa3kzM0VFR0NvdQ0KUWl3VkdSRlFYblJvUTYyTkJDRmJVTkxobVh3ZGoxYWtaekxVNHA1UjR6QTNRaGR4d0VJYXRWTHQwKzdvd0xRMw0KbFA4c2ZYaHBwUE9YalRxTUQ0UWtZd3pQQWE4L3pGN2FjbjRrcnlyVVA3UTZQQWZkMHpFVnFOeTlaQ1o5ZmZobw0KelhlZEZqNDg2SUZvYzVnblRwMk42anNuVmo0TENHSWhsVkhsWUdvektLRnFKY1FWR3NIQ3FxMW96MnpqVzZMUw0Kb1JZSUhnRUNnWUVBOHpacmtDd05ZU1hKdU9ESjNtL2hPTFZ4Y3hnSnV3WG9pRXJXZDBFNDJ2UGFuampWTWhudA0KS1k1bDhxR01KNkZoSzlMWXgycUNyZi9FMFh0VUFaMndWcTNPUlR5R25zTVdyZTl0TFlzNTVYK1pOMTBUYzc1eg0KNGhhY2JVMGhxS04xSGlEbXNNUlkzLzJOYVpIb3k3TUtud0pKQmFHNDhsOUNDVGxWd01Ib2NJRUNnWUVBOGpieQ0KZEdqeFRIKzZYSFdOaXpiNVNSYlp4QW55RWVKZVJ3VE1oMGdHendHUHBIL3NaWUd6eXUwU3lTWFdDblpoM1JncQ0KNXVMbE54dHJYcmxqWmx5aTJuUWRRZ3NxMllyV1VzMCt6Z1UrMjJ1UXNacFNBZnRtaFZydHZldDZNalZqYkJ5WQ0KREFEY2lFVlVkSllJWGsrcW5GVUp5ZXJvTElrVGo3V1lLWjZSamtzQ2dZQm9DRkl3UkRlZzQyb0s4OVJGbW5Pcg0KTHltTkFxNCsyb01oc1dsVmI0ZWpXSVdlQWs5bmMrR1hVZnJYc3pSaFMwMW1VblU1cjV5Z1V2UmNhclYvVDNVNw0KVG5NWitJN1k0RGdXUklEZDUxem5oeElCdFlWNWovQy90ODVIanFPa0grOGI2UlRrYmNoYVgzbWF1N2ZwVWZkcw0KRnEwbmhJcTQyZmhFTzhzcmZZWXdnUUtCZ1FDeWhpMU4vOHRhUndwayszL0lERXpRd2piZmR6VWtXV1NEazlYcw0KSC9wa3VSSFdmVE1QM2ZsV3FFWWdXL0xXNDBwZVcySERxNWltZFY4K0FnWnhlL1hNYmFqaTlMZ3dmMVJZMDA1bg0KS3hhWlF6N3lxSHVwV2xMR0Y2OERQSHhrWlZWU2FnRG5WL3N6dFdYNlNGc0NxRlZueElYaWZYR0M0Y1c1Tm05Zw0KdmE4cTRRS0JnUUNFaExWZVVmZHdLdmtaOTRnL0dGejczMVoyaHJkVmhnTVphVS91NnQwVjk1K1llelBOQ1FaQg0Kd21FOU1tbGJxMWVtRGVST2l2akNmb0doUjNrWlhXMXBUS2xMaDZaTVVRVU9wcHRkWHZhOFh4Zm9xUXdhM2VuQQ0KTTdtdUJiRjBYTjdWTzgwaUpQditQbUlaZEVJQWtwd0tmaTIwMVlCK0JhZkNJdUd4SUY1MFZnPT0NCi0tLS0tRU5EIFJTQSBQUklWQVRFIEtFWS0tLS0tDQoNCjwva2V5Pg0KDQo=
vpn982662951,188.32.168.129,660122,17,194160880,Russian Federation,RU,18,21947507,67190,13589027635953,2weeks,Maxon's owner,,IyMjIyMjIyMjIyMjIyMjIyMjIyMjIyMjIyMjIyMjIyMjIyMjIyMjIyMjIyMjIyMjIyMjIyMjIyMjIyMjIyMjIyMjIyMjIyMjIyMjIyMjIw0KIyBPcGVuVlBOIDIuMCBTYW1wbGUgQ29uZmlndXJhdGlvbiBGaWxlDQojIGZvciBQYWNrZXRpWCBWUE4gLyBTb2Z0RXRoZXIgVlBOIFNlcnZlcg0KIyANCiMgISEhIEFVVE8tR0VORVJBVEVEIEJZIFNPRlRFVEhFUiBWUE4gU0VSVkVSIE1BTkFHRU1FTlQgVE9PTCAhISENCiMgDQojICEhISBZT1UgSEFWRSBUTyBSRVZJRVcgSVQgQkVGT1JFIFVTRSBBTkQgTU9ESUZZIElUIEFTIE5FQ0VTU0FSWSAhISENCiMgDQojIFRoaXMgY29uZmlndXJhdGlvbiBmaWxlIGlzIGF1dG8tZ2VuZXJhdGVkLiBZb3UgbWlnaHQgdXNlIHRoaXMgY29uZmlnIGZpbGUNCiMgaW4gb3JkZXIgdG8gY29ubmVjdCB0byB0aGUgUGFja2V0aVggVlBOIC8gU29mdEV0aGVyIFZQTiBTZXJ2ZXIuDQojIEhvd2V2ZXIsIGJlZm9yZSB5b3UgdHJ5IGl0LCB5b3Ugc2hvdWxkIHJldmlldyB0aGUgZGVzY3JpcHRpb25zIG9mIHRoZSBmaWxlDQojIHRvIGRldGVybWluZSB0aGUgbmVjZXNzaXR5IHRvIG1vZGlmeSB0byBzdWl0YWJsZSBmb3IgeW91ciByZWFsIGVudmlyb25tZW50Lg0KIyBJZiBuZWNlc3NhcnksIHlvdSBoYXZlIHRvIG1vZGlmeSBhIGxpdHRsZSBhZGVxdWF0ZWx5IG9uIHRoZSBmaWxlLg0KIyBGb3IgZXhhbXBsZSwgdGhlIElQIGFkZHJlc3Mgb3IgdGhlIGhvc3RuYW1lIGFzIGEgZGVzdGluYXRpb24gVlBOIFNlcnZlcg0KIyBzaG91bGQgYmUgY29uZmlybWVkLg0KIyANCiMgTm90ZSB0aGF0IHRvIHVzZSBPcGVuVlBOIDIuMCwgeW91IGhhdmUgdG8gcHV0IHRoZSBjZXJ0aWZpY2F0aW9uIGZpbGUgb2YNCiMgdGhlIGRlc3RpbmF0aW9uIFZQTiBTZXJ2ZXIgb24gdGhlIE9wZW5WUE4gQ2xpZW50IGNvbXB1dGVyIHdoZW4geW91IHVzZSB0aGlzDQojIGNvbmZpZyBmaWxlLiBQbGVhc2UgcmVmZXIgdGhlIGJlbG93IGRlc2NyaXB0aW9ucyBjYXJlZnVsbHkuDQoNCg0KIyMjIyMjIyMjIyMjIyMjIyMjIyMjIyMjIyMjIyMjIyMjIyMjIyMjIyMjIyMjIyMjIyMjIyMjIyMjIyMjIyMjIyMjIyMjIyMjIyMjIyMjIw0KIyBTcGVjaWZ5IHRoZSB0eXBlIG9mIHRoZSBsYXllciBvZiB0aGUgVlBOIGNvbm5lY3Rpb24uDQojIA0KIyBUbyBjb25uZWN0IHRvIHRoZSBWUE4gU2VydmVyIGFzIGEgIlJlbW90ZS1BY2Nlc3MgVlBOIENsaWVudCBQQyIsDQojICBzcGVjaWZ5ICdkZXYgdHVuJy4gKExheWVyLTMgSVAgUm91dGluZyBNb2RlKQ0KIw0KIyBUbyBjb25uZWN0IHRvIHRoZSBWUE4gU2VydmVyIGFzIGEgYnJpZGdpbmcgZXF1aXBtZW50IG9mICJTaXRlLXRvLVNpdGUgVlBOIiwNCiMgIHNwZWNpZnkgJ2RldiB0YXAnLiAoTGF5ZXItMiBFdGhlcm5ldCBCcmlkZ2luZSBNb2RlKQ0KDQpkZXYgdHVuDQoNCg0KIyMjIyMjIyMjIyMjIyMjIyMjIyMjIyMjIyMjIyMjIyMjIyMjIyMjIyMjIyMjIyMjIyMjIyMjIyMjIyMjIyMjIyMjIyMjIyMjIyMjIyMjIw0KIyBTcGVjaWZ5IHRoZSB1bmRlcmx5aW5nIHByb3RvY29sIGJleW9uZCB0aGUgSW50ZXJuZXQuDQojIE5vdGUgdGhhdCB0aGlzIHNldHRpbmcgbXVzdCBiZSBjb3JyZXNwb25kIHdpdGggdGhlIGxpc3RlbmluZyBzZXR0aW5nIG9uDQojIHRoZSBWUE4gU2VydmVyLg0KIyANCiMgU3BlY2lmeSBlaXRoZXIgJ3Byb3RvIHRjcCcgb3IgJ3Byb3RvIHVkcCcuDQoNCnByb3RvIHRjcA0KDQoNCiMjIyMjIyMjIyMjIyMjIyMjIyMjIyMjIyMjIyMjIyMjIyMjIyMjIyMjIyMjIyMjIyMjIyMjIyMjIyMjIyMjIyMjIyMjIyMjIyMjIyMjIyMNCiMgVGhlIGRlc3RpbmF0aW9uIGhvc3RuYW1lIC8gSVAgYWRkcmVzcywgYW5kIHBvcnQgbnVtYmVyIG9mDQojIHRoZSB0YXJnZXQgVlBOIFNlcnZlci4NCiMgDQojIFlvdSBoYXZlIHRvIHNwZWNpZnkgYXMgJ3JlbW90ZSA8SE9TVE5BTUU+IDxQT1JUPicuIFlvdSBjYW4gYWxzbw0KIyBzcGVjaWZ5IHRoZSBJUCBhZGRyZXNzIGluc3RlYWQgb2YgdGhlIGhvc3RuYW1lLg0KIyANCiMgTm90ZSB0aGF0IHRoZSBhdXRvLWdlbmVyYXRlZCBiZWxvdyBob3N0bmFtZSBhcmUgYSAiYXV0by1kZXRlY3RlZA0KIyBJUCBhZGRyZXNzIiBvZiB0aGUgVlBOIFNlcnZlci4gWW91IGhhdmUgdG8gY29uZmlybSB0aGUgY29ycmVjdG5lc3MNCiMgYmVmb3JlaGFuZC4NCiMgDQojIFdoZW4geW91IHdhbnQgdG8gY29ubmVjdCB0byB0aGUgVlBOIFNlcnZlciBieSB1c2luZyBUQ1AgcHJvdG9jb2wsDQojIHRoZSBwb3J0IG51bWJlciBvZiB0aGUgZGVzdGluYXRpb24gVENQIHBvcnQgc2hvdWxkIGJlIHNhbWUgYXMgb25lIG9mDQojIHRoZSBhdmFpbGFibGUgVENQIGxpc3RlbmVycyBvbiB0aGUgVlBOIFNlcnZlci4NCiMgDQojIFdoZW4geW91IHVzZSBVRFAgcHJvdG9jb2wsIHRoZSBwb3J0IG51bWJlciBtdXN0IHNhbWUgYXMgdGhlIGNvbmZpZ3VyYXRpb24NCiMgc2V0dGluZyBvZiAiT3BlblZQTiBTZXJ2ZXIgQ29tcGF0aWJsZSBGdW5jdGlvbiIgb24gdGhlIFZQTiBTZXJ2ZXIuDQoNCnJlbW90ZSAxODguMzIuMTY4LjEyOSA5OTUNCg0KDQojIyMjIyMjIyMjIyMjIyMjIyMjIyMjIyMjIyMjIyMjIyMjIyMjIyMjIyMjIyMjIyMjIyMjIyMjIyMjIyMjIyMjIyMjIyMjIyMjIyMjIyMjDQojIFRoZSBIVFRQL0hUVFBTIHByb3h5IHNldHRpbmcuDQojIA0KIyBPbmx5IGlmIHlvdSBoYXZlIHRvIHVzZSB0aGUgSW50ZXJuZXQgdmlhIGEgcHJveHksIHVuY29tbWVudCB0aGUgYmVsb3cNCiMgdHdvIGxpbmVzIGFuZCBzcGVjaWZ5IHRoZSBwcm94eSBhZGRyZXNzIGFuZCB0aGUgcG9ydCBudW1iZXIuDQojIEluIHRoZSBjYXNlIG9mIHVzaW5nIHByb3h5LWF1dGhlbnRpY2F0aW9uLCByZWZlciB0aGUgT3BlblZQTiBtYW51YWwuDQoNCjtodHRwLXByb3h5LXJldHJ5DQo7aHR0cC1wcm94eSBbcHJveHkgc2VydmVyXSBbcHJveHkgcG9ydF0NCg0KDQojIyMjIyMjIyMjIyMjIyMjIyMjIyMjIyMjIyMjIyMjIyMjIyMjIyMjIyMjIyMjIyMjIyMjIyMjIyMjIyMjIyMjIyMjIyMjIyMjIyMjIyMjDQojIFRoZSBlbmNyeXB0aW9uIGFuZCBhdXRoZW50aWNhdGlvbiBhbGdvcml0aG0uDQojIA0KIyBEZWZhdWx0IHNldHRpbmcgaXMgZ29vZC4gTW9kaWZ5IGl0IGFzIHlvdSBwcmVmZXIuDQojIFdoZW4geW91IHNwZWNpZnkgYW4gdW5zdXBwb3J0ZWQgYWxnb3JpdGhtLCB0aGUgZXJyb3Igd2lsbCBvY2N1ci4NCiMgDQojIFRoZSBzdXBwb3J0ZWQgYWxnb3JpdGhtcyBhcmUgYXMgZm9sbG93czoNCiMgIGNpcGhlcjogW05VTEwtQ0lQSEVSXSBOVUxMIEFFUy0xMjgtQ0JDIEFFUy0xOTItQ0JDIEFFUy0yNTYtQ0JDIEJGLUNCQw0KIyAgICAgICAgICBDQVNULUNCQyBDQVNUNS1DQkMgREVTLUNCQyBERVMtRURFLUNCQyBERVMtRURFMy1DQkMgREVTWC1DQkMNCiMgICAgICAgICAgUkMyLTQwLUNCQyBSQzItNjQtQ0JDIFJDMi1DQkMNCiMgIGF1dGg6ICAgU0hBIFNIQTEgTUQ1IE1ENCBSTUQxNjANCg0KY2lwaGVyIEFFUy0xMjgtQ0JDDQphdXRoIFNIQTENCg0KDQojIyMjIyMjIyMjIyMjIyMjIyMjIyMjIyMjIyMjIyMjIyMjIyMjIyMjIyMjIyMjIyMjIyMjIyMjIyMjIyMjIyMjIyMjIyMjIyMjIyMjIyMjDQojIE90aGVyIHBhcmFtZXRlcnMgbmVjZXNzYXJ5IHRvIGNvbm5lY3QgdG8gdGhlIFZQTiBTZXJ2ZXIuDQojIA0KIyBJdCBpcyBub3QgcmVjb21tZW5kZWQgdG8gbW9kaWZ5IGl0IHVubGVzcyB5b3UgaGF2ZSBhIHBhcnRpY3VsYXIgbmVlZC4NCg0KcmVzb2x2LXJldHJ5IGluZmluaXRlDQpub2JpbmQNCnBlcnNpc3Qta2V5DQpwZXJzaXN0LXR1bg0KY2xpZW50DQp2ZXJiIDMNCiNhdXRoLXVzZXItcGFzcw0KDQoNCiMjIyMjIyMjIyMjIyMjIyMjIyMjIyMjIyMjIyMjIyMjIyMjIyMjIyMjIyMjIyMjIyMjIyMjIyMjIyMjIyMjIyMjIyMjIyMjIyMjIyMjIyMNCiMgVGhlIGNlcnRpZmljYXRlIGZpbGUgb2YgdGhlIGRlc3RpbmF0aW9uIFZQTiBTZXJ2ZXIuDQojIA0KIyBUaGUgQ0EgY2VydGlmaWNhdGUgZmlsZSBpcyBlbWJlZGRlZCBpbiB0aGUgaW5saW5lIGZvcm1hdC4NCiMgWW91IGNhbiByZXBsYWNlIHRoaXMgQ0EgY29udGVudHMgaWYgbmVjZXNzYXJ5Lg0KIyBQbGVhc2Ugbm90ZSB0aGF0IGlmIHRoZSBzZXJ2ZXIgY2VydGlmaWNhdGUgaXMgbm90IGEgc2VsZi1zaWduZWQsIHlvdSBoYXZlIHRvDQojIHNwZWNpZnkgdGhlIHNpZ25lcidzIHJvb3QgY2VydGlmaWNhdGUgKENBKSBoZXJlLg0KDQo8Y2E+DQotLS0tLUJFR0lOIENFUlRJRklDQVRFLS0tLS0NCk1JSUZhekNDQTFPZ0F3SUJBZ0lSQUlJUXo3RFNRT05aUkdQZ3UyT0Npd0F3RFFZSktvWklodmNOQVFFTEJRQXcNClR6RUxNQWtHQTFVRUJoTUNWVk14S1RBbkJnTlZCQW9USUVsdWRHVnlibVYwSUZObFkzVnlhWFI1SUZKbGMyVmgNCmNtTm9JRWR5YjNWd01SVXdFd1lEVlFRREV3eEpVMUpISUZKdmIzUWdXREV3SGhjTk1UVXdOakEwTVRFd05ETTQNCldoY05NelV3TmpBME1URXdORE00V2pCUE1Rc3dDUVlEVlFRR0V3SlZVekVwTUNjR0ExVUVDaE1nU1c1MFpYSnUNClpYUWdVMlZqZFhKcGRIa2dVbVZ6WldGeVkyZ2dSM0p2ZFhBeEZUQVRCZ05WQkFNVERFbFRVa2NnVW05dmRDQlkNCk1UQ0NBaUl3RFFZSktvWklodmNOQVFFQkJRQURnZ0lQQURDQ0Fnb0NnZ0lCQUszb0pIUDBGRGZ6bTU0clZ5Z2MNCmg3N2N0OTg0a0l4dVBPWlhvSGozZGNLaS92VnFidllBVHlqYjNtaUdiRVNUdHJGai9SUVNhNzhmMHVveG15RisNCjBUTTh1a2oxM1huZnM3ai9FdkVobWt2QmlvWnhhVXBtWm15UGZqeHd2NjBwSWdiejVNRG1nSzdpUzQrM21YNlUNCkE1L1RSNWQ4bVVnalUrZzRyazhLYjRNdTBVbFhqSUIwdHRvdjBEaU5ld053SVJ0MThqQTgrbyt1M2RwanErc1cNClQ4S09FVXQrend2by83VjNMdlN5ZTByZ1RCSWxESENOQXltZzRWTWs3QlBaN2htL0VMTktqRCtKbzJGUjNxeUgNCkI1VDBZM0hzTHVKdlc1aUI0WWxjTkhsc2R1ODdrR0o1NXR1a21pOG14ZEFRNFE3ZTJSQ09GdnUzOTZqM3grVUMNCkI1aVBOZ2lWNStJM2xnMDJkWjc3RG5LeEhadThBL2xKQmRpQjNRVzBLdFpCNmF3QmRwVUtEOWpmMWIwU0h6VXYNCktCZHMwcGpCcUFsa2QyNUhON3JPckZsZWFKMS9jdGFKeFFaQktUNVpQdDBtOVNUSkVhZGFvMHhBSDBhaG1iV24NCk9sRnVoanVlZlhLbkVnVjRXZTArVVhnVkN3T1BqZEF2QmJJK2Uwb2NTM01GRXZ6RzZ1QlFFM3hEazNTenluVG4NCmpoOEJDTkF3MUZ0eE5yUUh1c0V3TUZ4SXQ0STdtS1o5WUlxaW95bUN6THE5Z3dRYm9vTURRYUhXQmZFYndyYncNCnFIeUdPMGFvU0NxSTNIYWFkcjhmYXFVOUdZL3JPUE5rM3NnckRRb28vL2ZiNGhWQzFDTFFKMTNoZWY0WTUzQ0kNCnJVN20yWXM2eHQwblVXNy92R1QxTTBOUEFnTUJBQUdqUWpCQU1BNEdBMVVkRHdFQi93UUVBd0lCQmpBUEJnTlYNCkhSTUJBZjhFQlRBREFRSC9NQjBHQTFVZERnUVdCQlI1dEZubWU3Ymw1QUZ6Z0FpSXlCcFk5dW1iYmpBTkJna3ENCmhraUc5dzBCQVFzRkFBT0NBZ0VBVlI5WXFieXlxRkRRRExIWUdta2dKeWtJckdGMVhJcHUrSUxsYVMvVjlsWkwNCnViaHpFRm5USVpkKzUweHgrN0xTWUswNXFBdnFGeUZXaGZGUURsbnJ6dUJaNmJySkZlK0duWStFZ1BiazZaR1ENCjNCZWJZaHRGOEdhVjBueHZ3dW83N3gvUHk5YXVKL0dwc01pdS9YMSttdm9pQk92LzJYL3FrU3Npc1JjT2ovS0sNCk5GdFkyUHdCeVZTNXVDYk1pb2d6aVV3dGhEeUMzKzZXVndXNkxMdjN4TGZIVGp1Q3ZqSElJbk56a3RIQ2dLUTUNCk9SQXpJNEpNUEorR3NsV1lIYjRwaG93aW01N2lhenRYT29Kd1Rkd0p4NG5MQ2dkTmJPaGRqc252enF2SHU3VXINClRrWFdTdEFtek9WeXlnaHFwWlhqRmFIM3BPM0pMRitsKy8rc0tBSXV2dGQ3dStOeGU1QVcwd2RlUmxOOE53ZEMNCmpOUEVscHpWbWJVcTRKVWFnRWl1VERrSHpzeEhwRktWSzdxNCs2M1NNMU45NVIxTmJkV2hzY2RDYitaQUp6VmMNCm95aTNCNDNualRPUTV5T2YrMUNjZVd4RzFiUVZzNVp1ZnBzTWxqcTRVaTAvMWx2aCt3akNoUDRrcUtPSjJxeHENCjRSZ3FzYWhEWVZ2VEg5dzdqWGJ5TGVpTmRkOFhNMnc5VS90N3kwRmYvOXlpMEdFNDRaYTRyRjJMTjlkMTFUUEENCm1SR3VuVUhCY25XRXZnSkJRbDluSkVpVTBac252Z2MvdWJoUGdYUlI0WHEzN1owajRyN2cxU2dFRXp3eEE1N2QNCmVteVB4Z2NZeG4vZVI0NC9LSjRFQnMrbFZEUjN2ZXlKbStrWFE5OWIyMS8ramg1WG9zMUFuWDVpSXRyZUdDYz0NCi0tLS0tRU5EIENFUlRJRklDQVRFLS0tLS0NCg0KPC9jYT4NCg0KDQojIyMjIyMjIyMjIyMjIyMjIyMjIyMjIyMjIyMjIyMjIyMjIyMjIyMjIyMjIyMjIyMjIyMjIyMjIyMjIyMjIyMjIyMjIyMjIyMjIyMjIyMjDQojIFRoZSBjbGllbnQgY2VydGlmaWNhdGUgZmlsZSAoZHVtbXkpLg0KIyANCiMgSW4gc29tZSBpbXBsZW1lbnRhdGlvbnMgb2YgT3BlblZQTiBDbGllbnQgc29mdHdhcmUNCiMgKGZvciBleGFtcGxlOiBPcGVuVlBOIENsaWVudCBmb3IgaU9TKSwNCiMgYSBwYWlyIG9mIGNsaWVudCBjZXJ0aWZpY2F0ZSBhbmQgcHJpdmF0ZSBrZXkgbXVzdCBiZSBpbmNsdWRlZCBvbiB0aGUNCiMgY29uZmlndXJhdGlvbiBmaWxlIGR1ZSB0byB0aGUgbGltaXRhdGlvbiBvZiB0aGUgY2xpZW50Lg0KIyBTbyB0aGlzIHNhbXBsZSBjb25maWd1cmF0aW9uIGZpbGUgaGFzIGEgZHVtbXkgcGFpciBvZiBjbGllbnQgY2VydGlmaWNhdGUNCiMgYW5kIHByaXZhdGUga2V5IGFzIGZvbGxvd3MuDQoNCjxjZXJ0Pg0KLS0tLS1CRUdJTiBDRVJUSUZJQ0FURS0tLS0tDQpNSUlDeGpDQ0FhNENBUUF3RFFZSktvWklodmNOQVFFRkJRQXdLVEVhTUJnR0ExVUVBeE1SVmxCT1IyRjBaVU5zDQphV1Z1ZEVObGNuUXhDekFKQmdOVkJBWVRBa3BRTUI0WERURXpNREl4TVRBek5EazBPVm9YRFRNM01ERXhPVEF6DQpNVFF3TjFvd0tURWFNQmdHQTFVRUF4TVJWbEJPUjJGMFpVTnNhV1Z1ZEVObGNuUXhDekFKQmdOVkJBWVRBa3BRDQpNSUlCSWpBTkJna3Foa2lHOXcwQkFRRUZBQU9DQVE4QU1JSUJDZ0tDQVFFQTVoMmxnUVFZVWp3b0tZSmJ6VlpBDQo1VmNJR2Q1b3RQYy9xWlJNdDBLSXRDRkEwczlSd1JlTlZhOWZEUkZMUkJoY0lUT2x2M0ZCY1czRThoMVVzN1JEDQo0VzhHbUplOHphcEpuTHNEMzlPU01SQ3paSm5jelc0T0NIMVBaUlpXS3FEdGpsTmNhOUFGOGE2NWpUbWxEeENRDQpDam50TElXazVPTExWa0Z0OS90U2NjMUdEdGNpNTVvZmhhTkFZTVBpSDdWOCsxZzY2cEdIWEFvV0s2QVFWSDY3DQpYQ0tKbkdCNW5sUStIc01ZUFYvTzQ5TGQ5MVpOLzJ0SGtjYUxMeU50eXd4VlBSU3NSaDQ4MGpqdTBmY0NzdjZoDQpwLzB5WG5UQi8vbVd1dEJHcGRVbElid2lJVGJBbXJzYlluamlnUnZuUHFYMVJOSlViaTlGcDZDMmMvSElGSkdEDQp5d0lEQVFBQk1BMEdDU3FHU0liM0RRRUJCUVVBQTRJQkFRQ2hPNWhnY3cvNG9XZm9FRkx1OWtCYTFCLy9reEg4DQpoUWtDaFZObjhCUkM3WTBVUlFpdFBsM0RLRWVkOVVSQkRkZzJLT0F6NzdiYjZFTlBpbGlEK2EzOFVKSElSTXFlDQpVQkhobGxPSEl6dkRoSEZiYW92QUxCUWNlZUJ6ZGtReHNLUUVTS21RbVI4MzI5NTBVQ292b3lSQjYxVXlBVjdoDQorbVpoWVBHUktYS1NKSTZzMEVnZy9DcmkrQ3drNGJqSmZyYjVoVnNlMTF5aDREOU1IaHdTZkNPSCswejRoUFVUDQpGa3U3ZEdhdlVSTzVTVnhNbi9zTDZFbjVEK29TZVhrYWRIcERzK0FpcnltMllIaDE1aDAralBTT29SNnlpVnAvDQo2elplWmtyTjQza3VTNzNLcEtERmpmRlBoOHQ0cjFnT0lqdHRrTmNRcUJjY3VzbnBsUTdISnBzaw0KLS0tLS1FTkQgQ0VSVElGSUNBVEUtLS0tLQ0KDQo8L2NlcnQ+DQoNCjxrZXk+DQotLS0tLUJFR0lOIFJTQSBQUklWQVRFIEtFWS0tLS0tDQpNSUlFcEFJQkFBS0NBUUVBNWgybGdRUVlVandvS1lKYnpWWkE1VmNJR2Q1b3RQYy9xWlJNdDBLSXRDRkEwczlSDQp3UmVOVmE5ZkRSRkxSQmhjSVRPbHYzRkJjVzNFOGgxVXM3UkQ0VzhHbUplOHphcEpuTHNEMzlPU01SQ3paSm5jDQp6VzRPQ0gxUFpSWldLcUR0amxOY2E5QUY4YTY1alRtbER4Q1FDam50TElXazVPTExWa0Z0OS90U2NjMUdEdGNpDQo1NW9maGFOQVlNUGlIN1Y4KzFnNjZwR0hYQW9XSzZBUVZINjdYQ0tKbkdCNW5sUStIc01ZUFYvTzQ5TGQ5MVpODQovMnRIa2NhTEx5TnR5d3hWUFJTc1JoNDgwamp1MGZjQ3N2NmhwLzB5WG5UQi8vbVd1dEJHcGRVbElid2lJVGJBDQptcnNiWW5qaWdSdm5QcVgxUk5KVWJpOUZwNkMyYy9ISUZKR0R5d0lEQVFBQkFvSUJBRVJWN1g1QXZ4QTh1UmlLDQprOFNJcHNEMGRYMXBKT01Jd2FrVVZ5dmM0RWZOMERoS1JOYjRyWW9TaUVHVEx5ekxweUJjL0EyOERsa201ZU9ZDQpmanpYZllrR3RZaS9GdHhrZzNPOXZjck1RNCs2aSt1R0hhSUwyckwrczRNcmZPOHYxeHY2K1dreTMzRUVHQ291DQpRaXdWR1JGUVhuUm9RNjJOQkNGYlVOTGhtWHdkajFha1p6TFU0cDVSNHpBM1FoZHh3RUlhdFZMdDArN293TFEzDQpsUDhzZlhocHBQT1hqVHFNRDRRa1l3elBBYTgvekY3YWNuNGtyeXJVUDdRNlBBZmQwekVWcU55OVpDWjlmZmhvDQp6WGVkRmo0ODZJRm9jNWduVHAyTjZqc25WajRMQ0dJaGxWSGxZR296S0tGcUpjUVZHc0hDcXExb3oyempXNkxTDQpvUllJSGdFQ2dZRUE4elpya0N3TllTWEp1T0RKM20vaE9MVnhjeGdKdXdYb2lFcldkMEU0MnZQYW5qalZNaG50DQpLWTVsOHFHTUo2RmhLOUxZeDJxQ3JmL0UwWHRVQVoyd1ZxM09SVHlHbnNNV3JlOXRMWXM1NVgrWk4xMFRjNzV6DQo0aGFjYlUwaHFLTjFIaURtc01SWTMvMk5hWkhveTdNS253SkpCYUc0OGw5Q0NUbFZ3TUhvY0lFQ2dZRUE4amJ5DQpkR2p4VEgrNlhIV05pemI1U1JiWnhBbnlFZUplUndUTWgwZ0d6d0dQcEgvc1pZR3p5dTBTeVNYV0NuWmgzUmdxDQo1dUxsTnh0clhybGpabHlpMm5RZFFnc3EyWXJXVXMwK3pnVSsyMnVRc1pwU0FmdG1oVnJ0dmV0Nk1qVmpiQnlZDQpEQURjaUVWVWRKWUlYaytxbkZVSnllcm9MSWtUajdXWUtaNlJqa3NDZ1lCb0NGSXdSRGVnNDJvSzg5UkZtbk9yDQpMeW1OQXE0KzJvTWhzV2xWYjRlaldJV2VBazluYytHWFVmclhzelJoUzAxbVVuVTVyNXlnVXZSY2FyVi9UM1U3DQpUbk1aK0k3WTREZ1dSSURkNTF6bmh4SUJ0WVY1ai9DL3Q4NUhqcU9rSCs4YjZSVGtiY2hhWDNtYXU3ZnBVZmRzDQpGcTBuaElxNDJmaEVPOHNyZllZd2dRS0JnUUN5aGkxTi84dGFSd3BrKzMvSURFelF3amJmZHpVa1dXU0RrOVhzDQpIL3BrdVJIV2ZUTVAzZmxXcUVZZ1cvTFc0MHBlVzJIRHE1aW1kVjgrQWdaeGUvWE1iYWppOUxnd2YxUlkwMDVuDQpLeGFaUXo3eXFIdXBXbExHRjY4RFBIeGtaVlZTYWdEblYvc3p0V1g2U0ZzQ3FGVm54SVhpZlhHQzRjVzVObTlnDQp2YThxNFFLQmdRQ0VoTFZlVWZkd0t2a1o5NGcvR0Z6NzMxWjJocmRWaGdNWmFVL3U2dDBWOTUrWWV6UE5DUVpCDQp3bUU5TW1sYnExZW1EZVJPaXZqQ2ZvR2hSM2taWFcxcFRLbExoNlpNVVFVT3BwdGRYdmE4WHhmb3FRd2EzZW5BDQpNN211QmJGMFhON1ZPODBpSlB2K1BtSVpkRUlBa3B3S2ZpMjAxWUIrQmFmQ0l1R3hJRjUwVmc9PQ0KLS0tLS1FTkQgUlNBIFBSSVZBVEUgS0VZLS0tLS0NCg0KPC9rZXk+DQoNCg==
vpn168754483,219.211.131.36,655827,10,93648356,Japan,JP,14,34472507,21849,7008067151246,2weeks,DESKTOP-GT9AUPO's owner,,IyMjIyMjIyMjIyMjIyMjIyMjIyMjIyMjIyMjIyMjIyMjIyMjIyMjIyMjIyMjIyMjIyMjIyMjIyMjIyMjIyMjIyMjIyMjIyMjIyMjIyMjIw0KIyBPcGVuVlBOIDIuMCBTYW1wbGUgQ29uZmlndXJhdGlvbiBGaWxlDQojIGZvciBQYWNrZXRpWCBWUE4gLyBTb2Z0RXRoZXIgVlBOIFNlcnZlcg0KIyANCiMgISEhIEFVVE8tR0VORVJBVEVEIEJZIFNPRlRFVEhFUiBWUE4gU0VSVkVSIE1BTkFHRU1FTlQgVE9PTCAhISENCiMgDQojICEhISBZT1UgSEFWRSBUTyBSRVZJRVcgSVQgQkVGT1JFIFVTRSBBTkQgTU9ESUZZIElUIEFTIE5FQ0VTU0FSWSAhISENCiMgDQojIFRoaXMgY29uZmlndXJhdGlvbiBmaWxlIGlzIGF1dG8tZ2VuZXJhdGVkLiBZb3UgbWlnaHQgdXNlIHRoaXMgY29uZmlnIGZpbGUNCiMgaW4gb3JkZXIgdG8gY29ubmVjdCB0byB0aGUgUGFja2V0aVggVlBOIC8gU29mdEV0aGVyIFZQTiBTZXJ2ZXIuDQojIEhvd2V2ZXIsIGJlZm9yZSB5b3UgdHJ5IGl0LCB5b3Ugc2hvdWxkIHJldmlldyB0aGUgZGVzY3JpcHRpb25zIG9mIHRoZSBmaWxlDQojIHRvIGRldGVybWluZSB0aGUgbmVjZXNzaXR5IHRvIG1vZGlmeSB0byBzdWl0YWJsZSBmb3IgeW91ciByZWFsIGVudmlyb25tZW50Lg0KIyBJZiBuZWNlc3NhcnksIHlvdSBoYXZlIHRvIG1vZGlmeSBhIGxpdHRsZSBhZGVxdWF0ZWx5IG9uIHRoZSBmaWxlLg0KIyBGb3IgZXhhbXBsZSwgdGhlIElQIGFkZHJlc3Mgb3IgdGhlIGhvc3RuYW1lIGFzIGEgZGVzdGluYXRpb24gVlBOIFNlcnZlcg0KIyBzaG91bGQgYmUgY29uZmlybWVkLg0KIyANCiMgTm90ZSB0aGF0IHRvIHVzZSBPcGVuVlBOIDIuMCwgeW91IGhhdmUgdG8gcHV0IHRoZSBjZXJ0aWZpY2F0aW9uIGZpbGUgb2YNCiMgdGhlIGRlc3RpbmF0aW9uIFZQTiBTZXJ2ZXIgb24gdGhlIE9wZW5WUE4gQ2xpZW50IGNvbXB1dGVyIHdoZW4geW91IHVzZSB0aGlzDQojIGNvbmZpZyBmaWxlLiBQbGVhc2UgcmVmZXIgdGhlIGJlbG93IGRlc2NyaXB0aW9ucyBjYXJlZnVsbHkuDQoNCg0KIyMjIyMjIyMjIyMjIyMjIyMjIyMjIyMjIyMjIyMjIyMjIyMjIyMjIyMjIyMjIyMjIyMjIyMjIyMjIyMjIyMjIyMjIyMjIyMjIyMjIyMjIw0KIyBTcGVjaWZ5IHRoZSB0eXBlIG9mIHRoZSBsYXllciBvZiB0aGUgVlBOIGNvbm5lY3Rpb24uDQojIA0KIyBUbyBjb25uZWN0IHRvIHRoZSBWUE4gU2VydmVyIGFzIGEgIlJlbW90ZS1BY2Nlc3MgVlBOIENsaWVudCBQQyIsDQojICBzcGVjaWZ5ICdkZXYgdHVuJy4gKExheWVyLTMgSVAgUm91dGluZyBNb2RlKQ0KIw0KIyBUbyBjb25uZWN0IHRvIHRoZSBWUE4gU2VydmVyIGFzIGEgYnJpZGdpbmcgZXF1aXBtZW50IG9mICJTaXRlLXRvLVNpdGUgVlBOIiwNCiMgIHNwZWNpZnkgJ2RldiB0YXAnLiAoTGF5ZXItMiBFdGhlcm5ldCBCcmlkZ2luZSBNb2RlKQ0KDQpkZXYgdHVuDQoNCg0KIyMjIyMjIyMjIyMjIyMjIyMjIyMjIyMjIyMjIyMjIyMjIyMjIyMjIyMjIyMjIyMjIyMjIyMjIyMjIyMjIyMjIyMjIyMjIyMjIyMjIyMjIw0KIyBTcGVjaWZ5IHRoZSB1bmRlcmx5aW5nIHByb3RvY29sIGJleW9uZCB0aGUgSW50ZXJuZXQuDQojIE5vdGUgdGhhdCB0aGlzIHNldHRpbmcgbXVzdCBiZSBjb3JyZXNwb25kIHdpdGggdGhlIGxpc3RlbmluZyBzZXR0aW5nIG9uDQojIHRoZSBWUE4gU2VydmVyLg0KIyANCiMgU3BlY2lmeSBlaXRoZXIgJ3Byb3RvIHRjcCcgb3IgJ3Byb3RvIHVkcCcuDQoNCnByb3RvIHRjcA0KDQoNCiMjIyMjIyMjIyMjIyMjIyMjIyMjIyMjIyMjIyMjIyMjIyMjIyMjIyMjIyMjIyMjIyMjIyMjIyMjIyMjIyMjIyMjIyMjIyMjIyMjIyMjIyMNCiMgVGhlIGRlc3RpbmF0aW9uIGhvc3RuYW1lIC8gSVAgYWRkcmVzcywgYW5kIHBvcnQgbnVtYmVyIG9mDQojIHRoZSB0YXJnZXQgVlBOIFNlcnZlci4NCiMgDQojIFlvdSBoYXZlIHRvIHNwZWNpZnkgYXMgJ3JlbW90ZSA8SE9TVE5BTUU+IDxQT1JUPicuIFlvdSBjYW4gYWxzbw0KIyBzcGVjaWZ5IHRoZSBJUCBhZGRyZXNzIGluc3RlYWQgb2YgdGhlIGhvc3RuYW1lLg0KIyANCiMgTm90ZSB0aGF0IHRoZSBhdXRvLWdlbmVyYXRlZCBiZWxvdyBob3N0bmFtZSBhcmUgYSAiYXV0by1kZXRlY3RlZA0KIyBJUCBhZGRyZXNzIiBvZiB0aGUgVlBOIFNlcnZlci4gWW91IGhhdmUgdG8gY29uZmlybSB0aGUgY29ycmVjdG5lc3MNCiMgYmVmb3JlaGFuZC4NCiMgDQojIFdoZW4geW91IHdhbnQgdG8gY29ubmVjdCB0byB0aGUgVlBOIFNlcnZlciBieSB1c2luZyBUQ1AgcHJvdG9jb2wsDQojIHRoZSBwb3J0IG51bWJlciBvZiB0aGUgZGVzdGluYXRpb24gVENQIHBvcnQgc2hvdWxkIGJlIHNhbWUgYXMgb25lIG9mDQojIHRoZSBhdmFpbGFibGUgVENQIGxpc3RlbmVycyBvbiB0aGUgVlBOIFNlcnZlci4NCiMgDQojIFdoZW4geW91IHVzZSBVRFAgcHJvdG9jb2wsIHRoZSBwb3J0IG51bWJlciBtdXN0IHNhbWUgYXMgdGhlIGNvbmZpZ3VyYXRpb24NCiMgc2V0dGluZyBvZiAiT3BlblZQTiBTZXJ2ZXIgQ29tcGF0aWJsZSBGdW5jdGlvbiIgb24gdGhlIFZQTiBTZXJ2ZXIuDQoNCnJlbW90ZSAyMTkuMjExLjEzMS4zNiAxOTc3DQoNCg0KIyMjIyMjIyMjIyMjIyMjIyMjIyMjIyMjIyMjIyMjIyMjIyMjIyMjIyMjIyMjIyMjIyMjIyMjIyMjIyMjIyMjIyMjIyMjIyMjIyMjIyMjIw0KIyBUaGUgSFRUUC9IVFRQUyBwcm94eSBzZXR0aW5nLg0KIyANCiMgT25seSBpZiB5b3UgaGF2ZSB0byB1c2UgdGhlIEludGVybmV0IHZpYSBhIHByb3h5LCB1bmNvbW1lbnQgdGhlIGJlbG93DQojIHR3byBsaW5lcyBhbmQgc3BlY2lmeSB0aGUgcHJveHkgYWRkcmVzcyBhbmQgdGhlIHBvcnQgbnVtYmVyLg0KIyBJbiB0aGUgY2FzZSBvZiB1c2luZyBwcm94eS1hdXRoZW50aWNhdGlvbiwgcmVmZXIgdGhlIE9wZW5WUE4gbWFudWFsLg0KDQo7aHR0cC1wcm94eS1yZXRyeQ0KO2h0dHAtcHJveHkgW3Byb3h5IHNlcnZlcl0gW3Byb3h5IHBvcnRdDQoNCg0KIyMjIyMjIyMjIyMjIyMjIyMjIyMjIyMjIyMjIyMjIyMjIyMjIyMjIyMjIyMjIyMjIyMjIyMjIyMjIyMjIyMjIyMjIyMjIyMjIyMjIyMjIw0KIyBUaGUgZW5jcnlwdGlvbiBhbmQgYXV0aGVudGljYXRpb24gYWxnb3JpdGhtLg0KIyANCiMgRGVmYXVsdCBzZXR0aW5nIGlzIGdvb2QuIE1vZGlmeSBpdCBhcyB5b3UgcHJlZmVyLg0KIyBXaGVuIHlvdSBzcGVjaWZ5IGFuIHVuc3VwcG9ydGVkIGFsZ29yaXRobSwgdGhlIGVycm9yIHdpbGwgb2NjdXIuDQojIA0KIyBUaGUgc3VwcG9ydGVkIGFsZ29yaXRobXMgYXJlIGFzIGZvbGxvd3M6DQojICBjaXBoZXI6IFtOVUxMLUNJUEhFUl0gTlVMTCBBRVMtMTI4LUNCQyBBRVMtMTkyLUNCQyBBRVMtMjU2LUNCQyBCRi1DQkMNCiMgICAgICAgICAgQ0FTVC1DQkMgQ0FTVDUtQ0JDIERFUy1DQkMgREVTLUVERS1DQkMgREVTLUVERTMtQ0JDIERFU1gtQ0JDDQojICAgICAgICAgIFJDMi00MC1DQkMgUkMyLTY0LUNCQyBSQzItQ0JDDQojICBhdXRoOiAgIFNIQSBTSEExIE1ENSBNRDQgUk1EMTYwDQoNCmNpcGhlciBBRVMtMTI4LUNCQw0KYXV0aCBTSEExDQoNCg0KIyMjIyMjIyMjIyMjIyMjIyMjIyMjIyMjIyMjIyMjIyMjIyMjIyMjIyMjIyMjIyMjIyMjIyMjIyMjIyMjIyMjIyMjIyMjIyMjIyMjIyMjIw0KIyBPdGhlciBwYXJhbWV0ZXJzIG5lY2Vzc2FyeSB0byBjb25uZWN0IHRvIHRoZSBWUE4gU2VydmVyLg0KIyANCiMgSXQgaXMgbm90IHJlY29tbWVuZGVkIHRvIG1vZGlmeSBpdCB1bmxlc3MgeW91IGhhdmUgYSBwYXJ0aWN1bGFyIG5lZWQuDQoNCnJlc29sdi1yZXRyeSBpbmZpbml0ZQ0Kbm9iaW5kDQpwZXJzaXN0LWtleQ0KcGVyc2lzdC10dW4NCmNsaWVudA0KdmVyYiAzDQojYXV0aC11c2VyLXBhc3MNCg0KDQojIyMjIyMjIyMjIyMjIyMjIyMjIyMjIyMjIyMjIyMjIyMjIyMjIyMjIyMjIyMjIyMjIyMjIyMjIyMjIyMjIyMjIyMjIyMjIyMjIyMjIyMjDQojIFRoZSBjZXJ0aWZpY2F0ZSBmaWxlIG9mIHRoZSBkZXN0aW5hdGlvbiBWUE4gU2VydmVyLg0KIyANCiMgVGhlIENBIGNlcnRpZmljYXRlIGZpbGUgaXMgZW1iZWRkZWQgaW4gdGhlIGlubGluZSBmb3JtYXQuDQojIFlvdSBjYW4gcmVwbGFjZSB0aGlzIENBIGNvbnRlbnRzIGlmIG5lY2Vzc2FyeS4NCiMgUGxlYXNlIG5vdGUgdGhhdCBpZiB0aGUgc2VydmVyIGNlcnRpZmljYXRlIGlzIG5vdCBhIHNlbGYtc2lnbmVkLCB5b3UgaGF2ZSB0bw0KIyBzcGVjaWZ5IHRoZSBzaWduZXIncyByb290IGNlcnRpZmljYXRlIChDQSkgaGVyZS4NCg0KPGNhPg0KLS0tLS1CRUdJTiBDRVJUSUZJQ0FURS0tLS0tDQpNSUlGYXpDQ0ExT2dBd0lCQWdJUkFJSVF6N0RTUU9OWlJHUGd1Mk9DaXdBd0RRWUpLb1pJaHZjTkFRRUxCUUF3DQpUekVMTUFrR0ExVUVCaE1DVlZNeEtUQW5CZ05WQkFvVElFbHVkR1Z5Ym1WMElGTmxZM1Z5YVhSNUlGSmxjMlZoDQpjbU5vSUVkeWIzVndNUlV3RXdZRFZRUURFd3hKVTFKSElGSnZiM1FnV0RFd0hoY05NVFV3TmpBME1URXdORE00DQpXaGNOTXpVd05qQTBNVEV3TkRNNFdqQlBNUXN3Q1FZRFZRUUdFd0pWVXpFcE1DY0dBMVVFQ2hNZ1NXNTBaWEp1DQpaWFFnVTJWamRYSnBkSGtnVW1WelpXRnlZMmdnUjNKdmRYQXhGVEFUQmdOVkJBTVRERWxUVWtjZ1VtOXZkQ0JZDQpNVENDQWlJd0RRWUpLb1pJaHZjTkFRRUJCUUFEZ2dJUEFEQ0NBZ29DZ2dJQkFLM29KSFAwRkRmem01NHJWeWdjDQpoNzdjdDk4NGtJeHVQT1pYb0hqM2RjS2kvdlZxYnZZQVR5amIzbWlHYkVTVHRyRmovUlFTYTc4ZjB1b3hteUYrDQowVE04dWtqMTNYbmZzN2ovRXZFaG1rdkJpb1p4YVVwbVpteVBmanh3djYwcElnYno1TURtZ0s3aVM0KzNtWDZVDQpBNS9UUjVkOG1VZ2pVK2c0cms4S2I0TXUwVWxYaklCMHR0b3YwRGlOZXdOd0lSdDE4akE4K28rdTNkcGpxK3NXDQpUOEtPRVV0K3p3dm8vN1YzTHZTeWUwcmdUQklsREhDTkF5bWc0Vk1rN0JQWjdobS9FTE5LakQrSm8yRlIzcXlIDQpCNVQwWTNIc0x1SnZXNWlCNFlsY05IbHNkdTg3a0dKNTV0dWttaThteGRBUTRRN2UyUkNPRnZ1Mzk2ajN4K1VDDQpCNWlQTmdpVjUrSTNsZzAyZFo3N0RuS3hIWnU4QS9sSkJkaUIzUVcwS3RaQjZhd0JkcFVLRDlqZjFiMFNIelV2DQpLQmRzMHBqQnFBbGtkMjVITjdyT3JGbGVhSjEvY3RhSnhRWkJLVDVaUHQwbTlTVEpFYWRhbzB4QUgwYWhtYlduDQpPbEZ1aGp1ZWZYS25FZ1Y0V2UwK1VYZ1ZDd09QamRBdkJiSStlMG9jUzNNRkV2ekc2dUJRRTN4RGszU3p5blRuDQpqaDhCQ05BdzFGdHhOclFIdXNFd01GeEl0NEk3bUtaOVlJcWlveW1DekxxOWd3UWJvb01EUWFIV0JmRWJ3cmJ3DQpxSHlHTzBhb1NDcUkzSGFhZHI4ZmFxVTlHWS9yT1BOazNzZ3JEUW9vLy9mYjRoVkMxQ0xRSjEzaGVmNFk1M0NJDQpyVTdtMllzNnh0MG5VVzcvdkdUMU0wTlBBZ01CQUFHalFqQkFNQTRHQTFVZER3RUIvd1FFQXdJQkJqQVBCZ05WDQpIUk1CQWY4RUJUQURBUUgvTUIwR0ExVWREZ1FXQkJSNXRGbm1lN2JsNUFGemdBaUl5QnBZOXVtYmJqQU5CZ2txDQpoa2lHOXcwQkFRc0ZBQU9DQWdFQVZSOVlxYnl5cUZEUURMSFlHbWtnSnlrSXJHRjFYSXB1K0lMbGFTL1Y5bFpMDQp1Ymh6RUZuVElaZCs1MHh4KzdMU1lLMDVxQXZxRnlGV2hmRlFEbG5yenVCWjZickpGZStHblkrRWdQYms2WkdRDQozQmViWWh0RjhHYVYwbnh2d3VvNzd4L1B5OWF1Si9HcHNNaXUvWDErbXZvaUJPdi8yWC9xa1NzaXNSY09qL0tLDQpORnRZMlB3QnlWUzV1Q2JNaW9nemlVd3RoRHlDMys2V1Z3VzZMTHYzeExmSFRqdUN2akhJSW5Oemt0SENnS1E1DQpPUkF6STRKTVBKK0dzbFdZSGI0cGhvd2ltNTdpYXp0WE9vSndUZHdKeDRuTENnZE5iT2hkanNudnpxdkh1N1VyDQpUa1hXU3RBbXpPVnl5Z2hxcFpYakZhSDNwTzNKTEYrbCsvK3NLQUl1dnRkN3UrTnhlNUFXMHdkZVJsTjhOd2RDDQpqTlBFbHB6Vm1iVXE0SlVhZ0VpdVREa0h6c3hIcEZLVks3cTQrNjNTTTFOOTVSMU5iZFdoc2NkQ2IrWkFKelZjDQpveWkzQjQzbmpUT1E1eU9mKzFDY2VXeEcxYlFWczVadWZwc01sanE0VWkwLzFsdmgrd2pDaFA0a3FLT0oycXhxDQo0Umdxc2FoRFlWdlRIOXc3alhieUxlaU5kZDhYTTJ3OVUvdDd5MEZmLzl5aTBHRTQ0WmE0ckYyTE45ZDExVFBBDQptUkd1blVIQmNuV0V2Z0pCUWw5bkpFaVUwWnNudmdjL3ViaFBnWFJSNFhxMzdaMGo0cjdnMVNnRUV6d3hBNTdkDQplbXlQeGdjWXhuL2VSNDQvS0o0RUJzK2xWRFIzdmV5Sm0ra1hROTliMjEvK2poNVhvczFBblg1aUl0cmVHQ2M9DQotLS0tLUVORCBDRVJUSUZJQ0FURS0tLS0tDQoNCjwvY2E+DQoNCg0KIyMjIyMjIyMjIyMjIyMjIyMjIyMjIyMjIyMjIyMjIyMjIyMjIyMjIyMjIyMjIyMjIyMjIyMjIyMjIyMjIyMjIyMjIyMjIyMjIyMjIyMjIw0KIyBUaGUgY2xpZW50IGNlcnRpZmljYXRlIGZpbGUgKGR1bW15KS4NCiMgDQojIEluIHNvbWUgaW1wbGVtZW50YXRpb25zIG9mIE9wZW5WUE4gQ2xpZW50IHNvZnR3YXJlDQojIChmb3IgZXhhbXBsZTogT3BlblZQTiBDbGllbnQgZm9yIGlPUyksDQojIGEgcGFpciBvZiBjbGllbnQgY2VydGlmaWNhdGUgYW5kIHByaXZhdGUga2V5IG11c3QgYmUgaW5jbHVkZWQgb24gdGhlDQojIGNvbmZpZ3VyYXRpb24gZmlsZSBkdWUgdG8gdGhlIGxpbWl0YXRpb24gb2YgdGhlIGNsaWVudC4NCiMgU28gdGhpcyBzYW1wbGUgY29uZmlndXJhdGlvbiBmaWxlIGhhcyBhIGR1bW15IHBhaXIgb2YgY2xpZW50IGNlcnRpZmljYXRlDQojIGFuZCBwcml2YXRlIGtleSBhcyBmb2xsb3dzLg0KDQo8Y2VydD4NCi0tLS0tQkVHSU4gQ0VSVElGSUNBVEUtLS0tLQ0KTUlJQ3hqQ0NBYTRDQVFBd0RRWUpLb1pJaHZjTkFRRUZCUUF3S1RFYU1CZ0dBMVVFQXhNUlZsQk9SMkYwWlVOcw0KYVdWdWRFTmxjblF4Q3pBSkJnTlZCQVlUQWtwUU1CNFhEVEV6TURJeE1UQXpORGswT1ZvWERUTTNNREV4T1RBeg0KTVRRd04xb3dLVEVhTUJnR0ExVUVBeE1SVmxCT1IyRjBaVU5zYVdWdWRFTmxjblF4Q3pBSkJnTlZCQVlUQWtwUQ0KTUlJQklqQU5CZ2txaGtpRzl3MEJBUUVGQUFPQ0FROEFNSUlCQ2dLQ0FRRUE1aDJsZ1FRWVVqd29LWUpielZaQQ0KNVZjSUdkNW90UGMvcVpSTXQwS0l0Q0ZBMHM5UndSZU5WYTlmRFJGTFJCaGNJVE9sdjNGQmNXM0U4aDFVczdSRA0KNFc4R21KZTh6YXBKbkxzRDM5T1NNUkN6WkpuY3pXNE9DSDFQWlJaV0txRHRqbE5jYTlBRjhhNjVqVG1sRHhDUQ0KQ2pudExJV2s1T0xMVmtGdDkvdFNjYzFHRHRjaTU1b2ZoYU5BWU1QaUg3VjgrMWc2NnBHSFhBb1dLNkFRVkg2Nw0KWENLSm5HQjVubFErSHNNWVBWL080OUxkOTFaTi8ydEhrY2FMTHlOdHl3eFZQUlNzUmg0ODBqanUwZmNDc3Y2aA0KcC8weVhuVEIvL21XdXRCR3BkVWxJYndpSVRiQW1yc2JZbmppZ1J2blBxWDFSTkpVYmk5RnA2QzJjL0hJRkpHRA0KeXdJREFRQUJNQTBHQ1NxR1NJYjNEUUVCQlFVQUE0SUJBUUNoTzVoZ2N3LzRvV2ZvRUZMdTlrQmExQi8va3hIOA0KaFFrQ2hWTm44QlJDN1kwVVJRaXRQbDNES0VlZDlVUkJEZGcyS09Bejc3YmI2RU5QaWxpRCthMzhVSkhJUk1xZQ0KVUJIaGxsT0hJenZEaEhGYmFvdkFMQlFjZWVCemRrUXhzS1FFU0ttUW1SODMyOTUwVUNvdm95UkI2MVV5QVY3aA0KK21aaFlQR1JLWEtTSkk2czBFZ2cvQ3JpK0N3azRiakpmcmI1aFZzZTExeWg0RDlNSGh3U2ZDT0grMHo0aFBVVA0KRmt1N2RHYXZVUk81U1Z4TW4vc0w2RW41RCtvU2VYa2FkSHBEcytBaXJ5bTJZSGgxNWgwK2pQU09vUjZ5aVZwLw0KNnpaZVprck40M2t1UzczS3BLREZqZkZQaDh0NHIxZ09JanR0a05jUXFCY2N1c25wbFE3SEpwc2sNCi0tLS0tRU5EIENFUlRJRklDQVRFLS0tLS0NCg0KPC9jZXJ0Pg0KDQo8a2V5Pg0KLS0tLS1CRUdJTiBSU0EgUFJJVkFURSBLRVktLS0tLQ0KTUlJRXBBSUJBQUtDQVFFQTVoMmxnUVFZVWp3b0tZSmJ6VlpBNVZjSUdkNW90UGMvcVpSTXQwS0l0Q0ZBMHM5Ug0Kd1JlTlZhOWZEUkZMUkJoY0lUT2x2M0ZCY1czRThoMVVzN1JENFc4R21KZTh6YXBKbkxzRDM5T1NNUkN6WkpuYw0Kelc0T0NIMVBaUlpXS3FEdGpsTmNhOUFGOGE2NWpUbWxEeENRQ2pudExJV2s1T0xMVmtGdDkvdFNjYzFHRHRjaQ0KNTVvZmhhTkFZTVBpSDdWOCsxZzY2cEdIWEFvV0s2QVFWSDY3WENLSm5HQjVubFErSHNNWVBWL080OUxkOTFaTg0KLzJ0SGtjYUxMeU50eXd4VlBSU3NSaDQ4MGpqdTBmY0NzdjZocC8weVhuVEIvL21XdXRCR3BkVWxJYndpSVRiQQ0KbXJzYlluamlnUnZuUHFYMVJOSlViaTlGcDZDMmMvSElGSkdEeXdJREFRQUJBb0lCQUVSVjdYNUF2eEE4dVJpSw0KazhTSXBzRDBkWDFwSk9NSXdha1VWeXZjNEVmTjBEaEtSTmI0cllvU2lFR1RMeXpMcHlCYy9BMjhEbGttNWVPWQ0KZmp6WGZZa0d0WWkvRnR4a2czTzl2Y3JNUTQrNmkrdUdIYUlMMnJMK3M0TXJmTzh2MXh2NitXa3kzM0VFR0NvdQ0KUWl3VkdSRlFYblJvUTYyTkJDRmJVTkxobVh3ZGoxYWtaekxVNHA1UjR6QTNRaGR4d0VJYXRWTHQwKzdvd0xRMw0KbFA4c2ZYaHBwUE9YalRxTUQ0UWtZd3pQQWE4L3pGN2FjbjRrcnlyVVA3UTZQQWZkMHpFVnFOeTlaQ1o5ZmZobw0KelhlZEZqNDg2SUZvYzVnblRwMk42anNuVmo0TENHSWhsVkhsWUdvektLRnFKY1FWR3NIQ3FxMW96MnpqVzZMUw0Kb1JZSUhnRUNnWUVBOHpacmtDd05ZU1hKdU9ESjNtL2hPTFZ4Y3hnSnV3WG9pRXJXZDBFNDJ2UGFuampWTWhudA0KS1k1bDhxR01KNkZoSzlMWXgycUNyZi9FMFh0VUFaMndWcTNPUlR5R25zTVdyZTl0TFlzNTVYK1pOMTBUYzc1eg0KNGhhY2JVMGhxS04xSGlEbXNNUlkzLzJOYVpIb3k3TUtud0pKQmFHNDhsOUNDVGxWd01Ib2NJRUNnWUVBOGpieQ0KZEdqeFRIKzZYSFdOaXpiNVNSYlp4QW55RWVKZVJ3VE1oMGdHendHUHBIL3NaWUd6eXUwU3lTWFdDblpoM1JncQ0KNXVMbE54dHJYcmxqWmx5aTJuUWRRZ3NxMllyV1VzMCt6Z1UrMjJ1UXNacFNBZnRtaFZydHZldDZNalZqYkJ5WQ0KREFEY2lFVlVkSllJWGsrcW5GVUp5ZXJvTElrVGo3V1lLWjZSamtzQ2dZQm9DRkl3UkRlZzQyb0s4OVJGbW5Pcg0KTHltTkFxNCsyb01oc1dsVmI0ZWpXSVdlQWs5bmMrR1hVZnJYc3pSaFMwMW1VblU1cjV5Z1V2UmNhclYvVDNVNw0KVG5NWitJN1k0RGdXUklEZDUxem5oeElCdFlWNWovQy90ODVIanFPa0grOGI2UlRrYmNoYVgzbWF1N2ZwVWZkcw0KRnEwbmhJcTQyZmhFTzhzcmZZWXdnUUtCZ1FDeWhpMU4vOHRhUndwayszL0lERXpRd2piZmR6VWtXV1NEazlYcw0KSC9wa3VSSFdmVE1QM2ZsV3FFWWdXL0xXNDBwZVcySERxNWltZFY4K0FnWnhlL1hNYmFqaTlMZ3dmMVJZMDA1bg0KS3hhWlF6N3lxSHVwV2xMR0Y2OERQSHhrWlZWU2FnRG5WL3N6dFdYNlNGc0NxRlZueElYaWZYR0M0Y1c1Tm05Zw0KdmE4cTRRS0JnUUNFaExWZVVmZHdLdmtaOTRnL0dGejczMVoyaHJkVmhnTVphVS91NnQwVjk1K1llelBOQ1FaQg0Kd21FOU1tbGJxMWVtRGVST2l2akNmb0doUjNrWlhXMXBUS2xMaDZaTVVRVU9wcHRkWHZhOFh4Zm9xUXdhM2VuQQ0KTTdtdUJiRjBYTjdWTzgwaUpQditQbUlaZEVJQWtwd0tmaTIwMVlCK0JhZkNJdUd4SUY1MFZnPT0NCi0tLS0tRU5EIFJTQSBQUklWQVRFIEtFWS0tLS0tDQoNCjwva2V5Pg0KDQo=
vpn121508352,119.231.30.62,653651,2,429829304,Japan,JP,5,0,6141,877196865964,2weeks,YY-PC's owner,,IyMjIyMjIyMjIyMjIyMjIyMjIyMjIyMjIyMjIyMjIyMjIyMjIyMjIyMjIyMjIyMjIyMjIyMjIyMjIyMjIyMjIyMjIyMjIyMjIyMjIyMjIw0KIyBPcGVuVlBOIDIuMCBTYW1wbGUgQ29uZmlndXJhdGlvbiBGaWxlDQojIGZvciBQYWNrZXRpWCBWUE4gLyBTb2Z0RXRoZXIgVlBOIFNlcnZlcg0KIyANCiMgISEhIEFVVE8tR0VORVJBVEVEIEJZIFNPRlRFVEhFUiBWUE4gU0VSVkVSIE1BTkFHRU1FTlQgVE9PTCAhISENCiMgDQojICEhISBZT1UgSEFWRSBUTyBSRVZJRVcgSVQgQkVGT1JFIFVTRSBBTkQgTU9ESUZZIElUIEFTIE5FQ0VTU0FSWSAhISENCiMgDQojIFRoaXMgY29uZmlndXJhdGlvbiBmaWxlIGlzIGF1dG8tZ2VuZXJhdGVkLiBZb3UgbWlnaHQgdXNlIHRoaXMgY29uZmlnIGZpbGUNCiMgaW4gb3JkZXIgdG8gY29ubmVjdCB0byB0aGUgUGFja2V0aVggVlBOIC8gU29mdEV0aGVyIFZQTiBTZXJ2ZXIuDQojIEhvd2V2ZXIsIGJlZm9yZSB5b3UgdHJ5IGl0LCB5b3Ugc2hvdWxkIHJldmlldyB0aGUgZGVzY3JpcHRpb25zIG9mIHRoZSBmaWxlDQojIHRvIGRldGVybWluZSB0aGUgbmVjZXNzaXR5IHRvIG1vZGlmeSB0byBzdWl0YWJsZSBmb3IgeW91ciByZWFsIGVudmlyb25tZW50Lg0KIyBJZiBuZWNlc3NhcnksIHlvdSBoYXZlIHRvIG1vZGlmeSBhIGxpdHRsZSBhZGVxdWF0ZWx5IG9uIHRoZSBmaWxlLg0KIyBGb3IgZXhhbXBsZSwgdGhlIElQIGFkZHJlc3Mgb3IgdGhlIGhvc3RuYW1lIGFzIGEgZGVzdGluYXRpb24gVlBOIFNlcnZlcg0KIyBzaG91bGQgYmUgY29uZmlybWVkLg0KIyANCiMgTm90ZSB0aGF0IHRvIHVzZSBPcGVuVlBOIDIuMCwgeW91IGhhdmUgdG8gcHV0IHRoZSBjZXJ0aWZpY2F0aW9uIGZpbGUgb2YNCiMgdGhlIGRlc3RpbmF0aW9uIFZQTiBTZXJ2ZXIgb24gdGhlIE9wZW5WUE4gQ2xpZW50IGNvbXB1dGVyIHdoZW4geW91IHVzZSB0aGlzDQojIGNvbmZpZyBmaWxlLiBQbGVhc2UgcmVmZXIgdGhlIGJlbG93IGRlc2NyaXB0aW9ucyBjYXJlZnVsbHkuDQoNCg0KIyMjIyMjIyMjIyMjIyMjIyMjIyMjIyMjIyMjIyMjIyMjIyMjIyMjIyMjIyMjIyMjIyMjIyMjIyMjIyMjIyMjIyMjIyMjIyMjIyMjIyMjIw0KIyBTcGVjaWZ5IHRoZSB0eXBlIG9mIHRoZSBsYXllciBvZiB0aGUgVlBOIGNvbm5lY3Rpb24uDQojIA0KIyBUbyBjb25uZWN0IHRvIHRoZSBWUE4gU2VydmVyIGFzIGEgIlJlbW90ZS1BY2Nlc3MgVlBOIENsaWVudCBQQyIsDQojICBzcGVjaWZ5ICdkZXYgdHVuJy4gKExheWVyLTMgSVAgUm91dGluZyBNb2RlKQ0KIw0KIyBUbyBjb25uZWN0IHRvIHRoZSBWUE4gU2VydmVyIGFzIGEgYnJpZGdpbmcgZXF1aXBtZW50IG9mICJTaXRlLXRvLVNpdGUgVlBOIiwNCiMgIHNwZWNpZnkgJ2RldiB0YXAnLiAoTGF5ZXItMiBFdGhlcm5ldCBCcmlkZ2luZSBNb2RlKQ0KDQpkZXYgdHVuDQoNCg0KIyMjIyMjIyMjIyMjIyMjIyMjIyMjIyMjIyMjIyMjIyMjIyMjIyMjIyMjIyMjIyMjIyMjIyMjIyMjIyMjIyMjIyMjIyMjIyMjIyMjIyMjIw0KIyBTcGVjaWZ5IHRoZSB1bmRlcmx5aW5nIHByb3RvY29sIGJleW9uZCB0aGUgSW50ZXJuZXQuDQojIE5vdGUgdGhhdCB0aGlzIHNldHRpbmcgbXVzdCBiZSBjb3JyZXNwb25kIHdpdGggdGhlIGxpc3RlbmluZyBzZXR0aW5nIG9uDQojIHRoZSBWUE4gU2VydmVyLg0KIyANCiMgU3BlY2lmeSBlaXRoZXIgJ3Byb3RvIHRjcCcgb3IgJ3Byb3RvIHVkcCcuDQoNCnByb3RvIHRjcA0KDQoNCiMjIyMjIyMjIyMjIyMjIyMjIyMjIyMjIyMjIyMjIyMjIyMjIyMjIyMjIyMjIyMjIyMjIyMjIyMjIyMjIyMjIyMjIyMjIyMjIyMjIyMjIyMNCiMgVGhlIGRlc3RpbmF0aW9uIGhvc3RuYW1lIC8gSVAgYWRkcmVzcywgYW5kIHBvcnQgbnVtYmVyIG9mDQojIHRoZSB0YXJnZXQgVlBOIFNlcnZlci4NCiMgDQojIFlvdSBoYXZlIHRvIHNwZWNpZnkgYXMgJ3JlbW90ZSA8SE9TVE5BTUU+IDxQT1JUPicuIFlvdSBjYW4gYWxzbw0KIyBzcGVjaWZ5IHRoZSBJUCBhZGRyZXNzIGluc3RlYWQgb2YgdGhlIGhvc3RuYW1lLg0KIyANCiMgTm90ZSB0aGF0IHRoZSBhdXRvLWdlbmVyYXRlZCBiZWxvdyBob3N0bmFtZSBhcmUgYSAiYXV0by1kZXRlY3RlZA0KIyBJUCBhZGRyZXNzIiBvZiB0aGUgVlBOIFNlcnZlci4gWW91IGhhdmUgdG8gY29uZmlybSB0aGUgY29ycmVjdG5lc3MNCiMgYmVmb3JlaGFuZC4NCiMgDQojIFdoZW4geW91IHdhbnQgdG8gY29ubmVjdCB0byB0aGUgVlBOIFNlcnZlciBieSB1c2luZyBUQ1AgcHJvdG9jb2wsDQojIHRoZSBwb3J0IG51bWJlciBvZiB0aGUgZGVzdGluYXRpb24gVENQIHBvcnQgc2hvdWxkIGJlIHNhbWUgYXMgb25lIG9mDQojIHRoZSBhdmFpbGFibGUgVENQIGxpc3RlbmVycyBvbiB0aGUgVlBOIFNlcnZlci4NCiMgDQojIFdoZW4geW91IHVzZSBVRFAgcHJvdG9jb2wsIHRoZSBwb3J0IG51bWJlciBtdXN0IHNhbWUgYXMgdGhlIGNvbmZpZ3VyYXRpb24NCiMgc2V0dGluZyBvZiAiT3BlblZQTiBTZXJ2ZXIgQ29tcGF0aWJsZSBGdW5jdGlvbiIgb24gdGhlIFZQTiBTZXJ2ZXIuDQoNCnJlbW90ZSAxMTkuMjMxLjMwLjYyIDE3OTcNCg0KDQojIyMjIyMjIyMjIyMjIyMjIyMjIyMjIyMjIyMjIyMjIyMjIyMjIyMjIyMjIyMjIyMjIyMjIyMjIyMjIyMjIyMjIyMjIyMjIyMjIyMjIyMjDQojIFRoZSBIVFRQL0hUVFBTIHByb3h5IHNldHRpbmcuDQojIA0KIyBPbmx5IGlmIHlvdSBoYXZlIHRvIHVzZSB0aGUgSW50ZXJuZXQgdmlhIGEgcHJveHksIHVuY29tbWVudCB0aGUgYmVsb3cNCiMgdHdvIGxpbmVzIGFuZCBzcGVjaWZ5IHRoZSBwcm94eSBhZGRyZXNzIGFuZCB0aGUgcG9ydCBudW1iZXIuDQojIEluIHRoZSBjYXNlIG9mIHVzaW5nIHByb3h5LWF1dGhlbnRpY2F0aW9uLCByZWZlciB0aGUgT3BlblZQTiBtYW51YWwuDQoNCjtodHRwLXByb3h5LXJldHJ5DQo7aHR0cC1wcm94eSBbcHJveHkgc2VydmVyXSBbcHJveHkgcG9ydF0NCg0KDQojIyMjIyMjIyMjIyMjIyMjIyMjIyMjIyMjIyMjIyMjIyMjIyMjIyMjIyMjIyMjIyMjIyMjIyMjIyMjIyMjIyMjIyMjIyMjIyMjIyMjIyMjDQojIFRoZSBlbmNyeXB0aW9uIGFuZCBhdXRoZW50aWNhdGlvbiBhbGdvcml0aG0uDQojIA0KIyBEZWZhdWx0IHNldHRpbmcgaXMgZ29vZC4gTW9kaWZ5IGl0IGFzIHlvdSBwcmVmZXIuDQojIFdoZW4geW91IHNwZWNpZnkgYW4gdW5zdXBwb3J0ZWQgYWxnb3JpdGhtLCB0aGUgZXJyb3Igd2lsbCBvY2N1ci4NCiMgDQojIFRoZSBzdXBwb3J0ZWQgYWxnb3JpdGhtcyBhcmUgYXMgZm9sbG93czoNCiMgIGNpcGhlcjogW05VTEwtQ0lQSEVSXSBOVUxMIEFFUy0xMjgtQ0JDIEFFUy0xOTItQ0JDIEFFUy0yNTYtQ0JDIEJGLUNCQw0KIyAgICAgICAgICBDQVNULUNCQyBDQVNUNS1DQkMgREVTLUNCQyBERVMtRURFLUNCQyBERVMtRURFMy1DQkMgREVTWC1DQkMNCiMgICAgICAgICAgUkMyLTQwLUNCQyBSQzItNjQtQ0JDIFJDMi1DQkMNCiMgIGF1dGg6ICAgU0hBIFNIQTEgTUQ1IE1ENCBSTUQxNjANCg0KY2lwaGVyIEFFUy0xMjgtQ0JDDQphdXRoIFNIQTENCg0KDQojIyMjIyMjIyMjIyMjIyMjIyMjIyMjIyMjIyMjIyMjIyMjIyMjIyMjIyMjIyMjIyMjIyMjIyMjIyMjIyMjIyMjIyMjIyMjIyMjIyMjIyMjDQojIE90aGVyIHBhcmFtZXRlcnMgbmVjZXNzYXJ5IHRvIGNvbm5lY3QgdG8gdGhlIFZQTiBTZXJ2ZXIuDQojIA0KIyBJdCBpcyBub3QgcmVjb21tZW5kZWQgdG8gbW9kaWZ5IGl0IHVubGVzcyB5b3UgaGF2ZSBhIHBhcnRpY3VsYXIgbmVlZC4NCg0KcmVzb2x2LXJldHJ5IGluZmluaXRlDQpub2JpbmQNCnBlcnNpc3Qta2V5DQpwZXJzaXN0LXR1bg0KY2xpZW50DQp2ZXJiIDMNCiNhdXRoLXVzZXItcGFzcw0KDQoNCiMjIyMjIyMjIyMjIyMjIyMjIyMjIyMjIyMjIyMjIyMjIyMjIyMjIyMjIyMjIyMjIyMjIyMjIyMjIyMjIyMjIyMjIyMjIyMjIyMjIyMjIyMNCiMgVGhlIGNlcnRpZmljYXRlIGZpbGUgb2YgdGhlIGRlc3RpbmF0aW9uIFZQTiBTZXJ2ZXIuDQojIA0KIyBUaGUgQ0EgY2VydGlmaWNhdGUgZmlsZSBpcyBlbWJlZGRlZCBpbiB0aGUgaW5saW5lIGZvcm1hdC4NCiMgWW91IGNhbiByZXBsYWNlIHRoaXMgQ0EgY29udGVudHMgaWYgbmVjZXNzYXJ5Lg0KIyBQbGVhc2Ugbm90ZSB0aGF0IGlmIHRoZSBzZXJ2ZXIgY2VydGlmaWNhdGUgaXMgbm90IGEgc2VsZi1zaWduZWQsIHlvdSBoYXZlIHRvDQojIHNwZWNpZnkgdGhlIHNpZ25lcidzIHJvb3QgY2VydGlmaWNhdGUgKENBKSBoZXJlLg0KDQo8Y2E+DQotLS0tLUJFR0lOIENFUlRJRklDQVRFLS0tLS0NCk1JSUZhekNDQTFPZ0F3SUJBZ0lSQUlJUXo3RFNRT05aUkdQZ3UyT0Npd0F3RFFZSktvWklodmNOQVFFTEJRQXcNClR6RUxNQWtHQTFVRUJoTUNWVk14S1RBbkJnTlZCQW9USUVsdWRHVnlibVYwSUZObFkzVnlhWFI1SUZKbGMyVmgNCmNtTm9JRWR5YjNWd01SVXdFd1lEVlFRREV3eEpVMUpISUZKdmIzUWdXREV3SGhjTk1UVXdOakEwTVRFd05ETTQNCldoY05NelV3TmpBME1URXdORE00V2pCUE1Rc3dDUVlEVlFRR0V3SlZVekVwTUNjR0ExVUVDaE1nU1c1MFpYSnUNClpYUWdVMlZqZFhKcGRIa2dVbVZ6WldGeVkyZ2dSM0p2ZFhBeEZUQVRCZ05WQkFNVERFbFRVa2NnVW05dmRDQlkNCk1UQ0NBaUl3RFFZSktvWklodmNOQVFFQkJRQURnZ0lQQURDQ0Fnb0NnZ0lCQUszb0pIUDBGRGZ6bTU0clZ5Z2MNCmg3N2N0OTg0a0l4dVBPWlhvSGozZGNLaS92VnFidllBVHlqYjNtaUdiRVNUdHJGai9SUVNhNzhmMHVveG15RisNCjBUTTh1a2oxM1huZnM3ai9FdkVobWt2QmlvWnhhVXBtWm15UGZqeHd2NjBwSWdiejVNRG1nSzdpUzQrM21YNlUNCkE1L1RSNWQ4bVVnalUrZzRyazhLYjRNdTBVbFhqSUIwdHRvdjBEaU5ld053SVJ0MThqQTgrbyt1M2RwanErc1cNClQ4S09FVXQrend2by83VjNMdlN5ZTByZ1RCSWxESENOQXltZzRWTWs3QlBaN2htL0VMTktqRCtKbzJGUjNxeUgNCkI1VDBZM0hzTHVKdlc1aUI0WWxjTkhsc2R1ODdrR0o1NXR1a21pOG14ZEFRNFE3ZTJSQ09GdnUzOTZqM3grVUMNCkI1aVBOZ2lWNStJM2xnMDJkWjc3RG5LeEhadThBL2xKQmRpQjNRVzBLdFpCNmF3QmRwVUtEOWpmMWIwU0h6VXYNCktCZHMwcGpCcUFsa2QyNUhON3JPckZsZWFKMS9jdGFKeFFaQktUNVpQdDBtOVNUSkVhZGFvMHhBSDBhaG1iV24NCk9sRnVoanVlZlhLbkVnVjRXZTArVVhnVkN3T1BqZEF2QmJJK2Uwb2NTM01GRXZ6RzZ1QlFFM3hEazNTenluVG4NCmpoOEJDTkF3MUZ0eE5yUUh1c0V3TUZ4SXQ0STdtS1o5WUlxaW95bUN6THE5Z3dRYm9vTURRYUhXQmZFYndyYncNCnFIeUdPMGFvU0NxSTNIYWFkcjhmYXFVOUdZL3JPUE5rM3NnckRRb28vL2ZiNGhWQzFDTFFKMTNoZWY0WTUzQ0kNCnJVN20yWXM2eHQwblVXNy92R1QxTTBOUEFnTUJBQUdqUWpCQU1BNEdBMVVkRHdFQi93UUVBd0lCQmpBUEJnTlYNCkhSTUJBZjhFQlRBREFRSC9NQjBHQTFVZERnUVdCQlI1dEZubWU3Ymw1QUZ6Z0FpSXlCcFk5dW1iYmpBTkJna3ENCmhraUc5dzBCQVFzRkFBT0NBZ0VBVlI5WXFieXlxRkRRRExIWUdta2dKeWtJckdGMVhJcHUrSUxsYVMvVjlsWkwNCnViaHpFRm5USVpkKzUweHgrN0xTWUswNXFBdnFGeUZXaGZGUURsbnJ6dUJaNmJySkZlK0duWStFZ1BiazZaR1ENCjNCZWJZaHRGOEdhVjBueHZ3dW83N3gvUHk5YXVKL0dwc01pdS9YMSttdm9pQk92LzJYL3FrU3Npc1JjT2ovS0sNCk5GdFkyUHdCeVZTNXVDYk1pb2d6aVV3dGhEeUMzKzZXVndXNkxMdjN4TGZIVGp1Q3ZqSElJbk56a3RIQ2dLUTUNCk9SQXpJNEpNUEorR3NsV1lIYjRwaG93aW01N2lhenRYT29Kd1Rkd0p4NG5MQ2dkTmJPaGRqc252enF2SHU3VXINClRrWFdTdEFtek9WeXlnaHFwWlhqRmFIM3BPM0pMRitsKy8rc0tBSXV2dGQ3dStOeGU1QVcwd2RlUmxOOE53ZEMNCmpOUEVscHpWbWJVcTRKVWFnRWl1VERrSHpzeEhwRktWSzdxNCs2M1NNMU45NVIxTmJkV2hzY2RDYitaQUp6VmMNCm95aTNCNDNualRPUTV5T2YrMUNjZVd4RzFiUVZzNVp1ZnBzTWxqcTRVaTAvMWx2aCt3akNoUDRrcUtPSjJxeHENCjRSZ3FzYWhEWVZ2VEg5dzdqWGJ5TGVpTmRkOFhNMnc5VS90N3kwRmYvOXlpMEdFNDRaYTRyRjJMTjlkMTFUUEENCm1SR3VuVUhCY25XRXZnSkJRbDluSkVpVTBac252Z2MvdWJoUGdYUlI0WHEzN1owajRyN2cxU2dFRXp3eEE1N2QNCmVteVB4Z2NZeG4vZVI0NC9LSjRFQnMrbFZEUjN2ZXlKbStrWFE5OWIyMS8ramg1WG9zMUFuWDVpSXRyZUdDYz0NCi0tLS0tRU5EIENFUlRJRklDQVRFLS0tLS0NCg0KPC9jYT4NCg0KDQojIyMjIyMjIyMjIyMjIyMjIyMjIyMjIyMjIyMjIyMjIyMjIyMjIyMjIyMjIyMjIyMjIyMjIyMjIyMjIyMjIyMjIyMjIyMjIyMjIyMjIyMjDQojIFRoZSBjbGllbnQgY2VydGlmaWNhdGUgZmlsZSAoZHVtbXkpLg0KIyANCiMgSW4gc29tZSBpbXBsZW1lbnRhdGlvbnMgb2YgT3BlblZQTiBDbGllbnQgc29mdHdhcmUNCiMgKGZvciBleGFtcGxlOiBPcGVuVlBOIENsaWVudCBmb3IgaU9TKSwNCiMgYSBwYWlyIG9mIGNsaWVudCBjZXJ0aWZpY2F0ZSBhbmQgcHJpdmF0ZSBrZXkgbXVzdCBiZSBpbmNsdWRlZCBvbiB0aGUNCiMgY29uZmlndXJhdGlvbiBmaWxlIGR1ZSB0byB0aGUgbGltaXRhdGlvbiBvZiB0aGUgY2xpZW50Lg0KIyBTbyB0aGlzIHNhbXBsZSBjb25maWd1cmF0aW9uIGZpbGUgaGFzIGEgZHVtbXkgcGFpciBvZiBjbGllbnQgY2VydGlmaWNhdGUNCiMgYW5kIHByaXZhdGUga2V5IGFzIGZvbGxvd3MuDQoNCjxjZXJ0Pg0KLS0tLS1CRUdJTiBDRVJUSUZJQ0FURS0tLS0tDQpNSUlDeGpDQ0FhNENBUUF3RFFZSktvWklodmNOQVFFRkJRQXdLVEVhTUJnR0ExVUVBeE1SVmxCT1IyRjBaVU5zDQphV1Z1ZEVObGNuUXhDekFKQmdOVkJBWVRBa3BRTUI0WERURXpNREl4TVRBek5EazBPVm9YRFRNM01ERXhPVEF6DQpNVFF3TjFvd0tURWFNQmdHQTFVRUF4TVJWbEJPUjJGMFpVTnNhV1Z1ZEVObGNuUXhDekFKQmdOVkJBWVRBa3BRDQpNSUlCSWpBTkJna3Foa2lHOXcwQkFRRUZBQU9DQVE4QU1JSUJDZ0tDQVFFQTVoMmxnUVFZVWp3b0tZSmJ6VlpBDQo1VmNJR2Q1b3RQYy9xWlJNdDBLSXRDRkEwczlSd1JlTlZhOWZEUkZMUkJoY0lUT2x2M0ZCY1czRThoMVVzN1JEDQo0VzhHbUplOHphcEpuTHNEMzlPU01SQ3paSm5jelc0T0NIMVBaUlpXS3FEdGpsTmNhOUFGOGE2NWpUbWxEeENRDQpDam50TElXazVPTExWa0Z0OS90U2NjMUdEdGNpNTVvZmhhTkFZTVBpSDdWOCsxZzY2cEdIWEFvV0s2QVFWSDY3DQpYQ0tKbkdCNW5sUStIc01ZUFYvTzQ5TGQ5MVpOLzJ0SGtjYUxMeU50eXd4VlBSU3NSaDQ4MGpqdTBmY0NzdjZoDQpwLzB5WG5UQi8vbVd1dEJHcGRVbElid2lJVGJBbXJzYlluamlnUnZuUHFYMVJOSlViaTlGcDZDMmMvSElGSkdEDQp5d0lEQVFBQk1BMEdDU3FHU0liM0RRRUJCUVVBQTRJQkFRQ2hPNWhnY3cvNG9XZm9FRkx1OWtCYTFCLy9reEg4DQpoUWtDaFZObjhCUkM3WTBVUlFpdFBsM0RLRWVkOVVSQkRkZzJLT0F6NzdiYjZFTlBpbGlEK2EzOFVKSElSTXFlDQpVQkhobGxPSEl6dkRoSEZiYW92QUxCUWNlZUJ6ZGtReHNLUUVTS21RbVI4MzI5NTBVQ292b3lSQjYxVXlBVjdoDQorbVpoWVBHUktYS1NKSTZzMEVnZy9DcmkrQ3drNGJqSmZyYjVoVnNlMTF5aDREOU1IaHdTZkNPSCswejRoUFVUDQpGa3U3ZEdhdlVSTzVTVnhNbi9zTDZFbjVEK29TZVhrYWRIcERzK0FpcnltMllIaDE1aDAralBTT29SNnlpVnAvDQo2elplWmtyTjQza3VTNzNLcEtERmpmRlBoOHQ0cjFnT0lqdHRrTmNRcUJjY3VzbnBsUTdISnBzaw0KLS0tLS1FTkQgQ0VSVElGSUNBVEUtLS0tLQ0KDQo8L2NlcnQ+DQoNCjxrZXk+DQotLS0tLUJFR0lOIFJTQSBQUklWQVRFIEtFWS0tLS0tDQpNSUlFcEFJQkFBS0NBUUVBNWgybGdRUVlVandvS1lKYnpWWkE1VmNJR2Q1b3RQYy9xWlJNdDBLSXRDRkEwczlSDQp3UmVOVmE5ZkRSRkxSQmhjSVRPbHYzRkJjVzNFOGgxVXM3UkQ0VzhHbUplOHphcEpuTHNEMzlPU01SQ3paSm5jDQp6VzRPQ0gxUFpSWldLcUR0amxOY2E5QUY4YTY1alRtbER4Q1FDam50TElXazVPTExWa0Z0OS90U2NjMUdEdGNpDQo1NW9maGFOQVlNUGlIN1Y4KzFnNjZwR0hYQW9XSzZBUVZINjdYQ0tKbkdCNW5sUStIc01ZUFYvTzQ5TGQ5MVpODQovMnRIa2NhTEx5TnR5d3hWUFJTc1JoNDgwamp1MGZjQ3N2NmhwLzB5WG5UQi8vbVd1dEJHcGRVbElid2lJVGJBDQptcnNiWW5qaWdSdm5QcVgxUk5KVWJpOUZwNkMyYy9ISUZKR0R5d0lEQVFBQkFvSUJBRVJWN1g1QXZ4QTh1UmlLDQprOFNJcHNEMGRYMXBKT01Jd2FrVVZ5dmM0RWZOMERoS1JOYjRyWW9TaUVHVEx5ekxweUJjL0EyOERsa201ZU9ZDQpmanpYZllrR3RZaS9GdHhrZzNPOXZjck1RNCs2aSt1R0hhSUwyckwrczRNcmZPOHYxeHY2K1dreTMzRUVHQ291DQpRaXdWR1JGUVhuUm9RNjJOQkNGYlVOTGhtWHdkajFha1p6TFU0cDVSNHpBM1FoZHh3RUlhdFZMdDArN293TFEzDQpsUDhzZlhocHBQT1hqVHFNRDRRa1l3elBBYTgvekY3YWNuNGtyeXJVUDdRNlBBZmQwekVWcU55OVpDWjlmZmhvDQp6WGVkRmo0ODZJRm9jNWduVHAyTjZqc25WajRMQ0dJaGxWSGxZR296S0tGcUpjUVZHc0hDcXExb3oyempXNkxTDQpvUllJSGdFQ2dZRUE4elpya0N3TllTWEp1T0RKM20vaE9MVnhjeGdKdXdYb2lFcldkMEU0MnZQYW5qalZNaG50DQpLWTVsOHFHTUo2RmhLOUxZeDJxQ3JmL0UwWHRVQVoyd1ZxM09SVHlHbnNNV3JlOXRMWXM1NVgrWk4xMFRjNzV6DQo0aGFjYlUwaHFLTjFIaURtc01SWTMvMk5hWkhveTdNS253SkpCYUc0OGw5Q0NUbFZ3TUhvY0lFQ2dZRUE4amJ5DQpkR2p4VEgrNlhIV05pemI1U1JiWnhBbnlFZUplUndUTWgwZ0d6d0dQcEgvc1pZR3p5dTBTeVNYV0NuWmgzUmdxDQo1dUxsTnh0clhybGpabHlpMm5RZFFnc3EyWXJXVXMwK3pnVSsyMnVRc1pwU0FmdG1oVnJ0dmV0Nk1qVmpiQnlZDQpEQURjaUVWVWRKWUlYaytxbkZVSnllcm9MSWtUajdXWUtaNlJqa3NDZ1lCb0NGSXdSRGVnNDJvSzg5UkZtbk9yDQpMeW1OQXE0KzJvTWhzV2xWYjRlaldJV2VBazluYytHWFVmclhzelJoUzAxbVVuVTVyNXlnVXZSY2FyVi9UM1U3DQpUbk1aK0k3WTREZ1dSSURkNTF6bmh4SUJ0WVY1ai9DL3Q4NUhqcU9rSCs4YjZSVGtiY2hhWDNtYXU3ZnBVZmRzDQpGcTBuaElxNDJmaEVPOHNyZllZd2dRS0JnUUN5aGkxTi84dGFSd3BrKzMvSURFelF3amJmZHpVa1dXU0RrOVhzDQpIL3BrdVJIV2ZUTVAzZmxXcUVZZ1cvTFc0MHBlVzJIRHE1aW1kVjgrQWdaeGUvWE1iYWppOUxnd2YxUlkwMDVuDQpLeGFaUXo3eXFIdXBXbExHRjY4RFBIeGtaVlZTYWdEblYvc3p0V1g2U0ZzQ3FGVm54SVhpZlhHQzRjVzVObTlnDQp2YThxNFFLQmdRQ0VoTFZlVWZkd0t2a1o5NGcvR0Z6NzMxWjJocmRWaGdNWmFVL3U2dDBWOTUrWWV6UE5DUVpCDQp3bUU5TW1sYnExZW1EZVJPaXZqQ2ZvR2hSM2taWFcxcFRLbExoNlpNVVFVT3BwdGRYdmE4WHhmb3FRd2EzZW5BDQpNN211QmJGMFhON1ZPODBpSlB2K1BtSVpkRUlBa3B3S2ZpMjAxWUIrQmFmQ0l1R3hJRjUwVmc9PQ0KLS0tLS1FTkQgUlNBIFBSSVZBVEUgS0VZLS0tLS0NCg0KPC9rZXk+DQoNCg==
vpn702119480,180.197.98.152,652112,12,294766076,Japan,JP,11,0,25240,5497630339816,2weeks,DESKTOP-JRN0PMJ's owner,,IyMjIyMjIyMjIyMjIyMjIyMjIyMjIyMjIyMjIyMjIyMjIyMjIyMjIyMjIyMjIyMjIyMjIyMjIyMjIyMjIyMjIyMjIyMjIyMjIyMjIyMjIw0KIyBPcGVuVlBOIDIuMCBTYW1wbGUgQ29uZmlndXJhdGlvbiBGaWxlDQojIGZvciBQYWNrZXRpWCBWUE4gLyBTb2Z0RXRoZXIgVlBOIFNlcnZlcg0KIyANCiMgISEhIEFVVE8tR0VORVJBVEVEIEJZIFNPRlRFVEhFUiBWUE4gU0VSVkVSIE1BTkFHRU1FTlQgVE9PTCAhISENCiMgDQojICEhISBZT1UgSEFWRSBUTyBSRVZJRVcgSVQgQkVGT1JFIFVTRSBBTkQgTU9ESUZZIElUIEFTIE5FQ0VTU0FSWSAhISENCiMgDQojIFRoaXMgY29uZmlndXJhdGlvbiBmaWxlIGlzIGF1dG8tZ2VuZXJhdGVkLiBZb3UgbWlnaHQgdXNlIHRoaXMgY29uZmlnIGZpbGUNCiMgaW4gb3JkZXIgdG8gY29ubmVjdCB0byB0aGUgUGFja2V0aVggVlBOIC8gU29mdEV0aGVyIFZQTiBTZXJ2ZXIuDQojIEhvd2V2ZXIsIGJlZm9yZSB5b3UgdHJ5IGl0LCB5b3Ugc2hvdWxkIHJldmlldyB0aGUgZGVzY3JpcHRpb25zIG9mIHRoZSBmaWxlDQojIHRvIGRldGVybWluZSB0aGUgbmVjZXNzaXR5IHRvIG1vZGlmeSB0byBzdWl0YWJsZSBmb3IgeW91ciByZWFsIGVudmlyb25tZW50Lg0KIyBJZiBuZWNlc3NhcnksIHlvdSBoYXZlIHRvIG1vZGlmeSBhIGxpdHRsZSBhZGVxdWF0ZWx5IG9uIHRoZSBmaWxlLg0KIyBGb3IgZXhhbXBsZSwgdGhlIElQIGFkZHJlc3Mgb3IgdGhlIGhvc3RuYW1lIGFzIGEgZGVzdGluYXRpb24gVlBOIFNlcnZlcg0KIyBzaG91bGQgYmUgY29uZmlybWVkLg0KIyANCiMgTm90ZSB0aGF0IHRvIHVzZSBPcGVuVlBOIDIuMCwgeW91IGhhdmUgdG8gcHV0IHRoZSBjZXJ0aWZpY2F0aW9uIGZpbGUgb2YNCiMgdGhlIGRlc3RpbmF0aW9uIFZQTiBTZXJ2ZXIgb24gdGhlIE9wZW5WUE4gQ2xpZW50IGNvbXB1dGVyIHdoZW4geW91IHVzZSB0aGlzDQojIGNvbmZpZyBmaWxlLiBQbGVhc2UgcmVmZXIgdGhlIGJlbG93IGRlc2NyaXB0aW9ucyBjYXJlZnVsbHkuDQoNCg0KIyMjIyMjIyMjIyMjIyMjIyMjIyMjIyMjIyMjIyMjIyMjIyMjIyMjIyMjIyMjIyMjIyMjIyMjIyMjIyMjIyMjIyMjIyMjIyMjIyMjIyMjIw0KIyBTcGVjaWZ5IHRoZSB0eXBlIG9mIHRoZSBsYXllciBvZiB0aGUgVlBOIGNvbm5lY3Rpb24uDQojIA0KIyBUbyBjb25uZWN0IHRvIHRoZSBWUE4gU2VydmVyIGFzIGEgIlJlbW90ZS1BY2Nlc3MgVlBOIENsaWVudCBQQyIsDQojICBzcGVjaWZ5ICdkZXYgdHVuJy4gKExheWVyLTMgSVAgUm91dGluZyBNb2RlKQ0KIw0KIyBUbyBjb25uZWN0IHRvIHRoZSBWUE4gU2VydmVyIGFzIGEgYnJpZGdpbmcgZXF1aXBtZW50IG9mICJTaXRlLXRvLVNpdGUgVlBOIiwNCiMgIHNwZWNpZnkgJ2RldiB0YXAnLiAoTGF5ZXItMiBFdGhlcm5ldCBCcmlkZ2luZSBNb2RlKQ0KDQpkZXYgdHVuDQoNCg0KIyMjIyMjIyMjIyMjIyMjIyMjIyMjIyMjIyMjIyMjIyMjIyMjIyMjIyMjIyMjIyMjIyMjIyMjIyMjIyMjIyMjIyMjIyMjIyMjIyMjIyMjIw0KIyBTcGVjaWZ5IHRoZSB1bmRlcmx5aW5nIHByb3RvY29sIGJleW9uZCB0aGUgSW50ZXJuZXQuDQojIE5vdGUgdGhhdCB0aGlzIHNldHRpbmcgbXVzdCBiZSBjb3JyZXNwb25kIHdpdGggdGhlIGxpc3RlbmluZyBzZXR0aW5nIG9uDQojIHRoZSBWUE4gU2VydmVyLg0KIyANCiMgU3BlY2lmeSBlaXRoZXIgJ3Byb3RvIHRjcCcgb3IgJ3Byb3RvIHVkcCcuDQoNCnByb3RvIHRjcA0KDQoNCiMjIyMjIyMjIyMjIyMjIyMjIyMjIyMjIyMjIyMjIyMjIyMjIyMjIyMjIyMjIyMjIyMjIyMjIyMjIyMjIyMjIyMjIyMjIyMjIyMjIyMjIyMNCiMgVGhlIGRlc3RpbmF0aW9uIGhvc3RuYW1lIC8gSVAgYWRkcmVzcywgYW5kIHBvcnQgbnVtYmVyIG9mDQojIHRoZSB0YXJnZXQgVlBOIFNlcnZlci4NCiMgDQojIFlvdSBoYXZlIHRvIHNwZWNpZnkgYXMgJ3JlbW90ZSA8SE9TVE5BTUU+IDxQT1JUPicuIFlvdSBjYW4gYWxzbw0KIyBzcGVjaWZ5IHRoZSBJUCBhZGRyZXNzIGluc3RlYWQgb2YgdGhlIGhvc3RuYW1lLg0KIyANCiMgTm90ZSB0aGF0IHRoZSBhdXRvLWdlbmVyYXRlZCBiZWxvdyBob3N0bmFtZSBhcmUgYSAiYXV0by1kZXRlY3RlZA0KIyBJUCBhZGRyZXNzIiBvZiB0aGUgVlBOIFNlcnZlci4gWW91IGhhdmUgdG8gY29uZmlybSB0aGUgY29ycmVjdG5lc3MNCiMgYmVmb3JlaGFuZC4NCiMgDQojIFdoZW4geW91IHdhbnQgdG8gY29ubmVjdCB0byB0aGUgVlBOIFNlcnZlciBieSB1c2luZyBUQ1AgcHJvdG9jb2wsDQojIHRoZSBwb3J0IG51bWJlciBvZiB0aGUgZGVzdGluYXRpb24gVENQIHBvcnQgc2hvdWxkIGJlIHNhbWUgYXMgb25lIG9mDQojIHRoZSBhdmFpbGFibGUgVENQIGxpc3RlbmVycyBvbiB0aGUgVlBOIFNlcnZlci4NCiMgDQojIFdoZW4geW91IHVzZSBVRFAgcHJvdG9jb2wsIHRoZSBwb3J0IG51bWJlciBtdXN0IHNhbWUgYXMgdGhlIGNvbmZpZ3VyYXRpb24NCiMgc2V0dGluZyBvZiAiT3BlblZQTiBTZXJ2ZXIgQ29tcGF0aWJsZSBGdW5jdGlvbiIgb24gdGhlIFZQTiBTZXJ2ZXIuDQoNCnJlbW90ZSAxODAuMTk3Ljk4LjE1MiAxODU5DQoNCg0KIyMjIyMjIyMjIyMjIyMjIyMjIyMjIyMjIyMjIyMjIyMjIyMjIyMjIyMjIyMjIyMjIyMjIyMjIyMjIyMjIyMjIyMjIyMjIyMjIyMjIyMjIw0KIyBUaGUgSFRUUC9IVFRQUyBwcm94eSBzZXR0aW5nLg0KIyANCiMgT25seSBpZiB5b3UgaGF2ZSB0byB1c2UgdGhlIEludGVybmV0IHZpYSBhIHByb3h5LCB1bmNvbW1lbnQgdGhlIGJlbG93DQojIHR3byBsaW5lcyBhbmQgc3BlY2lmeSB0aGUgcHJveHkgYWRkcmVzcyBhbmQgdGhlIHBvcnQgbnVtYmVyLg0KIyBJbiB0aGUgY2FzZSBvZiB1c2luZyBwcm94eS1hdXRoZW50aWNhdGlvbiwgcmVmZXIgdGhlIE9wZW5WUE4gbWFudWFsLg0KDQo7aHR0cC1wcm94eS1yZXRyeQ0KO2h0dHAtcHJveHkgW3Byb3h5IHNlcnZlcl0gW3Byb3h5IHBvcnRdDQoNCg0KIyMjIyMjIyMjIyMjIyMjIyMjIyMjIyMjIyMjIyMjIyMjIyMjIyMjIyMjIyMjIyMjIyMjIyMjIyMjIyMjIyMjIyMjIyMjIyMjIyMjIyMjIw0KIyBUaGUgZW5jcnlwdGlvbiBhbmQgYXV0aGVudGljYXRpb24gYWxnb3JpdGhtLg0KIyANCiMgRGVmYXVsdCBzZXR0aW5nIGlzIGdvb2QuIE1vZGlmeSBpdCBhcyB5b3UgcHJlZmVyLg0KIyBXaGVuIHlvdSBzcGVjaWZ5IGFuIHVuc3VwcG9ydGVkIGFsZ29yaXRobSwgdGhlIGVycm9yIHdpbGwgb2NjdXIuDQojIA0KIyBUaGUgc3VwcG9ydGVkIGFsZ29yaXRobXMgYXJlIGFzIGZvbGxvd3M6DQojICBjaXBoZXI6IFtOVUxMLUNJUEhFUl0gTlVMTCBBRVMtMTI4LUNCQyBBRVMtMTkyLUNCQyBBRVMtMjU2LUNCQyBCRi1DQkMNCiMgICAgICAgICAgQ0FTVC1DQkMgQ0FTVDUtQ0JDIERFUy1DQkMgREVTLUVERS1DQkMgREVTLUVERTMtQ0JDIERFU1gtQ0JDDQojICAgICAgICAgIFJDMi00MC1DQkMgUkMyLTY0LUNCQyBSQzItQ0JDDQojICBhdXRoOiAgIFNIQSBTSEExIE1ENSBNRDQgUk1EMTYwDQoNCmNpcGhlciBBRVMtMTI4LUNCQw0KYXV0aCBTSEExDQoNCg0KIyMjIyMjIyMjIyMjIyMjIyMjIyMjIyMjIyMjIyMjIyMjIyMjIyMjIyMjIyMjIyMjIyMjIyMjIyMjIyMjIyMjIyMjIyMjIyMjIyMjIyMjIw0KIyBPdGhlciBwYXJhbWV0ZXJzIG5lY2Vzc2FyeSB0byBjb25uZWN0IHRvIHRoZSBWUE4gU2VydmVyLg0KIyANCiMgSXQgaXMgbm90IHJlY29tbWVuZGVkIHRvIG1vZGlmeSBpdCB1bmxlc3MgeW91IGhhdmUgYSBwYXJ0aWN1bGFyIG5lZWQuDQoNCnJlc29sdi1yZXRyeSBpbmZpbml0ZQ0Kbm9iaW5kDQpwZXJzaXN0LWtleQ0KcGVyc2lzdC10dW4NCmNsaWVudA0KdmVyYiAzDQojYXV0aC11c2VyLXBhc3MNCg0KDQojIyMjIyMjIyMjIyMjIyMjIyMjIyMjIyMjIyMjIyMjIyMjIyMjIyMjIyMjIyMjIyMjIyMjIyMjIyMjIyMjIyMjIyMjIyMjIyMjIyMjIyMjDQojIFRoZSBjZXJ0aWZpY2F0ZSBmaWxlIG9mIHRoZSBkZXN0aW5hdGlvbiBWUE4gU2VydmVyLg0KIyANCiMgVGhlIENBIGNlcnRpZmljYXRlIGZpbGUgaXMgZW1iZWRkZWQgaW4gdGhlIGlubGluZSBmb3JtYXQuDQojIFlvdSBjYW4gcmVwbGFjZSB0aGlzIENBIGNvbnRlbnRzIGlmIG5lY2Vzc2FyeS4NCiMgUGxlYXNlIG5vdGUgdGhhdCBpZiB0aGUgc2VydmVyIGNlcnRpZmljYXRlIGlzIG5vdCBhIHNlbGYtc2lnbmVkLCB5b3UgaGF2ZSB0bw0KIyBzcGVjaWZ5IHRoZSBzaWduZXIncyByb290IGNlcnRpZmljYXRlIChDQSkgaGVyZS4NCg0KPGNhPg0KLS0tLS1CRUdJTiBDRVJUSUZJQ0FURS0tLS0tDQpNSUlGYXpDQ0ExT2dBd0lCQWdJUkFJSVF6N0RTUU9OWlJHUGd1Mk9DaXdBd0RRWUpLb1pJaHZjTkFRRUxCUUF3DQpUekVMTUFrR0ExVUVCaE1DVlZNeEtUQW5CZ05WQkFvVElFbHVkR1Z5Ym1WMElGTmxZM1Z5YVhSNUlGSmxjMlZoDQpjbU5vSUVkeWIzVndNUlV3RXdZRFZRUURFd3hKVTFKSElGSnZiM1FnV0RFd0hoY05NVFV3TmpBME1URXdORE00DQpXaGNOTXpVd05qQTBNVEV3TkRNNFdqQlBNUXN3Q1FZRFZRUUdFd0pWVXpFcE1DY0dBMVVFQ2hNZ1NXNTBaWEp1DQpaWFFnVTJWamRYSnBkSGtnVW1WelpXRnlZMmdnUjNKdmRYQXhGVEFUQmdOVkJBTVRERWxUVWtjZ1VtOXZkQ0JZDQpNVENDQWlJd0RRWUpLb1pJaHZjTkFRRUJCUUFEZ2dJUEFEQ0NBZ29DZ2dJQkFLM29KSFAwRkRmem01NHJWeWdjDQpoNzdjdDk4NGtJeHVQT1pYb0hqM2RjS2kvdlZxYnZZQVR5amIzbWlHYkVTVHRyRmovUlFTYTc4ZjB1b3hteUYrDQowVE04dWtqMTNYbmZzN2ovRXZFaG1rdkJpb1p4YVVwbVpteVBmanh3djYwcElnYno1TURtZ0s3aVM0KzNtWDZVDQpBNS9UUjVkOG1VZ2pVK2c0cms4S2I0TXUwVWxYaklCMHR0b3YwRGlOZXdOd0lSdDE4akE4K28rdTNkcGpxK3NXDQpUOEtPRVV0K3p3dm8vN1YzTHZTeWUwcmdUQklsREhDTkF5bWc0Vk1rN0JQWjdobS9FTE5LakQrSm8yRlIzcXlIDQpCNVQwWTNIc0x1SnZXNWlCNFlsY05IbHNkdTg3a0dKNTV0dWttaThteGRBUTRRN2UyUkNPRnZ1Mzk2ajN4K1VDDQpCNWlQTmdpVjUrSTNsZzAyZFo3N0RuS3hIWnU4QS9sSkJkaUIzUVcwS3RaQjZhd0JkcFVLRDlqZjFiMFNIelV2DQpLQmRzMHBqQnFBbGtkMjVITjdyT3JGbGVhSjEvY3RhSnhRWkJLVDVaUHQwbTlTVEpFYWRhbzB4QUgwYWhtYlduDQpPbEZ1aGp1ZWZYS25FZ1Y0V2UwK1VYZ1ZDd09QamRBdkJiSStlMG9jUzNNRkV2ekc2dUJRRTN4RGszU3p5blRuDQpqaDhCQ05BdzFGdHhOclFIdXNFd01GeEl0NEk3bUtaOVlJcWlveW1DekxxOWd3UWJvb01EUWFIV0JmRWJ3cmJ3DQpxSHlHTzBhb1NDcUkzSGFhZHI4ZmFxVTlHWS9yT1BOazNzZ3JEUW9vLy9mYjRoVkMxQ0xRSjEzaGVmNFk1M0NJDQpyVTdtMllzNnh0MG5VVzcvdkdUMU0wTlBBZ01CQUFHalFqQkFNQTRHQTFVZER3RUIvd1FFQXdJQkJqQVBCZ05WDQpIUk1CQWY4RUJUQURBUUgvTUIwR0ExVWREZ1FXQkJSNXRGbm1lN2JsNUFGemdBaUl5QnBZOXVtYmJqQU5CZ2txDQpoa2lHOXcwQkFRc0ZBQU9DQWdFQVZSOVlxYnl5cUZEUURMSFlHbWtnSnlrSXJHRjFYSXB1K0lMbGFTL1Y5bFpMDQp1Ymh6RUZuVElaZCs1MHh4KzdMU1lLMDVxQXZxRnlGV2hmRlFEbG5yenVCWjZickpGZStHblkrRWdQYms2WkdRDQozQmViWWh0RjhHYVYwbnh2d3VvNzd4L1B5OWF1Si9HcHNNaXUvWDErbXZvaUJPdi8yWC9xa1NzaXNSY09qL0tLDQpORnRZMlB3QnlWUzV1Q2JNaW9nemlVd3RoRHlDMys2V1Z3VzZMTHYzeExmSFRqdUN2akhJSW5Oemt0SENnS1E1DQpPUkF6STRKTVBKK0dzbFdZSGI0cGhvd2ltNTdpYXp0WE9vSndUZHdKeDRuTENnZE5iT2hkanNudnpxdkh1N1VyDQpUa1hXU3RBbXpPVnl5Z2hxcFpYakZhSDNwTzNKTEYrbCsvK3NLQUl1dnRkN3UrTnhlNUFXMHdkZVJsTjhOd2RDDQpqTlBFbHB6Vm1iVXE0SlVhZ0VpdVREa0h6c3hIcEZLVks3cTQrNjNTTTFOOTVSMU5iZFdoc2NkQ2IrWkFKelZjDQpveWkzQjQzbmpUT1E1eU9mKzFDY2VXeEcxYlFWczVadWZwc01sanE0VWkwLzFsdmgrd2pDaFA0a3FLT0oycXhxDQo0Umdxc2FoRFlWdlRIOXc3alhieUxlaU5kZDhYTTJ3OVUvdDd5MEZmLzl5aTBHRTQ0WmE0ckYyTE45ZDExVFBBDQptUkd1blVIQmNuV0V2Z0pCUWw5bkpFaVUwWnNudmdjL3ViaFBnWFJSNFhxMzdaMGo0cjdnMVNnRUV6d3hBNTdkDQplbXlQeGdjWXhuL2VSNDQvS0o0RUJzK2xWRFIzdmV5Sm0ra1hROTliMjEvK2poNVhvczFBblg1aUl0cmVHQ2M9DQotLS0tLUVORCBDRVJUSUZJQ0FURS0tLS0tDQoNCjwvY2E+DQoNCg0KIyMjIyMjIyMjIyMjIyMjIyMjIyMjIyMjIyMjIyMjIyMjIyMjIyMjIyMjIyMjIyMjIyMjIyMjIyMjIyMjIyMjIyMjIyMjIyMjIyMjIyMjIw0KIyBUaGUgY2xpZW50IGNlcnRpZmljYXRlIGZpbGUgKGR1bW15KS4NCiMgDQojIEluIHNvbWUgaW1wbGVtZW50YXRpb25zIG9mIE9wZW5WUE4gQ2xpZW50IHNvZnR3YXJlDQojIChmb3IgZXhhbXBsZTogT3BlblZQTiBDbGllbnQgZm9yIGlPUyksDQojIGEgcGFpciBvZiBjbGllbnQgY2VydGlmaWNhdGUgYW5kIHByaXZhdGUga2V5IG11c3QgYmUgaW5jbHVkZWQgb24gdGhlDQojIGNvbmZpZ3VyYXRpb24gZmlsZSBkdWUgdG8gdGhlIGxpbWl0YXRpb24gb2YgdGhlIGNsaWVudC4NCiMgU28gdGhpcyBzYW1wbGUgY29uZmlndXJhdGlvbiBmaWxlIGhhcyBhIGR1bW15IHBhaXIgb2YgY2xpZW50IGNlcnRpZmljYXRlDQojIGFuZCBwcml2YXRlIGtleSBhcyBmb2xsb3dzLg0KDQo8Y2VydD4NCi0tLS0tQkVHSU4gQ0VSVElGSUNBVEUtLS0tLQ0KTUlJQ3hqQ0NBYTRDQVFBd0RRWUpLb1pJaHZjTkFRRUZCUUF3S1RFYU1CZ0dBMVVFQXhNUlZsQk9SMkYwWlVOcw0KYVdWdWRFTmxjblF4Q3pBSkJnTlZCQVlUQWtwUU1CNFhEVEV6TURJeE1UQXpORGswT1ZvWERUTTNNREV4T1RBeg0KTVRRd04xb3dLVEVhTUJnR0ExVUVBeE1SVmxCT1IyRjBaVU5zYVdWdWRFTmxjblF4Q3pBSkJnTlZCQVlUQWtwUQ0KTUlJQklqQU5CZ2txaGtpRzl3MEJBUUVGQUFPQ0FROEFNSUlCQ2dLQ0FRRUE1aDJsZ1FRWVVqd29LWUpielZaQQ0KNVZjSUdkNW90UGMvcVpSTXQwS0l0Q0ZBMHM5UndSZU5WYTlmRFJGTFJCaGNJVE9sdjNGQmNXM0U4aDFVczdSRA0KNFc4R21KZTh6YXBKbkxzRDM5T1NNUkN6WkpuY3pXNE9DSDFQWlJaV0txRHRqbE5jYTlBRjhhNjVqVG1sRHhDUQ0KQ2pudExJV2s1T0xMVmtGdDkvdFNjYzFHRHRjaTU1b2ZoYU5BWU1QaUg3VjgrMWc2NnBHSFhBb1dLNkFRVkg2Nw0KWENLSm5HQjVubFErSHNNWVBWL080OUxkOTFaTi8ydEhrY2FMTHlOdHl3eFZQUlNzUmg0ODBqanUwZmNDc3Y2aA0KcC8weVhuVEIvL21XdXRCR3BkVWxJYndpSVRiQW1yc2JZbmppZ1J2blBxWDFSTkpVYmk5RnA2QzJjL0hJRkpHRA0KeXdJREFRQUJNQTBHQ1NxR1NJYjNEUUVCQlFVQUE0SUJBUUNoTzVoZ2N3LzRvV2ZvRUZMdTlrQmExQi8va3hIOA0KaFFrQ2hWTm44QlJDN1kwVVJRaXRQbDNES0VlZDlVUkJEZGcyS09Bejc3YmI2RU5QaWxpRCthMzhVSkhJUk1xZQ0KVUJIaGxsT0hJenZEaEhGYmFvdkFMQlFjZWVCemRrUXhzS1FFU0ttUW1SODMyOTUwVUNvdm95UkI2MVV5QVY3aA0KK21aaFlQR1JLWEtTSkk2czBFZ2cvQ3JpK0N3azRiakpmcmI1aFZzZTExeWg0RDlNSGh3U2ZDT0grMHo0aFBVVA0KRmt1N2RHYXZVUk81U1Z4TW4vc0w2RW41RCtvU2VYa2FkSHBEcytBaXJ5bTJZSGgxNWgwK2pQU09vUjZ5aVZwLw0KNnpaZVprck40M2t1UzczS3BLREZqZkZQaDh0NHIxZ09JanR0a05jUXFCY2N1c25wbFE3SEpwc2sNCi0tLS0tRU5EIENFUlRJRklDQVRFLS0tLS0NCg0KPC9jZXJ0Pg0KDQo8a2V5Pg0KLS0tLS1CRUdJTiBSU0EgUFJJVkFURSBLRVktLS0tLQ0KTUlJRXBBSUJBQUtDQVFFQTVoMmxnUVFZVWp3b0tZSmJ6VlpBNVZjSUdkNW90UGMvcVpSTXQwS0l0Q0ZBMHM5Ug0Kd1JlTlZhOWZEUkZMUkJoY0lUT2x2M0ZCY1czRThoMVVzN1JENFc4R21KZTh6YXBKbkxzRDM5T1NNUkN6WkpuYw0Kelc0T0NIMVBaUlpXS3FEdGpsTmNhOUFGOGE2NWpUbWxEeENRQ2pudExJV2s1T0xMVmtGdDkvdFNjYzFHRHRjaQ0KNTVvZmhhTkFZTVBpSDdWOCsxZzY2cEdIWEFvV0s2QVFWSDY3WENLSm5HQjVubFErSHNNWVBWL080OUxkOTFaTg0KLzJ0SGtjYUxMeU50eXd4VlBSU3NSaDQ4MGpqdTBmY0NzdjZocC8weVhuVEIvL21XdXRCR3BkVWxJYndpSVRiQQ0KbXJzYlluamlnUnZuUHFYMVJOSlViaTlGcDZDMmMvSElGSkdEeXdJREFRQUJBb0lCQUVSVjdYNUF2eEE4dVJpSw0KazhTSXBzRDBkWDFwSk9NSXdha1VWeXZjNEVmTjBEaEtSTmI0cllvU2lFR1RMeXpMcHlCYy9BMjhEbGttNWVPWQ0KZmp6WGZZa0d0WWkvRnR4a2czTzl2Y3JNUTQrNmkrdUdIYUlMMnJMK3M0TXJmTzh2MXh2NitXa3kzM0VFR0NvdQ0KUWl3VkdSRlFYblJvUTYyTkJDRmJVTkxobVh3ZGoxYWtaekxVNHA1UjR6QTNRaGR4d0VJYXRWTHQwKzdvd0xRMw0KbFA4c2ZYaHBwUE9YalRxTUQ0UWtZd3pQQWE4L3pGN2FjbjRrcnlyVVA3UTZQQWZkMHpFVnFOeTlaQ1o5ZmZobw0KelhlZEZqNDg2SUZvYzVnblRwMk42anNuVmo0TENHSWhsVkhsWUdvektLRnFKY1FWR3NIQ3FxMW96MnpqVzZMUw0Kb1JZSUhnRUNnWUVBOHpacmtDd05ZU1hKdU9ESjNtL2hPTFZ4Y3hnSnV3WG9pRXJXZDBFNDJ2UGFuampWTWhudA0KS1k1bDhxR01KNkZoSzlMWXgycUNyZi9FMFh0VUFaMndWcTNPUlR5R25zTVdyZTl0TFlzNTVYK1pOMTBUYzc1eg0KNGhhY2JVMGhxS04xSGlEbXNNUlkzLzJOYVpIb3k3TUtud0pKQmFHNDhsOUNDVGxWd01Ib2NJRUNnWUVBOGpieQ0KZEdqeFRIKzZYSFdOaXpiNVNSYlp4QW55RWVKZVJ3VE1oMGdHendHUHBIL3NaWUd6eXUwU3lTWFdDblpoM1JncQ0KNXVMbE54dHJYcmxqWmx5aTJuUWRRZ3NxMllyV1VzMCt6Z1UrMjJ1UXNacFNBZnRtaFZydHZldDZNalZqYkJ5WQ0KREFEY2lFVlVkSllJWGsrcW5GVUp5ZXJvTElrVGo3V1lLWjZSamtzQ2dZQm9DRkl3UkRlZzQyb0s4OVJGbW5Pcg0KTHltTkFxNCsyb01oc1dsVmI0ZWpXSVdlQWs5bmMrR1hVZnJYc3pSaFMwMW1VblU1cjV5Z1V2UmNhclYvVDNVNw0KVG5NWitJN1k0RGdXUklEZDUxem5oeElCdFlWNWovQy90ODVIanFPa0grOGI2UlRrYmNoYVgzbWF1N2ZwVWZkcw0KRnEwbmhJcTQyZmhFTzhzcmZZWXdnUUtCZ1FDeWhpMU4vOHRhUndwayszL0lERXpRd2piZmR6VWtXV1NEazlYcw0KSC9wa3VSSFdmVE1QM2ZsV3FFWWdXL0xXNDBwZVcySERxNWltZFY4K0FnWnhlL1hNYmFqaTlMZ3dmMVJZMDA1bg0KS3hhWlF6N3lxSHVwV2xMR0Y2OERQSHhrWlZWU2FnRG5WL3N6dFdYNlNGc0NxRlZueElYaWZYR0M0Y1c1Tm05Zw0KdmE4cTRRS0JnUUNFaExWZVVmZHdLdmtaOTRnL0dGejczMVoyaHJkVmhnTVphVS91NnQwVjk1K1llelBOQ1FaQg0Kd21FOU1tbGJxMWVtRGVST2l2akNmb0doUjNrWlhXMXBUS2xMaDZaTVVRVU9wcHRkWHZhOFh4Zm9xUXdhM2VuQQ0KTTdtdUJiRjBYTjdWTzgwaUpQditQbUlaZEVJQWtwd0tmaTIwMVlCK0JhZkNJdUd4SUY1MFZnPT0NCi0tLS0tRU5EIFJTQSBQUklWQVRFIEtFWS0tLS0tDQoNCjwva2V5Pg0KDQo=
vpn407409442,61.89.149.77,651934,1,736736792,Japan,JP,11,0,54744,14909411287375,2weeks,DESKTOP-0TM6FD9's owner,,IyMjIyMjIyMjIyMjIyMjIyMjIyMjIyMjIyMjIyMjIyMjIyMjIyMjIyMjIyMjIyMjIyMjIyMjIyMjIyMjIyMjIyMjIyMjIyMjIyMjIyMjIw0KIyBPcGVuVlBOIDIuMCBTYW1wbGUgQ29uZmlndXJhdGlvbiBGaWxlDQojIGZvciBQYWNrZXRpWCBWUE4gLyBTb2Z0RXRoZXIgVlBOIFNlcnZlcg0KIyANCiMgISEhIEFVVE8tR0VORVJBVEVEIEJZIFNPRlRFVEhFUiBWUE4gU0VSVkVSIE1BTkFHRU1FTlQgVE9PTCAhISENCiMgDQojICEhISBZT1UgSEFWRSBUTyBSRVZJRVcgSVQgQkVGT1JFIFVTRSBBTkQgTU9ESUZZIElUIEFTIE5FQ0VTU0FSWSAhISENCiMgDQojIFRoaXMgY29uZmlndXJhdGlvbiBmaWxlIGlzIGF1dG8tZ2VuZXJhdGVkLiBZb3UgbWlnaHQgdXNlIHRoaXMgY29uZmlnIGZpbGUNCiMgaW4gb3JkZXIgdG8gY29ubmVjdCB0byB0aGUgUGFja2V0aVggVlBOIC8gU29mdEV0aGVyIFZQTiBTZXJ2ZXIuDQojIEhvd2V2ZXIsIGJlZm9yZSB5b3UgdHJ5IGl0LCB5b3Ugc2hvdWxkIHJldmlldyB0aGUgZGVzY3JpcHRpb25zIG9mIHRoZSBmaWxlDQojIHRvIGRldGVybWluZSB0aGUgbmVjZXNzaXR5IHRvIG1vZGlmeSB0byBzdWl0YWJsZSBmb3IgeW91ciByZWFsIGVudmlyb25tZW50Lg0KIyBJZiBuZWNlc3NhcnksIHlvdSBoYXZlIHRvIG1vZGlmeSBhIGxpdHRsZSBhZGVxdWF0ZWx5IG9uIHRoZSBmaWxlLg0KIyBGb3IgZXhhbXBsZSwgdGhlIElQIGFkZHJlc3Mgb3IgdGhlIGhvc3RuYW1lIGFzIGEgZGVzdGluYXRpb24gVlBOIFNlcnZlcg0KIyBzaG91bGQgYmUgY29uZmlybWVkLg0KIyANCiMgTm90ZSB0aGF0IHRvIHVzZSBPcGVuVlBOIDIuMCwgeW91IGhhdmUgdG8gcHV0IHRoZSBjZXJ0aWZpY2F0aW9uIGZpbGUgb2YNCiMgdGhlIGRlc3RpbmF0aW9uIFZQTiBTZXJ2ZXIgb24gdGhlIE9wZW5WUE4gQ2xpZW50IGNvbXB1dGVyIHdoZW4geW91IHVzZSB0aGlzDQojIGNvbmZpZyBmaWxlLiBQbGVhc2UgcmVmZXIgdGhlIGJlbG93IGRlc2NyaXB0aW9ucyBjYXJlZnVsbHkuDQoNCg0KIyMjIyMjIyMjIyMjIyMjIyMjIyMjIyMjIyMjIyMjIyMjIyMjIyMjIyMjIyMjIyMjIyMjIyMjIyMjIyMjIyMjIyMjIyMjIyMjIyMjIyMjIw0KIyBTcGVjaWZ5IHRoZSB0eXBlIG9mIHRoZSBsYXllciBvZiB0aGUgVlBOIGNvbm5lY3Rpb24uDQojIA0KIyBUbyBjb25uZWN0IHRvIHRoZSBWUE4gU2VydmVyIGFzIGEgIlJlbW90ZS1BY2Nlc3MgVlBOIENsaWVudCBQQyIsDQojICBzcGVjaWZ5ICdkZXYgdHVuJy4gKExheWVyLTMgSVAgUm91dGluZyBNb2RlKQ0KIw0KIyBUbyBjb25uZWN0IHRvIHRoZSBWUE4gU2VydmVyIGFzIGEgYnJpZGdpbmcgZXF1aXBtZW50IG9mICJTaXRlLXRvLVNpdGUgVlBOIiwNCiMgIHNwZWNpZnkgJ2RldiB0YXAnLiAoTGF5ZXItMiBFdGhlcm5ldCBCcmlkZ2luZSBNb2RlKQ0KDQpkZXYgdHVuDQoNCg0KIyMjIyMjIyMjIyMjIyMjIyMjIyMjIyMjIyMjIyMjIyMjIyMjIyMjIyMjIyMjIyMjIyMjIyMjIyMjIyMjIyMjIyMjIyMjIyMjIyMjIyMjIw0KIyBTcGVjaWZ5IHRoZSB1bmRlcmx5aW5nIHByb3RvY29sIGJleW9uZCB0aGUgSW50ZXJuZXQuDQojIE5vdGUgdGhhdCB0aGlzIHNldHRpbmcgbXVzdCBiZSBjb3JyZXNwb25kIHdpdGggdGhlIGxpc3RlbmluZyBzZXR0aW5nIG9uDQojIHRoZSBWUE4gU2VydmVyLg0KIyANCiMgU3BlY2lmeSBlaXRoZXIgJ3Byb3RvIHRjcCcgb3IgJ3Byb3RvIHVkcCcuDQoNCnByb3RvIHRjcA0KDQoNCiMjIyMjIyMjIyMjIyMjIyMjIyMjIyMjIyMjIyMjIyMjIyMjIyMjIyMjIyMjIyMjIyMjIyMjIyMjIyMjIyMjIyMjIyMjIyMjIyMjIyMjIyMNCiMgVGhlIGRlc3RpbmF0aW9uIGhvc3RuYW1lIC8gSVAgYWRkcmVzcywgYW5kIHBvcnQgbnVtYmVyIG9mDQojIHRoZSB0YXJnZXQgVlBOIFNlcnZlci4NCiMgDQojIFlvdSBoYXZlIHRvIHNwZWNpZnkgYXMgJ3JlbW90ZSA8SE9TVE5BTUU+IDxQT1JUPicuIFlvdSBjYW4gYWxzbw0KIyBzcGVjaWZ5IHRoZSBJUCBhZGRyZXNzIGluc3RlYWQgb2YgdGhlIGhvc3RuYW1lLg0KIyANCiMgTm90ZSB0aGF0IHRoZSBhdXRvLWdlbmVyYXRlZCBiZWxvdyBob3N0bmFtZSBhcmUgYSAiYXV0by1kZXRlY3RlZA0KIyBJUCBhZGRyZXNzIiBvZiB0aGUgVlBOIFNlcnZlci4gWW91IGhhdmUgdG8gY29uZmlybSB0aGUgY29ycmVjdG5lc3MNCiMgYmVmb3JlaGFuZC4NCiMgDQojIFdoZW4geW91IHdhbnQgdG8gY29ubmVjdCB0byB0aGUgVlBOIFNlcnZlciBieSB1c2luZyBUQ1AgcHJvdG9jb2wsDQojIHRoZSBwb3J0IG51bWJlciBvZiB0aGUgZGVzdGluYXRpb24gVENQIHBvcnQgc2hvdWxkIGJlIHNhbWUgYXMgb25lIG9mDQojIHRoZSBhdmFpbGFibGUgVENQIGxpc3RlbmVycyBvbiB0aGUgVlBOIFNlcnZlci4NCiMgDQojIFdoZW4geW91IHVzZSBVRFAgcHJvdG9jb2wsIHRoZSBwb3J0IG51bWJlciBtdXN0IHNhbWUgYXMgdGhlIGNvbmZpZ3VyYXRpb24NCiMgc2V0dGluZyBvZiAiT3BlblZQTiBTZXJ2ZXIgQ29tcGF0aWJsZSBGdW5jdGlvbiIgb24gdGhlIFZQTiBTZXJ2ZXIuDQoNCnJlbW90ZSA2MS44OS4xNDkuNzcgMTY4OA0KDQoNCiMjIyMjIyMjIyMjIyMjIyMjIyMjIyMjIyMjIyMjIyMjIyMjIyMjIyMjIyMjIyMjIyMjIyMjIyMjIyMjIyMjIyMjIyMjIyMjIyMjIyMjIyMNCiMgVGhlIEhUVFAvSFRUUFMgcHJveHkgc2V0dGluZy4NCiMgDQojIE9ubHkgaWYgeW91IGhhdmUgdG8gdXNlIHRoZSBJbnRlcm5ldCB2aWEgYSBwcm94eSwgdW5jb21tZW50IHRoZSBiZWxvdw0KIyB0d28gbGluZXMgYW5kIHNwZWNpZnkgdGhlIHByb3h5IGFkZHJlc3MgYW5kIHRoZSBwb3J0IG51bWJlci4NCiMgSW4gdGhlIGNhc2Ugb2YgdXNpbmcgcHJveHktYXV0aGVudGljYXRpb24sIHJlZmVyIHRoZSBPcGVuVlBOIG1hbnVhbC4NCg0KO2h0dHAtcHJveHktcmV0cnkNCjtodHRwLXByb3h5IFtwcm94eSBzZXJ2ZXJdIFtwcm94eSBwb3J0XQ0KDQoNCiMjIyMjIyMjIyMjIyMjIyMjIyMjIyMjIyMjIyMjIyMjIyMjIyMjIyMjIyMjIyMjIyMjIyMjIyMjIyMjIyMjIyMjIyMjIyMjIyMjIyMjIyMNCiMgVGhlIGVuY3J5cHRpb24gYW5kIGF1dGhlbnRpY2F0aW9uIGFsZ29yaXRobS4NCiMgDQojIERlZmF1bHQgc2V0dGluZyBpcyBnb29kLiBNb2RpZnkgaXQgYXMgeW91IHByZWZlci4NCiMgV2hlbiB5b3Ugc3BlY2lmeSBhbiB1bnN1cHBvcnRlZCBhbGdvcml0aG0sIHRoZSBlcnJvciB3aWxsIG9jY3VyLg0KIyANCiMgVGhlIHN1cHBvcnRlZCBhbGdvcml0aG1zIGFyZSBhcyBmb2xsb3dzOg0KIyAgY2lwaGVyOiBbTlVMTC1DSVBIRVJdIE5VTEwgQUVTLTEyOC1DQkMgQUVTLTE5Mi1DQkMgQUVTLTI1Ni1DQkMgQkYtQ0JDDQojICAgICAgICAgIENBU1QtQ0JDIENBU1Q1LUNCQyBERVMtQ0JDIERFUy1FREUtQ0JDIERFUy1FREUzLUNCQyBERVNYLUNCQw0KIyAgICAgICAgICBSQzItNDAtQ0JDIFJDMi02NC1DQkMgUkMyLUNCQw0KIyAgYXV0aDogICBTSEEgU0hBMSBNRDUgTUQ0IFJNRDE2MA0KDQpjaXBoZXIgQUVTLTEyOC1DQkMNCmF1dGggU0hBMQ0KDQoNCiMjIyMjIyMjIyMjIyMjIyMjIyMjIyMjIyMjIyMjIyMjIyMjIyMjIyMjIyMjIyMjIyMjIyMjIyMjIyMjIyMjIyMjIyMjIyMjIyMjIyMjIyMNCiMgT3RoZXIgcGFyYW1ldGVycyBuZWNlc3NhcnkgdG8gY29ubmVjdCB0byB0aGUgVlBOIFNlcnZlci4NCiMgDQojIEl0IGlzIG5vdCByZWNvbW1lbmRlZCB0byBtb2RpZnkgaXQgdW5sZXNzIHlvdSBoYXZlIGEgcGFydGljdWxhciBuZWVkLg0KDQpyZXNvbHYtcmV0cnkgaW5maW5pdGUNCm5vYmluZA0KcGVyc2lzdC1rZXkNCnBlcnNpc3QtdHVuDQpjbGllbnQNCnZlcmIgMw0KI2F1dGgtdXNlci1wYXNzDQoNCg0KIyMjIyMjIyMjIyMjIyMjIyMjIyMjIyMjIyMjIyMjIyMjIyMjIyMjIyMjIyMjIyMjIyMjIyMjIyMjIyMjIyMjIyMjIyMjIyMjIyMjIyMjIw0KIyBUaGUgY2VydGlmaWNhdGUgZmlsZSBvZiB0aGUgZGVzdGluYXRpb24gVlBOIFNlcnZlci4NCiMgDQojIFRoZSBDQSBjZXJ0aWZpY2F0ZSBmaWxlIGlzIGVtYmVkZGVkIGluIHRoZSBpbmxpbmUgZm9ybWF0Lg0KIyBZb3UgY2FuIHJlcGxhY2UgdGhpcyBDQSBjb250ZW50cyBpZiBuZWNlc3NhcnkuDQojIFBsZWFzZSBub3RlIHRoYXQgaWYgdGhlIHNlcnZlciBjZXJ0aWZpY2F0ZSBpcyBub3QgYSBzZWxmLXNpZ25lZCwgeW91IGhhdmUgdG8NCiMgc3BlY2lmeSB0aGUgc2lnbmVyJ3Mgcm9vdCBjZXJ0aWZpY2F0ZSAoQ0EpIGhlcmUuDQoNCjxjYT4NCi0tLS0tQkVHSU4gQ0VSVElGSUNBVEUtLS0tLQ0KTUlJRmF6Q0NBMU9nQXdJQkFnSVJBSUlRejdEU1FPTlpSR1BndTJPQ2l3QXdEUVlKS29aSWh2Y05BUUVMQlFBdw0KVHpFTE1Ba0dBMVVFQmhNQ1ZWTXhLVEFuQmdOVkJBb1RJRWx1ZEdWeWJtVjBJRk5sWTNWeWFYUjVJRkpsYzJWaA0KY21Ob0lFZHliM1Z3TVJVd0V3WURWUVFERXd4SlUxSkhJRkp2YjNRZ1dERXdIaGNOTVRVd05qQTBNVEV3TkRNNA0KV2hjTk16VXdOakEwTVRFd05ETTRXakJQTVFzd0NRWURWUVFHRXdKVlV6RXBNQ2NHQTFVRUNoTWdTVzUwWlhKdQ0KWlhRZ1UyVmpkWEpwZEhrZ1VtVnpaV0Z5WTJnZ1IzSnZkWEF4RlRBVEJnTlZCQU1UREVsVFVrY2dVbTl2ZENCWQ0KTVRDQ0FpSXdEUVlKS29aSWh2Y05BUUVCQlFBRGdnSVBBRENDQWdvQ2dnSUJBSzNvSkhQMEZEZnptNTRyVnlnYw0KaDc3Y3Q5ODRrSXh1UE9aWG9IajNkY0tpL3ZWcWJ2WUFUeWpiM21pR2JFU1R0ckZqL1JRU2E3OGYwdW94bXlGKw0KMFRNOHVrajEzWG5mczdqL0V2RWhta3ZCaW9aeGFVcG1abXlQZmp4d3Y2MHBJZ2J6NU1EbWdLN2lTNCszbVg2VQ0KQTUvVFI1ZDhtVWdqVStnNHJrOEtiNE11MFVsWGpJQjB0dG92MERpTmV3TndJUnQxOGpBOCtvK3UzZHBqcStzVw0KVDhLT0VVdCt6d3ZvLzdWM0x2U3llMHJnVEJJbERIQ05BeW1nNFZNazdCUFo3aG0vRUxOS2pEK0pvMkZSM3F5SA0KQjVUMFkzSHNMdUp2VzVpQjRZbGNOSGxzZHU4N2tHSjU1dHVrbWk4bXhkQVE0UTdlMlJDT0Z2dTM5NmozeCtVQw0KQjVpUE5naVY1K0kzbGcwMmRaNzdEbkt4SFp1OEEvbEpCZGlCM1FXMEt0WkI2YXdCZHBVS0Q5amYxYjBTSHpVdg0KS0JkczBwakJxQWxrZDI1SE43ck9yRmxlYUoxL2N0YUp4UVpCS1Q1WlB0MG05U1RKRWFkYW8weEFIMGFobWJXbg0KT2xGdWhqdWVmWEtuRWdWNFdlMCtVWGdWQ3dPUGpkQXZCYkkrZTBvY1MzTUZFdnpHNnVCUUUzeERrM1N6eW5Ubg0Kamg4QkNOQXcxRnR4TnJRSHVzRXdNRnhJdDRJN21LWjlZSXFpb3ltQ3pMcTlnd1Fib29NRFFhSFdCZkVid3Jidw0KcUh5R08wYW9TQ3FJM0hhYWRyOGZhcVU5R1kvck9QTmszc2dyRFFvby8vZmI0aFZDMUNMUUoxM2hlZjRZNTNDSQ0KclU3bTJZczZ4dDBuVVc3L3ZHVDFNME5QQWdNQkFBR2pRakJBTUE0R0ExVWREd0VCL3dRRUF3SUJCakFQQmdOVg0KSFJNQkFmOEVCVEFEQVFIL01CMEdBMVVkRGdRV0JCUjV0Rm5tZTdibDVBRnpnQWlJeUJwWTl1bWJiakFOQmdrcQ0KaGtpRzl3MEJBUXNGQUFPQ0FnRUFWUjlZcWJ5eXFGRFFETEhZR21rZ0p5a0lyR0YxWElwdStJTGxhUy9WOWxaTA0KdWJoekVGblRJWmQrNTB4eCs3TFNZSzA1cUF2cUZ5RldoZkZRRGxucnp1Qlo2YnJKRmUrR25ZK0VnUGJrNlpHUQ0KM0JlYllodEY4R2FWMG54dnd1bzc3eC9QeTlhdUovR3BzTWl1L1gxK212b2lCT3YvMlgvcWtTc2lzUmNPai9LSw0KTkZ0WTJQd0J5VlM1dUNiTWlvZ3ppVXd0aER5QzMrNldWd1c2TEx2M3hMZkhUanVDdmpISUluTnprdEhDZ0tRNQ0KT1JBekk0Sk1QSitHc2xXWUhiNHBob3dpbTU3aWF6dFhPb0p3VGR3Sng0bkxDZ2ROYk9oZGpzbnZ6cXZIdTdVcg0KVGtYV1N0QW16T1Z5eWdocXBaWGpGYUgzcE8zSkxGK2wrLytzS0FJdXZ0ZDd1K054ZTVBVzB3ZGVSbE44TndkQw0Kak5QRWxwelZtYlVxNEpVYWdFaXVURGtIenN4SHBGS1ZLN3E0KzYzU00xTjk1UjFOYmRXaHNjZENiK1pBSnpWYw0Kb3lpM0I0M25qVE9RNXlPZisxQ2NlV3hHMWJRVnM1WnVmcHNNbGpxNFVpMC8xbHZoK3dqQ2hQNGtxS09KMnF4cQ0KNFJncXNhaERZVnZUSDl3N2pYYnlMZWlOZGQ4WE0ydzlVL3Q3eTBGZi85eWkwR0U0NFphNHJGMkxOOWQxMVRQQQ0KbVJHdW5VSEJjbldFdmdKQlFsOW5KRWlVMFpzbnZnYy91YmhQZ1hSUjRYcTM3WjBqNHI3ZzFTZ0VFend4QTU3ZA0KZW15UHhnY1l4bi9lUjQ0L0tKNEVCcytsVkRSM3ZleUptK2tYUTk5YjIxLytqaDVYb3MxQW5YNWlJdHJlR0NjPQ0KLS0tLS1FTkQgQ0VSVElGSUNBVEUtLS0tLQ0KDQo8L2NhPg0KDQoNCiMjIyMjIyMjIyMjIyMjIyMjIyMjIyMjIyMjIyMjIyMjIyMjIyMjIyMjIyMjIyMjIyMjIyMjIyMjIyMjIyMjIyMjIyMjIyMjIyMjIyMjIyMNCiMgVGhlIGNsaWVudCBjZXJ0aWZpY2F0ZSBmaWxlIChkdW1teSkuDQojIA0KIyBJbiBzb21lIGltcGxlbWVudGF0aW9ucyBvZiBPcGVuVlBOIENsaWVudCBzb2Z0d2FyZQ0KIyAoZm9yIGV4YW1wbGU6IE9wZW5WUE4gQ2xpZW50IGZvciBpT1MpLA0KIyBhIHBhaXIgb2YgY2xpZW50IGNlcnRpZmljYXRlIGFuZCBwcml2YXRlIGtleSBtdXN0IGJlIGluY2x1ZGVkIG9uIHRoZQ0KIyBjb25maWd1cmF0aW9uIGZpbGUgZHVlIHRvIHRoZSBsaW1pdGF0aW9uIG9mIHRoZSBjbGllbnQuDQojIFNvIHRoaXMgc2FtcGxlIGNvbmZpZ3VyYXRpb24gZmlsZSBoYXMgYSBkdW1teSBwYWlyIG9mIGNsaWVudCBjZXJ0aWZpY2F0ZQ0KIyBhbmQgcHJpdmF0ZSBrZXkgYXMgZm9sbG93cy4NCg0KPGNlcnQ+DQotLS0tLUJFR0lOIENFUlRJRklDQVRFLS0tLS0NCk1JSUN4akNDQWE0Q0FRQXdEUVlKS29aSWh2Y05BUUVGQlFBd0tURWFNQmdHQTFVRUF4TVJWbEJPUjJGMFpVTnMNCmFXVnVkRU5sY25ReEN6QUpCZ05WQkFZVEFrcFFNQjRYRFRFek1ESXhNVEF6TkRrME9Wb1hEVE0zTURFeE9UQXoNCk1UUXdOMW93S1RFYU1CZ0dBMVVFQXhNUlZsQk9SMkYwWlVOc2FXVnVkRU5sY25ReEN6QUpCZ05WQkFZVEFrcFENCk1JSUJJakFOQmdrcWhraUc5dzBCQVFFRkFBT0NBUThBTUlJQkNnS0NBUUVBNWgybGdRUVlVandvS1lKYnpWWkENCjVWY0lHZDVvdFBjL3FaUk10MEtJdENGQTBzOVJ3UmVOVmE5ZkRSRkxSQmhjSVRPbHYzRkJjVzNFOGgxVXM3UkQNCjRXOEdtSmU4emFwSm5Mc0QzOU9TTVJDelpKbmN6VzRPQ0gxUFpSWldLcUR0amxOY2E5QUY4YTY1alRtbER4Q1ENCkNqbnRMSVdrNU9MTFZrRnQ5L3RTY2MxR0R0Y2k1NW9maGFOQVlNUGlIN1Y4KzFnNjZwR0hYQW9XSzZBUVZINjcNClhDS0puR0I1bmxRK0hzTVlQVi9PNDlMZDkxWk4vMnRIa2NhTEx5TnR5d3hWUFJTc1JoNDgwamp1MGZjQ3N2NmgNCnAvMHlYblRCLy9tV3V0QkdwZFVsSWJ3aUlUYkFtcnNiWW5qaWdSdm5QcVgxUk5KVWJpOUZwNkMyYy9ISUZKR0QNCnl3SURBUUFCTUEwR0NTcUdTSWIzRFFFQkJRVUFBNElCQVFDaE81aGdjdy80b1dmb0VGTHU5a0JhMUIvL2t4SDgNCmhRa0NoVk5uOEJSQzdZMFVSUWl0UGwzREtFZWQ5VVJCRGRnMktPQXo3N2JiNkVOUGlsaUQrYTM4VUpISVJNcWUNClVCSGhsbE9ISXp2RGhIRmJhb3ZBTEJRY2VlQnpka1F4c0tRRVNLbVFtUjgzMjk1MFVDb3ZveVJCNjFVeUFWN2gNCittWmhZUEdSS1hLU0pJNnMwRWdnL0NyaStDd2s0YmpKZnJiNWhWc2UxMXloNEQ5TUhod1NmQ09IKzB6NGhQVVQNCkZrdTdkR2F2VVJPNVNWeE1uL3NMNkVuNUQrb1NlWGthZEhwRHMrQWlyeW0yWUhoMTVoMCtqUFNPb1I2eWlWcC8NCjZ6WmVaa3JONDNrdVM3M0twS0RGamZGUGg4dDRyMWdPSWp0dGtOY1FxQmNjdXNucGxRN0hKcHNrDQotLS0tLUVORCBDRVJUSUZJQ0FURS0tLS0tDQoNCjwvY2VydD4NCg0KPGtleT4NCi0tLS0tQkVHSU4gUlNBIFBSSVZBVEUgS0VZLS0tLS0NCk1JSUVwQUlCQUFLQ0FRRUE1aDJsZ1FRWVVqd29LWUpielZaQTVWY0lHZDVvdFBjL3FaUk10MEtJdENGQTBzOVINCndSZU5WYTlmRFJGTFJCaGNJVE9sdjNGQmNXM0U4aDFVczdSRDRXOEdtSmU4emFwSm5Mc0QzOU9TTVJDelpKbmMNCnpXNE9DSDFQWlJaV0txRHRqbE5jYTlBRjhhNjVqVG1sRHhDUUNqbnRMSVdrNU9MTFZrRnQ5L3RTY2MxR0R0Y2kNCjU1b2ZoYU5BWU1QaUg3VjgrMWc2NnBHSFhBb1dLNkFRVkg2N1hDS0puR0I1bmxRK0hzTVlQVi9PNDlMZDkxWk4NCi8ydEhrY2FMTHlOdHl3eFZQUlNzUmg0ODBqanUwZmNDc3Y2aHAvMHlYblRCLy9tV3V0QkdwZFVsSWJ3aUlUYkENCm1yc2JZbmppZ1J2blBxWDFSTkpVYmk5RnA2QzJjL0hJRkpHRHl3SURBUUFCQW9JQkFFUlY3WDVBdnhBOHVSaUsNCms4U0lwc0QwZFgxcEpPTUl3YWtVVnl2YzRFZk4wRGhLUk5iNHJZb1NpRUdUTHl6THB5QmMvQTI4RGxrbTVlT1kNCmZqelhmWWtHdFlpL0Z0eGtnM085dmNyTVE0KzZpK3VHSGFJTDJyTCtzNE1yZk84djF4djYrV2t5MzNFRUdDb3UNClFpd1ZHUkZRWG5Sb1E2Mk5CQ0ZiVU5MaG1Yd2RqMWFrWnpMVTRwNVI0ekEzUWhkeHdFSWF0Vkx0MCs3b3dMUTMNCmxQOHNmWGhwcFBPWGpUcU1ENFFrWXd6UEFhOC96RjdhY240a3J5clVQN1E2UEFmZDB6RVZxTnk5WkNaOWZmaG8NCnpYZWRGajQ4NklGb2M1Z25UcDJONmpzblZqNExDR0lobFZIbFlHb3pLS0ZxSmNRVkdzSENxcTFvejJ6alc2TFMNCm9SWUlIZ0VDZ1lFQTh6WnJrQ3dOWVNYSnVPREozbS9oT0xWeGN4Z0p1d1hvaUVyV2QwRTQydlBhbmpqVk1obnQNCktZNWw4cUdNSjZGaEs5TFl4MnFDcmYvRTBYdFVBWjJ3VnEzT1JUeUduc01XcmU5dExZczU1WCtaTjEwVGM3NXoNCjRoYWNiVTBocUtOMUhpRG1zTVJZMy8yTmFaSG95N01LbndKSkJhRzQ4bDlDQ1RsVndNSG9jSUVDZ1lFQThqYnkNCmRHanhUSCs2WEhXTml6YjVTUmJaeEFueUVlSmVSd1RNaDBnR3p3R1BwSC9zWllHenl1MFN5U1hXQ25aaDNSZ3ENCjV1TGxOeHRyWHJsalpseWkyblFkUWdzcTJZcldVczAremdVKzIydVFzWnBTQWZ0bWhWcnR2ZXQ2TWpWamJCeVkNCkRBRGNpRVZVZEpZSVhrK3FuRlVKeWVyb0xJa1RqN1dZS1o2Umprc0NnWUJvQ0ZJd1JEZWc0Mm9LODlSRm1uT3INCkx5bU5BcTQrMm9NaHNXbFZiNGVqV0lXZUFrOW5jK0dYVWZyWHN6UmhTMDFtVW5VNXI1eWdVdlJjYXJWL1QzVTcNClRuTVorSTdZNERnV1JJRGQ1MXpuaHhJQnRZVjVqL0MvdDg1SGpxT2tIKzhiNlJUa2JjaGFYM21hdTdmcFVmZHMNCkZxMG5oSXE0MmZoRU84c3JmWVl3Z1FLQmdRQ3loaTFOLzh0YVJ3cGsrMy9JREV6UXdqYmZkelVrV1dTRGs5WHMNCkgvcGt1UkhXZlRNUDNmbFdxRVlnVy9MVzQwcGVXMkhEcTVpbWRWOCtBZ1p4ZS9YTWJhamk5TGd3ZjFSWTAwNW4NCkt4YVpRejd5cUh1cFdsTEdGNjhEUEh4a1pWVlNhZ0RuVi9zenRXWDZTRnNDcUZWbnhJWGlmWEdDNGNXNU5tOWcNCnZhOHE0UUtCZ1FDRWhMVmVVZmR3S3ZrWjk0Zy9HRno3MzFaMmhyZFZoZ01aYVUvdTZ0MFY5NStZZXpQTkNRWkINCndtRTlNbWxicTFlbURlUk9pdmpDZm9HaFIza1pYVzFwVEtsTGg2Wk1VUVVPcHB0ZFh2YThYeGZvcVF3YTNlbkENCk03bXVCYkYwWE43Vk84MGlKUHYrUG1JWmRFSUFrcHdLZmkyMDFZQitCYWZDSXVHeElGNTBWZz09DQotLS0tLUVORCBSU0EgUFJJVkFURSBLRVktLS0tLQ0KDQo8L2tleT4NCg0K
vpn949158831,183.80.245.41,643159,22,183109384,Viet Nam,VN,21,0,177054,29176722128940,2weeks,DESKTOP-59B8GLU's owner,,IyMjIyMjIyMjIyMjIyMjIyMjIyMjIyMjIyMjIyMjIyMjIyMjIyMjIyMjIyMjIyMjIyMjIyMjIyMjIyMjIyMjIyMjIyMjIyMjIyMjIyMjIw0KIyBPcGVuVlBOIDIuMCBTYW1wbGUgQ29uZmlndXJhdGlvbiBGaWxlDQojIGZvciBQYWNrZXRpWCBWUE4gLyBTb2Z0RXRoZXIgVlBOIFNlcnZlcg0KIyANCiMgISEhIEFVVE8tR0VORVJBVEVEIEJZIFNPRlRFVEhFUiBWUE4gU0VSVkVSIE1BTkFHRU1FTlQgVE9PTCAhISENCiMgDQojICEhISBZT1UgSEFWRSBUTyBSRVZJRVcgSVQgQkVGT1JFIFVTRSBBTkQgTU9ESUZZIElUIEFTIE5FQ0VTU0FSWSAhISENCiMgDQojIFRoaXMgY29uZmlndXJhdGlvbiBmaWxlIGlzIGF1dG8tZ2VuZXJhdGVkLiBZb3UgbWlnaHQgdXNlIHRoaXMgY29uZmlnIGZpbGUNCiMgaW4gb3JkZXIgdG8gY29ubmVjdCB0byB0aGUgUGFja2V0aVggVlBOIC8gU29mdEV0aGVyIFZQTiBTZXJ2ZXIuDQojIEhvd2V2ZXIsIGJlZm9yZSB5b3UgdHJ5IGl0LCB5b3Ugc2hvdWxkIHJldmlldyB0aGUgZGVzY3JpcHRpb25zIG9mIHRoZSBmaWxlDQojIHRvIGRldGVybWluZSB0aGUgbmVjZXNzaXR5IHRvIG1vZGlmeSB0byBzdWl0YWJsZSBmb3IgeW91ciByZWFsIGVudmlyb25tZW50Lg0KIyBJZiBuZWNlc3NhcnksIHlvdSBoYXZlIHRvIG1vZGlmeSBhIGxpdHRsZSBhZGVxdWF0ZWx5IG9uIHRoZSBmaWxlLg0KIyBGb3IgZXhhbXBsZSwgdGhlIElQIGFkZHJlc3Mgb3IgdGhlIGhvc3RuYW1lIGFzIGEgZGVzdGluYXRpb24gVlBOIFNlcnZlcg0KIyBzaG91bGQgYmUgY29uZmlybWVkLg0KIyANCiMgTm90ZSB0aGF0IHRvIHVzZSBPcGVuVlBOIDIuMCwgeW91IGhhdmUgdG8gcHV0IHRoZSBjZXJ0aWZpY2F0aW9uIGZpbGUgb2YNCiMgdGhlIGRlc3RpbmF0aW9uIFZQTiBTZXJ2ZXIgb24gdGhlIE9wZW5WUE4gQ2xpZW50IGNvbXB1dGVyIHdoZW4geW91IHVzZSB0aGlzDQojIGNvbmZpZyBmaWxlLiBQbGVhc2UgcmVmZXIgdGhlIGJlbG93IGRlc2NyaXB0aW9ucyBjYXJlZnVsbHkuDQoNCg0KIyMjIyMjIyMjIyMjIyMjIyMjIyMjIyMjIyMjIyMjIyMjIyMjIyMjIyMjIyMjIyMjIyMjIyMjIyMjIyMjIyMjIyMjIyMjIyMjIyMjIyMjIw0KIyBTcGVjaWZ5IHRoZSB0eXBlIG9mIHRoZSBsYXllciBvZiB0aGUgVlBOIGNvbm5lY3Rpb24uDQojIA0KIyBUbyBjb25uZWN0IHRvIHRoZSBWUE4gU2VydmVyIGFzIGEgIlJlbW90ZS1BY2Nlc3MgVlBOIENsaWVudCBQQyIsDQojICBzcGVjaWZ5ICdkZXYgdHVuJy4gKExheWVyLTMgSVAgUm91dGluZyBNb2RlKQ0KIw0KIyBUbyBjb25uZWN0IHRvIHRoZSBWUE4gU2VydmVyIGFzIGEgYnJpZGdpbmcgZXF1aXBtZW50IG9mICJTaXRlLXRvLVNpdGUgVlBOIiwNCiMgIHNwZWNpZnkgJ2RldiB0YXAnLiAoTGF5ZXItMiBFdGhlcm5ldCBCcmlkZ2luZSBNb2RlKQ0KDQpkZXYgdHVuDQoNCg0KIyMjIyMjIyMjIyMjIyMjIyMjIyMjIyMjIyMjIyMjIyMjIyMjIyMjIyMjIyMjIyMjIyMjIyMjIyMjIyMjIyMjIyMjIyMjIyMjIyMjIyMjIw0KIyBTcGVjaWZ5IHRoZSB1bmRlcmx5aW5nIHByb3RvY29sIGJleW9uZCB0aGUgSW50ZXJuZXQuDQojIE5vdGUgdGhhdCB0aGlzIHNldHRpbmcgbXVzdCBiZSBjb3JyZXNwb25kIHdpdGggdGhlIGxpc3RlbmluZyBzZXR0aW5nIG9uDQojIHRoZSBWUE4gU2VydmVyLg0KIyANCiMgU3BlY2lmeSBlaXRoZXIgJ3Byb3RvIHRjcCcgb3IgJ3Byb3RvIHVkcCcuDQoNCnByb3RvIHRjcA0KDQoNCiMjIyMjIyMjIyMjIyMjIyMjIyMjIyMjIyMjIyMjIyMjIyMjIyMjIyMjIyMjIyMjIyMjIyMjIyMjIyMjIyMjIyMjIyMjIyMjIyMjIyMjIyMNCiMgVGhlIGRlc3RpbmF0aW9uIGhvc3RuYW1lIC8gSVAgYWRkcmVzcywgYW5kIHBvcnQgbnVtYmVyIG9mDQojIHRoZSB0YXJnZXQgVlBOIFNlcnZlci4NCiMgDQojIFlvdSBoYXZlIHRvIHNwZWNpZnkgYXMgJ3JlbW90ZSA8SE9TVE5BTUU+IDxQT1JUPicuIFlvdSBjYW4gYWxzbw0KIyBzcGVjaWZ5IHRoZSBJUCBhZGRyZXNzIGluc3RlYWQgb2YgdGhlIGhvc3RuYW1lLg0KIyANCiMgTm90ZSB0aGF0IHRoZSBhdXRvLWdlbmVyYXRlZCBiZWxvdyBob3N0bmFtZSBhcmUgYSAiYXV0by1kZXRlY3RlZA0KIyBJUCBhZGRyZXNzIiBvZiB0aGUgVlBOIFNlcnZlci4gWW91IGhhdmUgdG8gY29uZmlybSB0aGUgY29ycmVjdG5lc3MNCiMgYmVmb3JlaGFuZC4NCiMgDQojIFdoZW4geW91IHdhbnQgdG8gY29ubmVjdCB0byB0aGUgVlBOIFNlcnZlciBieSB1c2luZyBUQ1AgcHJvdG9jb2wsDQojIHRoZSBwb3J0IG51bWJlciBvZiB0aGUgZGVzdGluYXRpb24gVENQIHBvcnQgc2hvdWxkIGJlIHNhbWUgYXMgb25lIG9mDQojIHRoZSBhdmFpbGFibGUgVENQIGxpc3RlbmVycyBvbiB0aGUgVlBOIFNlcnZlci4NCiMgDQojIFdoZW4geW91IHVzZSBVRFAgcHJvdG9jb2wsIHRoZSBwb3J0IG51bWJlciBtdXN0IHNhbWUgYXMgdGhlIGNvbmZpZ3VyYXRpb24NCiMgc2V0dGluZyBvZiAiT3BlblZQTiBTZXJ2ZXIgQ29tcGF0aWJsZSBGdW5jdGlvbiIgb24gdGhlIFZQTiBTZXJ2ZXIuDQoNCnJlbW90ZSAxODMuODAuMjQ1LjQxIDE2NjANCg0KDQojIyMjIyMjIyMjIyMjIyMjIyMjIyMjIyMjIyMjIyMjIyMjIyMjIyMjIyMjIyMjIyMjIyMjIyMjIyMjIyMjIyMjIyMjIyMjIyMjIyMjIyMjDQojIFRoZSBIVFRQL0hUVFBTIHByb3h5IHNldHRpbmcuDQojIA0KIyBPbmx5IGlmIHlvdSBoYXZlIHRvIHVzZSB0aGUgSW50ZXJuZXQgdmlhIGEgcHJveHksIHVuY29tbWVudCB0aGUgYmVsb3cNCiMgdHdvIGxpbmVzIGFuZCBzcGVjaWZ5IHRoZSBwcm94eSBhZGRyZXNzIGFuZCB0aGUgcG9ydCBudW1iZXIuDQojIEluIHRoZSBjYXNlIG9mIHVzaW5nIHByb3h5LWF1dGhlbnRpY2F0aW9uLCByZWZlciB0aGUgT3BlblZQTiBtYW51YWwuDQoNCjtodHRwLXByb3h5LXJldHJ5DQo7aHR0cC1wcm94eSBbcHJveHkgc2VydmVyXSBbcHJveHkgcG9ydF0NCg0KDQojIyMjIyMjIyMjIyMjIyMjIyMjIyMjIyMjIyMjIyMjIyMjIyMjIyMjIyMjIyMjIyMjIyMjIyMjIyMjIyMjIyMjIyMjIyMjIyMjIyMjIyMjDQojIFRoZSBlbmNyeXB0aW9uIGFuZCBhdXRoZW50aWNhdGlvbiBhbGdvcml0aG0uDQojIA0KIyBEZWZhdWx0IHNldHRpbmcgaXMgZ29vZC4gTW9kaWZ5IGl0IGFzIHlvdSBwcmVmZXIuDQojIFdoZW4geW91IHNwZWNpZnkgYW4gdW5zdXBwb3J0ZWQgYWxnb3JpdGhtLCB0aGUgZXJyb3Igd2lsbCBvY2N1ci4NCiMgDQojIFRoZSBzdXBwb3J0ZWQgYWxnb3JpdGhtcyBhcmUgYXMgZm9sbG93czoNCiMgIGNpcGhlcjogW05VTEwtQ0lQSEVSXSBOVUxMIEFFUy0xMjgtQ0JDIEFFUy0xOTItQ0JDIEFFUy0yNTYtQ0JDIEJGLUNCQw0KIyAgICAgICAgICBDQVNULUNCQyBDQVNUNS1DQkMgREVTLUNCQyBERVMtRURFLUNCQyBERVMtRURFMy1DQkMgREVTWC1DQkMNCiMgICAgICAgICAgUkMyLTQwLUNCQyBSQzItNjQtQ0JDIFJDMi1DQkMNCiMgIGF1dGg6ICAgU0hBIFNIQTEgTUQ1IE1ENCBSTUQxNjANCg0KY2lwaGVyIEFFUy0xMjgtQ0JDDQphdXRoIFNIQTENCg0KDQojIyMjIyMjIyMjIyMjIyMjIyMjIyMjIyMjIyMjIyMjIyMjIyMjIyMjIyMjIyMjIyMjIyMjIyMjIyMjIyMjIyMjIyMjIyMjIyMjIyMjIyMjDQojIE90aGVyIHBhcmFtZXRlcnMgbmVjZXNzYXJ5IHRvIGNvbm5lY3QgdG8gdGhlIFZQTiBTZXJ2ZXIuDQojIA0KIyBJdCBpcyBub3QgcmVjb21tZW5kZWQgdG8gbW9kaWZ5IGl0IHVubGVzcyB5b3UgaGF2ZSBhIHBhcnRpY3VsYXIgbmVlZC4NCg0KcmVzb2x2LXJldHJ5IGluZmluaXRlDQpub2JpbmQNCnBlcnNpc3Qta2V5DQpwZXJzaXN0LXR1bg0KY2xpZW50DQp2ZXJiIDMNCiNhdXRoLXVzZXItcGFzcw0KDQoNCiMjIyMjIyMjIyMjIyMjIyMjIyMjIyMjIyMjIyMjIyMjIyMjIyMjIyMjIyMjIyMjIyMjIyMjIyMjIyMjIyMjIyMjIyMjIyMjIyMjIyMjIyMNCiMgVGhlIGNlcnRpZmljYXRlIGZpbGUgb2YgdGhlIGRlc3RpbmF0aW9uIFZQTiBTZXJ2ZXIuDQojIA0KIyBUaGUgQ0EgY2VydGlmaWNhdGUgZmlsZSBpcyBlbWJlZGRlZCBpbiB0aGUgaW5saW5lIGZvcm1hdC4NCiMgWW91IGNhbiByZXBsYWNlIHRoaXMgQ0EgY29udGVudHMgaWYgbmVjZXNzYXJ5Lg0KIyBQbGVhc2Ugbm90ZSB0aGF0IGlmIHRoZSBzZXJ2ZXIgY2VydGlmaWNhdGUgaXMgbm90IGEgc2VsZi1zaWduZWQsIHlvdSBoYXZlIHRvDQojIHNwZWNpZnkgdGhlIHNpZ25lcidzIHJvb3QgY2VydGlmaWNhdGUgKENBKSBoZXJlLg0KDQo8Y2E+DQotLS0tLUJFR0lOIENFUlRJRklDQVRFLS0tLS0NCk1JSUZhekNDQTFPZ0F3SUJBZ0lSQUlJUXo3RFNRT05aUkdQZ3UyT0Npd0F3RFFZSktvWklodmNOQVFFTEJRQXcNClR6RUxNQWtHQTFVRUJoTUNWVk14S1RBbkJnTlZCQW9USUVsdWRHVnlibVYwSUZObFkzVnlhWFI1SUZKbGMyVmgNCmNtTm9JRWR5YjNWd01SVXdFd1lEVlFRREV3eEpVMUpISUZKdmIzUWdXREV3SGhjTk1UVXdOakEwTVRFd05ETTQNCldoY05NelV3TmpBME1URXdORE00V2pCUE1Rc3dDUVlEVlFRR0V3SlZVekVwTUNjR0ExVUVDaE1nU1c1MFpYSnUNClpYUWdVMlZqZFhKcGRIa2dVbVZ6WldGeVkyZ2dSM0p2ZFhBeEZUQVRCZ05WQkFNVERFbFRVa2NnVW05dmRDQlkNCk1UQ0NBaUl3RFFZSktvWklodmNOQVFFQkJRQURnZ0lQQURDQ0Fnb0NnZ0lCQUszb0pIUDBGRGZ6bTU0clZ5Z2MNCmg3N2N0OTg0a0l4dVBPWlhvSGozZGNLaS92VnFidllBVHlqYjNtaUdiRVNUdHJGai9SUVNhNzhmMHVveG15RisNCjBUTTh1a2oxM1huZnM3ai9FdkVobWt2QmlvWnhhVXBtWm15UGZqeHd2NjBwSWdiejVNRG1nSzdpUzQrM21YNlUNCkE1L1RSNWQ4bVVnalUrZzRyazhLYjRNdTBVbFhqSUIwdHRvdjBEaU5ld053SVJ0MThqQTgrbyt1M2RwanErc1cNClQ4S09FVXQrend2by83VjNMdlN5ZTByZ1RCSWxESENOQXltZzRWTWs3QlBaN2htL0VMTktqRCtKbzJGUjNxeUgNCkI1VDBZM0hzTHVKdlc1aUI0WWxjTkhsc2R1ODdrR0o1NXR1a21pOG14ZEFRNFE3ZTJSQ09GdnUzOTZqM3grVUMNCkI1aVBOZ2lWNStJM2xnMDJkWjc3RG5LeEhadThBL2xKQmRpQjNRVzBLdFpCNmF3QmRwVUtEOWpmMWIwU0h6VXYNCktCZHMwcGpCcUFsa2QyNUhON3JPckZsZWFKMS9jdGFKeFFaQktUNVpQdDBtOVNUSkVhZGFvMHhBSDBhaG1iV24NCk9sRnVoanVlZlhLbkVnVjRXZTArVVhnVkN3T1BqZEF2QmJJK2Uwb2NTM01GRXZ6RzZ1QlFFM3hEazNTenluVG4NCmpoOEJDTkF3MUZ0eE5yUUh1c0V3TUZ4SXQ0STdtS1o5WUlxaW95bUN6THE5Z3dRYm9vTURRYUhXQmZFYndyYncNCnFIeUdPMGFvU0NxSTNIYWFkcjhmYXFVOUdZL3JPUE5rM3NnckRRb28vL2ZiNGhWQzFDTFFKMTNoZWY0WTUzQ0kNCnJVN20yWXM2eHQwblVXNy92R1QxTTBOUEFnTUJBQUdqUWpCQU1BNEdBMVVkRHdFQi93UUVBd0lCQmpBUEJnTlYNCkhSTUJBZjhFQlRBREFRSC9NQjBHQTFVZERnUVdCQlI1dEZubWU3Ymw1QUZ6Z0FpSXlCcFk5dW1iYmpBTkJna3ENCmhraUc5dzBCQVFzRkFBT0NBZ0VBVlI5WXFieXlxRkRRRExIWUdta2dKeWtJckdGMVhJcHUrSUxsYVMvVjlsWkwNCnViaHpFRm5USVpkKzUweHgrN0xTWUswNXFBdnFGeUZXaGZGUURsbnJ6dUJaNmJySkZlK0duWStFZ1BiazZaR1ENCjNCZWJZaHRGOEdhVjBueHZ3dW83N3gvUHk5YXVKL0dwc01pdS9YMSttdm9pQk92LzJYL3FrU3Npc1JjT2ovS0sNCk5GdFkyUHdCeVZTNXVDYk1pb2d6aVV3dGhEeUMzKzZXVndXNkxMdjN4TGZIVGp1Q3ZqSElJbk56a3RIQ2dLUTUNCk9SQXpJNEpNUEorR3NsV1lIYjRwaG93aW01N2lhenRYT29Kd1Rkd0p4NG5MQ2dkTmJPaGRqc252enF2SHU3VXINClRrWFdTdEFtek9WeXlnaHFwWlhqRmFIM3BPM0pMRitsKy8rc0tBSXV2dGQ3dStOeGU1QVcwd2RlUmxOOE53ZEMNCmpOUEVscHpWbWJVcTRKVWFnRWl1VERrSHpzeEhwRktWSzdxNCs2M1NNMU45NVIxTmJkV2hzY2RDYitaQUp6VmMNCm95aTNCNDNualRPUTV5T2YrMUNjZVd4RzFiUVZzNVp1ZnBzTWxqcTRVaTAvMWx2aCt3akNoUDRrcUtPSjJxeHENCjRSZ3FzYWhEWVZ2VEg5dzdqWGJ5TGVpTmRkOFhNMnc5VS90N3kwRmYvOXlpMEdFNDRaYTRyRjJMTjlkMTFUUEENCm1SR3VuVUhCY25XRXZnSkJRbDluSkVpVTBac252Z2MvdWJoUGdYUlI0WHEzN1owajRyN2cxU2dFRXp3eEE1N2QNCmVteVB4Z2NZeG4vZVI0NC9LSjRFQnMrbFZEUjN2ZXlKbStrWFE5OWIyMS8ramg1WG9zMUFuWDVpSXRyZUdDYz0NCi0tLS0tRU5EIENFUlRJRklDQVRFLS0tLS0NCg0KPC9jYT4NCg0KDQojIyMjIyMjIyMjIyMjIyMjIyMjIyMjIyMjIyMjIyMjIyMjIyMjIyMjIyMjIyMjIyMjIyMjIyMjIyMjIyMjIyMjIyMjIyMjIyMjIyMjIyMjDQojIFRoZSBjbGllbnQgY2VydGlmaWNhdGUgZmlsZSAoZHVtbXkpLg0KIyANCiMgSW4gc29tZSBpbXBsZW1lbnRhdGlvbnMgb2YgT3BlblZQTiBDbGllbnQgc29mdHdhcmUNCiMgKGZvciBleGFtcGxlOiBPcGVuVlBOIENsaWVudCBmb3IgaU9TKSwNCiMgYSBwYWlyIG9mIGNsaWVudCBjZXJ0aWZpY2F0ZSBhbmQgcHJpdmF0ZSBrZXkgbXVzdCBiZSBpbmNsdWRlZCBvbiB0aGUNCiMgY29uZmlndXJhdGlvbiBmaWxlIGR1ZSB0byB0aGUgbGltaXRhdGlvbiBvZiB0aGUgY2xpZW50Lg0KIyBTbyB0aGlzIHNhbXBsZSBjb25maWd1cmF0aW9uIGZpbGUgaGFzIGEgZHVtbXkgcGFpciBvZiBjbGllbnQgY2VydGlmaWNhdGUNCiMgYW5kIHByaXZhdGUga2V5IGFzIGZvbGxvd3MuDQoNCjxjZXJ0Pg0KLS0tLS1CRUdJTiBDRVJUSUZJQ0FURS0tLS0tDQpNSUlDeGpDQ0FhNENBUUF3RFFZSktvWklodmNOQVFFRkJRQXdLVEVhTUJnR0ExVUVBeE1SVmxCT1IyRjBaVU5zDQphV1Z1ZEVObGNuUXhDekFKQmdOVkJBWVRBa3BRTUI0WERURXpNREl4TVRBek5EazBPVm9YRFRNM01ERXhPVEF6DQpNVFF3TjFvd0tURWFNQmdHQTFVRUF4TVJWbEJPUjJGMFpVTnNhV1Z1ZEVObGNuUXhDekFKQmdOVkJBWVRBa3BRDQpNSUlCSWpBTkJna3Foa2lHOXcwQkFRRUZBQU9DQVE4QU1JSUJDZ0tDQVFFQTVoMmxnUVFZVWp3b0tZSmJ6VlpBDQo1VmNJR2Q1b3RQYy9xWlJNdDBLSXRDRkEwczlSd1JlTlZhOWZEUkZMUkJoY0lUT2x2M0ZCY1czRThoMVVzN1JEDQo0VzhHbUplOHphcEpuTHNEMzlPU01SQ3paSm5jelc0T0NIMVBaUlpXS3FEdGpsTmNhOUFGOGE2NWpUbWxEeENRDQpDam50TElXazVPTExWa0Z0OS90U2NjMUdEdGNpNTVvZmhhTkFZTVBpSDdWOCsxZzY2cEdIWEFvV0s2QVFWSDY3DQpYQ0tKbkdCNW5sUStIc01ZUFYvTzQ5TGQ5MVpOLzJ0SGtjYUxMeU50eXd4VlBSU3NSaDQ4MGpqdTBmY0NzdjZoDQpwLzB5WG5UQi8vbVd1dEJHcGRVbElid2lJVGJBbXJzYlluamlnUnZuUHFYMVJOSlViaTlGcDZDMmMvSElGSkdEDQp5d0lEQVFBQk1BMEdDU3FHU0liM0RRRUJCUVVBQTRJQkFRQ2hPNWhnY3cvNG9XZm9FRkx1OWtCYTFCLy9reEg4DQpoUWtDaFZObjhCUkM3WTBVUlFpdFBsM0RLRWVkOVVSQkRkZzJLT0F6NzdiYjZFTlBpbGlEK2EzOFVKSElSTXFlDQpVQkhobGxPSEl6dkRoSEZiYW92QUxCUWNlZUJ6ZGtReHNLUUVTS21RbVI4MzI5NTBVQ292b3lSQjYxVXlBVjdoDQorbVpoWVBHUktYS1NKSTZzMEVnZy9DcmkrQ3drNGJqSmZyYjVoVnNlMTF5aDREOU1IaHdTZkNPSCswejRoUFVUDQpGa3U3ZEdhdlVSTzVTVnhNbi9zTDZFbjVEK29TZVhrYWRIcERzK0FpcnltMllIaDE1aDAralBTT29SNnlpVnAvDQo2elplWmtyTjQza3VTNzNLcEtERmpmRlBoOHQ0cjFnT0lqdHRrTmNRcUJjY3VzbnBsUTdISnBzaw0KLS0tLS1FTkQgQ0VSVElGSUNBVEUtLS0tLQ0KDQo8L2NlcnQ+DQoNCjxrZXk+DQotLS0tLUJFR0lOIFJTQSBQUklWQVRFIEtFWS0tLS0tDQpNSUlFcEFJQkFBS0NBUUVBNWgybGdRUVlVandvS1lKYnpWWkE1VmNJR2Q1b3RQYy9xWlJNdDBLSXRDRkEwczlSDQp3UmVOVmE5ZkRSRkxSQmhjSVRPbHYzRkJjVzNFOGgxVXM3UkQ0VzhHbUplOHphcEpuTHNEMzlPU01SQ3paSm5jDQp6VzRPQ0gxUFpSWldLcUR0amxOY2E5QUY4YTY1alRtbER4Q1FDam50TElXazVPTExWa0Z0OS90U2NjMUdEdGNpDQo1NW9maGFOQVlNUGlIN1Y4KzFnNjZwR0hYQW9XSzZBUVZINjdYQ0tKbkdCNW5sUStIc01ZUFYvTzQ5TGQ5MVpODQovMnRIa2NhTEx5TnR5d3hWUFJTc1JoNDgwamp1MGZjQ3N2NmhwLzB5WG5UQi8vbVd1dEJHcGRVbElid2lJVGJBDQptcnNiWW5qaWdSdm5QcVgxUk5KVWJpOUZwNkMyYy9ISUZKR0R5d0lEQVFBQkFvSUJBRVJWN1g1QXZ4QTh1UmlLDQprOFNJcHNEMGRYMXBKT01Jd2FrVVZ5dmM0RWZOMERoS1JOYjRyWW9TaUVHVEx5ekxweUJjL0EyOERsa201ZU9ZDQpmanpYZllrR3RZaS9GdHhrZzNPOXZjck1RNCs2aSt1R0hhSUwyckwrczRNcmZPOHYxeHY2K1dreTMzRUVHQ291DQpRaXdWR1JGUVhuUm9RNjJOQkNGYlVOTGhtWHdkajFha1p6TFU0cDVSNHpBM1FoZHh3RUlhdFZMdDArN293TFEzDQpsUDhzZlhocHBQT1hqVHFNRDRRa1l3elBBYTgvekY3YWNuNGtyeXJVUDdRNlBBZmQwekVWcU55OVpDWjlmZmhvDQp6WGVkRmo0ODZJRm9jNWduVHAyTjZqc25WajRMQ0dJaGxWSGxZR296S0tGcUpjUVZHc0hDcXExb3oyempXNkxTDQpvUllJSGdFQ2dZRUE4elpya0N3TllTWEp1T0RKM20vaE9MVnhjeGdKdXdYb2lFcldkMEU0MnZQYW5qalZNaG50DQpLWTVsOHFHTUo2RmhLOUxZeDJxQ3JmL0UwWHRVQVoyd1ZxM09SVHlHbnNNV3JlOXRMWXM1NVgrWk4xMFRjNzV6DQo0aGFjYlUwaHFLTjFIaURtc01SWTMvMk5hWkhveTdNS253SkpCYUc0OGw5Q0NUbFZ3TUhvY0lFQ2dZRUE4amJ5DQpkR2p4VEgrNlhIV05pemI1U1JiWnhBbnlFZUplUndUTWgwZ0d6d0dQcEgvc1pZR3p5dTBTeVNYV0NuWmgzUmdxDQo1dUxsTnh0clhybGpabHlpMm5RZFFnc3EyWXJXVXMwK3pnVSsyMnVRc1pwU0FmdG1oVnJ0dmV0Nk1qVmpiQnlZDQpEQURjaUVWVWRKWUlYaytxbkZVSnllcm9MSWtUajdXWUtaNlJqa3NDZ1lCb0NGSXdSRGVnNDJvSzg5UkZtbk9yDQpMeW1OQXE0KzJvTWhzV2xWYjRlaldJV2VBazluYytHWFVmclhzelJoUzAxbVVuVTVyNXlnVXZSY2FyVi9UM1U3DQpUbk1aK0k3WTREZ1dSSURkNTF6bmh4SUJ0WVY1ai9DL3Q4NUhqcU9rSCs4YjZSVGtiY2hhWDNtYXU3ZnBVZmRzDQpGcTBuaElxNDJmaEVPOHNyZllZd2dRS0JnUUN5aGkxTi84dGFSd3BrKzMvSURFelF3amJmZHpVa1dXU0RrOVhzDQpIL3BrdVJIV2ZUTVAzZmxXcUVZZ1cvTFc0MHBlVzJIRHE1aW1kVjgrQWdaeGUvWE1iYWppOUxnd2YxUlkwMDVuDQpLeGFaUXo3eXFIdXBXbExHRjY4RFBIeGtaVlZTYWdEblYvc3p0V1g2U0ZzQ3FGVm54SVhpZlhHQzRjVzVObTlnDQp2YThxNFFLQmdRQ0VoTFZlVWZkd0t2a1o5NGcvR0Z6NzMxWjJocmRWaGdNWmFVL3U2dDBWOTUrWWV6UE5DUVpCDQp3bUU5TW1sYnExZW1EZVJPaXZqQ2ZvR2hSM2taWFcxcFRLbExoNlpNVVFVT3BwdGRYdmE4WHhmb3FRd2EzZW5BDQpNN211QmJGMFhON1ZPODBpSlB2K1BtSVpkRUlBa3B3S2ZpMjAxWUIrQmFmQ0l1R3hJRjUwVmc9PQ0KLS0tLS1FTkQgUlNBIFBSSVZBVEUgS0VZLS0tLS0NCg0KPC9rZXk+DQoNCg==
vpn857325595,222.106.157.220,641086,28,88769016,Korea Republic of,KR,17,46378507,77524,9218650240298,2weeks,DESKTOP-7JMCDD2's owner,,IyMjIyMjIyMjIyMjIyMjIyMjIyMjIyMjIyMjIyMjIyMjIyMjIyMjIyMjIyMjIyMjIyMjIyMjIyMjIyMjIyMjIyMjIyMjIyMjIyMjIyMjIw0KIyBPcGVuVlBOIDIuMCBTYW1wbGUgQ29uZmlndXJhdGlvbiBGaWxlDQojIGZvciBQYWNrZXRpWCBWUE4gLyBTb2Z0RXRoZXIgVlBOIFNlcnZlcg0KIyANCiMgISEhIEFVVE8tR0VORVJBVEVEIEJZIFNPRlRFVEhFUiBWUE4gU0VSVkVSIE1BTkFHRU1FTlQgVE9PTCAhISENCiMgDQojICEhISBZT1UgSEFWRSBUTyBSRVZJRVcgSVQgQkVGT1JFIFVTRSBBTkQgTU9ESUZZIElUIEFTIE5FQ0VTU0FSWSAhISENCiMgDQojIFRoaXMgY29uZmlndXJhdGlvbiBmaWxlIGlzIGF1dG8tZ2VuZXJhdGVkLiBZb3UgbWlnaHQgdXNlIHRoaXMgY29uZmlnIGZpbGUNCiMgaW4gb3JkZXIgdG8gY29ubmVjdCB0byB0aGUgUGFja2V0aVggVlBOIC8gU29mdEV0aGVyIFZQTiBTZXJ2ZXIuDQojIEhvd2V2ZXIsIGJlZm9yZSB5b3UgdHJ5IGl0LCB5b3Ugc2hvdWxkIHJldmlldyB0aGUgZGVzY3JpcHRpb25zIG9mIHRoZSBmaWxlDQojIHRvIGRldGVybWluZSB0aGUgbmVjZXNzaXR5IHRvIG1vZGlmeSB0byBzdWl0YWJsZSBmb3IgeW91ciByZWFsIGVudmlyb25tZW50Lg0KIyBJZiBuZWNlc3NhcnksIHlvdSBoYXZlIHRvIG1vZGlmeSBhIGxpdHRsZSBhZGVxdWF0ZWx5IG9uIHRoZSBmaWxlLg0KIyBGb3IgZXhhbXBsZSwgdGhlIElQIGFkZHJlc3Mgb3IgdGhlIGhvc3RuYW1lIGFzIGEgZGVzdGluYXRpb24gVlBOIFNlcnZlcg0KIyBzaG91bGQgYmUgY29uZmlybWVkLg0KIyANCiMgTm90ZSB0aGF0IHRvIHVzZSBPcGVuVlBOIDIuMCwgeW91IGhhdmUgdG8gcHV0IHRoZSBjZXJ0aWZpY2F0aW9uIGZpbGUgb2YNCiMgdGhlIGRlc3RpbmF0aW9uIFZQTiBTZXJ2ZXIgb24gdGhlIE9wZW5WUE4gQ2xpZW50IGNvbXB1dGVyIHdoZW4geW91IHVzZSB0aGlzDQojIGNvbmZpZyBmaWxlLiBQbGVhc2UgcmVmZXIgdGhlIGJlbG93IGRlc2NyaXB0aW9ucyBjYXJlZnVsbHkuDQoNCg0KIyMjIyMjIyMjIyMjIyMjIyMjIyMjIyMjIyMjIyMjIyMjIyMjIyMjIyMjIyMjIyMjIyMjIyMjIyMjIyMjIyMjIyMjIyMjIyMjIyMjIyMjIw0KIyBTcGVjaWZ5IHRoZSB0eXBlIG9mIHRoZSBsYXllciBvZiB0aGUgVlBOIGNvbm5lY3Rpb24uDQojIA0KIyBUbyBjb25uZWN0IHRvIHRoZSBWUE4gU2VydmVyIGFzIGEgIlJlbW90ZS1BY2Nlc3MgVlBOIENsaWVudCBQQyIsDQojICBzcGVjaWZ5ICdkZXYgdHVuJy4gKExheWVyLTMgSVAgUm91dGluZyBNb2RlKQ0KIw0KIyBUbyBjb25uZWN0IHRvIHRoZSBWUE4gU2VydmVyIGFzIGEgYnJpZGdpbmcgZXF1aXBtZW50IG9mICJTaXRlLXRvLVNpdGUgVlBOIiwNCiMgIHNwZWNpZnkgJ2RldiB0YXAnLiAoTGF5ZXItMiBFdGhlcm5ldCBCcmlkZ2luZSBNb2RlKQ0KDQpkZXYgdHVuDQoNCg0KIyMjIyMjIyMjIyMjIyMjIyMjIyMjIyMjIyMjIyMjIyMjIyMjIyMjIyMjIyMjIyMjIyMjIyMjIyMjIyMjIyMjIyMjIyMjIyMjIyMjIyMjIw0KIyBTcGVjaWZ5IHRoZSB1bmRlcmx5aW5nIHByb3RvY29sIGJleW9uZCB0aGUgSW50ZXJuZXQuDQojIE5vdGUgdGhhdCB0aGlzIHNldHRpbmcgbXVzdCBiZSBjb3JyZXNwb25kIHdpdGggdGhlIGxpc3RlbmluZyBzZXR0aW5nIG9uDQojIHRoZSBWUE4gU2VydmVyLg0KIyANCiMgU3BlY2lmeSBlaXRoZXIgJ3Byb3RvIHRjcCcgb3IgJ3Byb3RvIHVkcCcuDQoNCnByb3RvIHRjcA0KDQoNCiMjIyMjIyMjIyMjIyMjIyMjIyMjIyMjIyMjIyMjIyMjIyMjIyMjIyMjIyMjIyMjIyMjIyMjIyMjIyMjIyMjIyMjIyMjIyMjIyMjIyMjIyMNCiMgVGhlIGRlc3RpbmF0aW9uIGhvc3RuYW1lIC8gSVAgYWRkcmVzcywgYW5kIHBvcnQgbnVtYmVyIG9mDQojIHRoZSB0YXJnZXQgVlBOIFNlcnZlci4NCiMgDQojIFlvdSBoYXZlIHRvIHNwZWNpZnkgYXMgJ3JlbW90ZSA8SE9TVE5BTUU+IDxQT1JUPicuIFlvdSBjYW4gYWxzbw0KIyBzcGVjaWZ5IHRoZSBJUCBhZGRyZXNzIGluc3RlYWQgb2YgdGhlIGhvc3RuYW1lLg0KIyANCiMgTm90ZSB0aGF0IHRoZSBhdXRvLWdlbmVyYXRlZCBiZWxvdyBob3N0bmFtZSBhcmUgYSAiYXV0by1kZXRlY3RlZA0KIyBJUCBhZGRyZXNzIiBvZiB0aGUgVlBOIFNlcnZlci4gWW91IGhhdmUgdG8gY29uZmlybSB0aGUgY29ycmVjdG5lc3MNCiMgYmVmb3JlaGFuZC4NCiMgDQojIFdoZW4geW91IHdhbnQgdG8gY29ubmVjdCB0byB0aGUgVlBOIFNlcnZlciBieSB1c2luZyBUQ1AgcHJvdG9jb2wsDQojIHRoZSBwb3J0IG51bWJlciBvZiB0aGUgZGVzdGluYXRpb24gVENQIHBvcnQgc2hvdWxkIGJlIHNhbWUgYXMgb25lIG9mDQojIHRoZSBhdmFpbGFibGUgVENQIGxpc3RlbmVycyBvbiB0aGUgVlBOIFNlcnZlci4NCiMgDQojIFdoZW4geW91IHVzZSBVRFAgcHJvdG9jb2wsIHRoZSBwb3J0IG51bWJlciBtdXN0IHNhbWUgYXMgdGhlIGNvbmZpZ3VyYXRpb24NCiMgc2V0dGluZyBvZiAiT3BlblZQTiBTZXJ2ZXIgQ29tcGF0aWJsZSBGdW5jdGlvbiIgb24gdGhlIFZQTiBTZXJ2ZXIuDQoNCnJlbW90ZSAyMjIuMTA2LjE1Ny4yMjAgMTM1Ng0KDQoNCiMjIyMjIyMjIyMjIyMjIyMjIyMjIyMjIyMjIyMjIyMjIyMjIyMjIyMjIyMjIyMjIyMjIyMjIyMjIyMjIyMjIyMjIyMjIyMjIyMjIyMjIyMNCiMgVGhlIEhUVFAvSFRUUFMgcHJveHkgc2V0dGluZy4NCiMgDQojIE9ubHkgaWYgeW91IGhhdmUgdG8gdXNlIHRoZSBJbnRlcm5ldCB2aWEgYSBwcm94eSwgdW5jb21tZW50IHRoZSBiZWxvdw0KIyB0d28gbGluZXMgYW5kIHNwZWNpZnkgdGhlIHByb3h5IGFkZHJlc3MgYW5kIHRoZSBwb3J0IG51bWJlci4NCiMgSW4gdGhlIGNhc2Ugb2YgdXNpbmcgcHJveHktYXV0aGVudGljYXRpb24sIHJlZmVyIHRoZSBPcGVuVlBOIG1hbnVhbC4NCg0KO2h0dHAtcHJveHktcmV0cnkNCjtodHRwLXByb3h5IFtwcm94eSBzZXJ2ZXJdIFtwcm94eSBwb3J0XQ0KDQoNCiMjIyMjIyMjIyMjIyMjIyMjIyMjIyMjIyMjIyMjIyMjIyMjIyMjIyMjIyMjIyMjIyMjIyMjIyMjIyMjIyMjIyMjIyMjIyMjIyMjIyMjIyMNCiMgVGhlIGVuY3J5cHRpb24gYW5kIGF1dGhlbnRpY2F0aW9uIGFsZ29yaXRobS4NCiMgDQojIERlZmF1bHQgc2V0dGluZyBpcyBnb29kLiBNb2RpZnkgaXQgYXMgeW91IHByZWZlci4NCiMgV2hlbiB5b3Ugc3BlY2lmeSBhbiB1bnN1cHBvcnRlZCBhbGdvcml0aG0sIHRoZSBlcnJvciB3aWxsIG9jY3VyLg0KIyANCiMgVGhlIHN1cHBvcnRlZCBhbGdvcml0aG1zIGFyZSBhcyBmb2xsb3dzOg0KIyAgY2lwaGVyOiBbTlVMTC1DSVBIRVJdIE5VTEwgQUVTLTEyOC1DQkMgQUVTLTE5Mi1DQkMgQUVTLTI1Ni1DQkMgQkYtQ0JDDQojICAgICAgICAgIENBU1QtQ0JDIENBU1Q1LUNCQyBERVMtQ0JDIERFUy1FREUtQ0JDIERFUy1FREUzLUNCQyBERVNYLUNCQw0KIyAgICAgICAgICBSQzItNDAtQ0JDIFJDMi02NC1DQkMgUkMyLUNCQw0KIyAgYXV0aDogICBTSEEgU0hBMSBNRDUgTUQ0IFJNRDE2MA0KDQpjaXBoZXIgQUVTLTEyOC1DQkMNCmF1dGggU0hBMQ0KDQoNCiMjIyMjIyMjIyMjIyMjIyMjIyMjIyMjIyMjIyMjIyMjIyMjIyMjIyMjIyMjIyMjIyMjIyMjIyMjIyMjIyMjIyMjIyMjIyMjIyMjIyMjIyMNCiMgT3RoZXIgcGFyYW1ldGVycyBuZWNlc3NhcnkgdG8gY29ubmVjdCB0byB0aGUgVlBOIFNlcnZlci4NCiMgDQojIEl0IGlzIG5vdCByZWNvbW1lbmRlZCB0byBtb2RpZnkgaXQgdW5sZXNzIHlvdSBoYXZlIGEgcGFydGljdWxhciBuZWVkLg0KDQpyZXNvbHYtcmV0cnkgaW5maW5pdGUNCm5vYmluZA0KcGVyc2lzdC1rZXkNCnBlcnNpc3QtdHVuDQpjbGllbnQNCnZlcmIgMw0KI2F1dGgtdXNlci1wYXNzDQoNCg0KIyMjIyMjIyMjIyMjIyMjIyMjIyMjIyMjIyMjIyMjIyMjIyMjIyMjIyMjIyMjIyMjIyMjIyMjIyMjIyMjIyMjIyMjIyMjIyMjIyMjIyMjIw0KIyBUaGUgY2VydGlmaWNhdGUgZmlsZSBvZiB0aGUgZGVzdGluYXRpb24gVlBOIFNlcnZlci4NCiMgDQojIFRoZSBDQSBjZXJ0aWZpY2F0ZSBmaWxlIGlzIGVtYmVkZGVkIGluIHRoZSBpbmxpbmUgZm9ybWF0Lg0KIyBZb3UgY2FuIHJlcGxhY2UgdGhpcyBDQSBjb250ZW50cyBpZiBuZWNlc3NhcnkuDQojIFBsZWFzZSBub3RlIHRoYXQgaWYgdGhlIHNlcnZlciBjZXJ0aWZpY2F0ZSBpcyBub3QgYSBzZWxmLXNpZ25lZCwgeW91IGhhdmUgdG8NCiMgc3BlY2lmeSB0aGUgc2lnbmVyJ3Mgcm9vdCBjZXJ0aWZpY2F0ZSAoQ0EpIGhlcmUuDQoNCjxjYT4NCi0tLS0tQkVHSU4gQ0VSVElGSUNBVEUtLS0tLQ0KTUlJRmF6Q0NBMU9nQXdJQkFnSVJBSUlRejdEU1FPTlpSR1BndTJPQ2l3QXdEUVlKS29aSWh2Y05BUUVMQlFBdw0KVHpFTE1Ba0dBMVVFQmhNQ1ZWTXhLVEFuQmdOVkJBb1RJRWx1ZEdWeWJtVjBJRk5sWTNWeWFYUjVJRkpsYzJWaA0KY21Ob0lFZHliM1Z3TVJVd0V3WURWUVFERXd4SlUxSkhJRkp2YjNRZ1dERXdIaGNOTVRVd05qQTBNVEV3TkRNNA0KV2hjTk16VXdOakEwTVRFd05ETTRXakJQTVFzd0NRWURWUVFHRXdKVlV6RXBNQ2NHQTFVRUNoTWdTVzUwWlhKdQ0KWlhRZ1UyVmpkWEpwZEhrZ1VtVnpaV0Z5WTJnZ1IzSnZkWEF4RlRBVEJnTlZCQU1UREVsVFVrY2dVbTl2ZENCWQ0KTVRDQ0FpSXdEUVlKS29aSWh2Y05BUUVCQlFBRGdnSVBBRENDQWdvQ2dnSUJBSzNvSkhQMEZEZnptNTRyVnlnYw0KaDc3Y3Q5ODRrSXh1UE9aWG9IajNkY0tpL3ZWcWJ2WUFUeWpiM21pR2JFU1R0ckZqL1JRU2E3OGYwdW94bXlGKw0KMFRNOHVrajEzWG5mczdqL0V2RWhta3ZCaW9aeGFVcG1abXlQZmp4d3Y2MHBJZ2J6NU1EbWdLN2lTNCszbVg2VQ0KQTUvVFI1ZDhtVWdqVStnNHJrOEtiNE11MFVsWGpJQjB0dG92MERpTmV3TndJUnQxOGpBOCtvK3UzZHBqcStzVw0KVDhLT0VVdCt6d3ZvLzdWM0x2U3llMHJnVEJJbERIQ05BeW1nNFZNazdCUFo3aG0vRUxOS2pEK0pvMkZSM3F5SA0KQjVUMFkzSHNMdUp2VzVpQjRZbGNOSGxzZHU4N2tHSjU1dHVrbWk4bXhkQVE0UTdlMlJDT0Z2dTM5NmozeCtVQw0KQjVpUE5naVY1K0kzbGcwMmRaNzdEbkt4SFp1OEEvbEpCZGlCM1FXMEt0WkI2YXdCZHBVS0Q5amYxYjBTSHpVdg0KS0JkczBwakJxQWxrZDI1SE43ck9yRmxlYUoxL2N0YUp4UVpCS1Q1WlB0MG05U1RKRWFkYW8weEFIMGFobWJXbg0KT2xGdWhqdWVmWEtuRWdWNFdlMCtVWGdWQ3dPUGpkQXZCYkkrZTBvY1MzTUZFdnpHNnVCUUUzeERrM1N6eW5Ubg0Kamg4QkNOQXcxRnR4TnJRSHVzRXdNRnhJdDRJN21LWjlZSXFpb3ltQ3pMcTlnd1Fib29NRFFhSFdCZkVid3Jidw0KcUh5R08wYW9TQ3FJM0hhYWRyOGZhcVU5R1kvck9QTmszc2dyRFFvby8vZmI0aFZDMUNMUUoxM2hlZjRZNTNDSQ0KclU3bTJZczZ4dDBuVVc3L3ZHVDFNME5QQWdNQkFBR2pRakJBTUE0R0ExVWREd0VCL3dRRUF3SUJCakFQQmdOVg0KSFJNQkFmOEVCVEFEQVFIL01CMEdBMVVkRGdRV0JCUjV0Rm5tZTdibDVBRnpnQWlJeUJwWTl1bWJiakFOQmdrcQ0KaGtpRzl3MEJBUXNGQUFPQ0FnRUFWUjlZcWJ5eXFGRFFETEhZR21rZ0p5a0lyR0YxWElwdStJTGxhUy9WOWxaTA0KdWJoekVGblRJWmQrNTB4eCs3TFNZSzA1cUF2cUZ5RldoZkZRRGxucnp1Qlo2YnJKRmUrR25ZK0VnUGJrNlpHUQ0KM0JlYllodEY4R2FWMG54dnd1bzc3eC9QeTlhdUovR3BzTWl1L1gxK212b2lCT3YvMlgvcWtTc2lzUmNPai9LSw0KTkZ0WTJQd0J5VlM1dUNiTWlvZ3ppVXd0aER5QzMrNldWd1c2TEx2M3hMZkhUanVDdmpISUluTnprdEhDZ0tRNQ0KT1JBekk0Sk1QSitHc2xXWUhiNHBob3dpbTU3aWF6dFhPb0p3VGR3Sng0bkxDZ2ROYk9oZGpzbnZ6cXZIdTdVcg0KVGtYV1N0QW16T1Z5eWdocXBaWGpGYUgzcE8zSkxGK2wrLytzS0FJdXZ0ZDd1K054ZTVBVzB3ZGVSbE44TndkQw0Kak5QRWxwelZtYlVxNEpVYWdFaXVURGtIenN4SHBGS1ZLN3E0KzYzU00xTjk1UjFOYmRXaHNjZENiK1pBSnpWYw0Kb3lpM0I0M25qVE9RNXlPZisxQ2NlV3hHMWJRVnM1WnVmcHNNbGpxNFVpMC8xbHZoK3dqQ2hQNGtxS09KMnF4cQ0KNFJncXNhaERZVnZUSDl3N2pYYnlMZWlOZGQ4WE0ydzlVL3Q3eTBGZi85eWkwR0U0NFphNHJGMkxOOWQxMVRQQQ0KbVJHdW5VSEJjbldFdmdKQlFsOW5KRWlVMFpzbnZnYy91YmhQZ1hSUjRYcTM3WjBqNHI3ZzFTZ0VFend4QTU3ZA0KZW15UHhnY1l4bi9lUjQ0L0tKNEVCcytsVkRSM3ZleUptK2tYUTk5YjIxLytqaDVYb3MxQW5YNWlJdHJlR0NjPQ0KLS0tLS1FTkQgQ0VSVElGSUNBVEUtLS0tLQ0KDQo8L2NhPg0KDQoNCiMjIyMjIyMjIyMjIyMjIyMjIyMjIyMjIyMjIyMjIyMjIyMjIyMjIyMjIyMjIyMjIyMjIyMjIyMjIyMjIyMjIyMjIyMjIyMjIyMjIyMjIyMNCiMgVGhlIGNsaWVudCBjZXJ0aWZpY2F0ZSBmaWxlIChkdW1teSkuDQojIA0KIyBJbiBzb21lIGltcGxlbWVudGF0aW9ucyBvZiBPcGVuVlBOIENsaWVudCBzb2Z0d2FyZQ0KIyAoZm9yIGV4YW1wbGU6IE9wZW5WUE4gQ2xpZW50IGZvciBpT1MpLA0KIyBhIHBhaXIgb2YgY2xpZW50IGNlcnRpZmljYXRlIGFuZCBwcml2YXRlIGtleSBtdXN0IGJlIGluY2x1ZGVkIG9uIHRoZQ0KIyBjb25maWd1cmF0aW9uIGZpbGUgZHVlIHRvIHRoZSBsaW1pdGF0aW9uIG9mIHRoZSBjbGllbnQuDQojIFNvIHRoaXMgc2FtcGxlIGNvbmZpZ3VyYXRpb24gZmlsZSBoYXMgYSBkdW1teSBwYWlyIG9mIGNsaWVudCBjZXJ0aWZpY2F0ZQ0KIyBhbmQgcHJpdmF0ZSBrZXkgYXMgZm9sbG93cy4NCg0KPGNlcnQ+DQotLS0tLUJFR0lOIENFUlRJRklDQVRFLS0tLS0NCk1JSUN4akNDQWE0Q0FRQXdEUVlKS29aSWh2Y05BUUVGQlFBd0tURWFNQmdHQTFVRUF4TVJWbEJPUjJGMFpVTnMNCmFXVnVkRU5sY25ReEN6QUpCZ05WQkFZVEFrcFFNQjRYRFRFek1ESXhNVEF6TkRrME9Wb1hEVE0zTURFeE9UQXoNCk1UUXdOMW93S1RFYU1CZ0dBMVVFQXhNUlZsQk9SMkYwWlVOc2FXVnVkRU5sY25ReEN6QUpCZ05WQkFZVEFrcFENCk1JSUJJakFOQmdrcWhraUc5dzBCQVFFRkFBT0NBUThBTUlJQkNnS0NBUUVBNWgybGdRUVlVandvS1lKYnpWWkENCjVWY0lHZDVvdFBjL3FaUk10MEtJdENGQTBzOVJ3UmVOVmE5ZkRSRkxSQmhjSVRPbHYzRkJjVzNFOGgxVXM3UkQNCjRXOEdtSmU4emFwSm5Mc0QzOU9TTVJDelpKbmN6VzRPQ0gxUFpSWldLcUR0amxOY2E5QUY4YTY1alRtbER4Q1ENCkNqbnRMSVdrNU9MTFZrRnQ5L3RTY2MxR0R0Y2k1NW9maGFOQVlNUGlIN1Y4KzFnNjZwR0hYQW9XSzZBUVZINjcNClhDS0puR0I1bmxRK0hzTVlQVi9PNDlMZDkxWk4vMnRIa2NhTEx5TnR5d3hWUFJTc1JoNDgwamp1MGZjQ3N2NmgNCnAvMHlYblRCLy9tV3V0QkdwZFVsSWJ3aUlUYkFtcnNiWW5qaWdSdm5QcVgxUk5KVWJpOUZwNkMyYy9ISUZKR0QNCnl3SURBUUFCTUEwR0NTcUdTSWIzRFFFQkJRVUFBNElCQVFDaE81aGdjdy80b1dmb0VGTHU5a0JhMUIvL2t4SDgNCmhRa0NoVk5uOEJSQzdZMFVSUWl0UGwzREtFZWQ5VVJCRGRnMktPQXo3N2JiNkVOUGlsaUQrYTM4VUpISVJNcWUNClVCSGhsbE9ISXp2RGhIRmJhb3ZBTEJRY2VlQnpka1F4c0tRRVNLbVFtUjgzMjk1MFVDb3ZveVJCNjFVeUFWN2gNCittWmhZUEdSS1hLU0pJNnMwRWdnL0NyaStDd2s0YmpKZnJiNWhWc2UxMXloNEQ5TUhod1NmQ09IKzB6NGhQVVQNCkZrdTdkR2F2VVJPNVNWeE1uL3NMNkVuNUQrb1NlWGthZEhwRHMrQWlyeW0yWUhoMTVoMCtqUFNPb1I2eWlWcC8NCjZ6WmVaa3JONDNrdVM3M0twS0RGamZGUGg4dDRyMWdPSWp0dGtOY1FxQmNjdXNucGxRN0hKcHNrDQotLS0tLUVORCBDRVJUSUZJQ0FURS0tLS0tDQoNCjwvY2VydD4NCg0KPGtleT4NCi0tLS0tQkVHSU4gUlNBIFBSSVZBVEUgS0VZLS0tLS0NCk1JSUVwQUlCQUFLQ0FRRUE1aDJsZ1FRWVVqd29LWUpielZaQTVWY0lHZDVvdFBjL3FaUk10MEtJdENGQTBzOVINCndSZU5WYTlmRFJGTFJCaGNJVE9sdjNGQmNXM0U4aDFVczdSRDRXOEdtSmU4emFwSm5Mc0QzOU9TTVJDelpKbmMNCnpXNE9DSDFQWlJaV0txRHRqbE5jYTlBRjhhNjVqVG1sRHhDUUNqbnRMSVdrNU9MTFZrRnQ5L3RTY2MxR0R0Y2kNCjU1b2ZoYU5BWU1QaUg3VjgrMWc2NnBHSFhBb1dLNkFRVkg2N1hDS0puR0I1bmxRK0hzTVlQVi9PNDlMZDkxWk4NCi8ydEhrY2FMTHlOdHl3eFZQUlNzUmg0ODBqanUwZmNDc3Y2aHAvMHlYblRCLy9tV3V0QkdwZFVsSWJ3aUlUYkENCm1yc2JZbmppZ1J2blBxWDFSTkpVYmk5RnA2QzJjL0hJRkpHRHl3SURBUUFCQW9JQkFFUlY3WDVBdnhBOHVSaUsNCms4U0lwc0QwZFgxcEpPTUl3YWtVVnl2YzRFZk4wRGhLUk5iNHJZb1NpRUdUTHl6THB5QmMvQTI4RGxrbTVlT1kNCmZqelhmWWtHdFlpL0Z0eGtnM085dmNyTVE0KzZpK3VHSGFJTDJyTCtzNE1yZk84djF4djYrV2t5MzNFRUdDb3UNClFpd1ZHUkZRWG5Sb1E2Mk5CQ0ZiVU5MaG1Yd2RqMWFrWnpMVTRwNVI0ekEzUWhkeHdFSWF0Vkx0MCs3b3dMUTMNCmxQOHNmWGhwcFBPWGpUcU1ENFFrWXd6UEFhOC96RjdhY240a3J5clVQN1E2UEFmZDB6RVZxTnk5WkNaOWZmaG8NCnpYZWRGajQ4NklGb2M1Z25UcDJONmpzblZqNExDR0lobFZIbFlHb3pLS0ZxSmNRVkdzSENxcTFvejJ6alc2TFMNCm9SWUlIZ0VDZ1lFQTh6WnJrQ3dOWVNYSnVPREozbS9oT0xWeGN4Z0p1d1hvaUVyV2QwRTQydlBhbmpqVk1obnQNCktZNWw4cUdNSjZGaEs5TFl4MnFDcmYvRTBYdFVBWjJ3VnEzT1JUeUduc01XcmU5dExZczU1WCtaTjEwVGM3NXoNCjRoYWNiVTBocUtOMUhpRG1zTVJZMy8yTmFaSG95N01LbndKSkJhRzQ4bDlDQ1RsVndNSG9jSUVDZ1lFQThqYnkNCmRHanhUSCs2WEhXTml6YjVTUmJaeEFueUVlSmVSd1RNaDBnR3p3R1BwSC9zWllHenl1MFN5U1hXQ25aaDNSZ3ENCjV1TGxOeHRyWHJsalpseWkyblFkUWdzcTJZcldVczAremdVKzIydVFzWnBTQWZ0bWhWcnR2ZXQ2TWpWamJCeVkNCkRBRGNpRVZVZEpZSVhrK3FuRlVKeWVyb0xJa1RqN1dZS1o2Umprc0NnWUJvQ0ZJd1JEZWc0Mm9LODlSRm1uT3INCkx5bU5BcTQrMm9NaHNXbFZiNGVqV0lXZUFrOW5jK0dYVWZyWHN6UmhTMDFtVW5VNXI1eWdVdlJjYXJWL1QzVTcNClRuTVorSTdZNERnV1JJRGQ1MXpuaHhJQnRZVjVqL0MvdDg1SGpxT2tIKzhiNlJUa2JjaGFYM21hdTdmcFVmZHMNCkZxMG5oSXE0MmZoRU84c3JmWVl3Z1FLQmdRQ3loaTFOLzh0YVJ3cGsrMy9JREV6UXdqYmZkelVrV1dTRGs5WHMNCkgvcGt1UkhXZlRNUDNmbFdxRVlnVy9MVzQwcGVXMkhEcTVpbWRWOCtBZ1p4ZS9YTWJhamk5TGd3ZjFSWTAwNW4NCkt4YVpRejd5cUh1cFdsTEdGNjhEUEh4a1pWVlNhZ0RuVi9zenRXWDZTRnNDcUZWbnhJWGlmWEdDNGNXNU5tOWcNCnZhOHE0UUtCZ1FDRWhMVmVVZmR3S3ZrWjk0Zy9HRno3MzFaMmhyZFZoZ01aYVUvdTZ0MFY5NStZZXpQTkNRWkINCndtRTlNbWxicTFlbURlUk9pdmpDZm9HaFIza1pYVzFwVEtsTGg2Wk1VUVVPcHB0ZFh2YThYeGZvcVF3YTNlbkENCk03bXVCYkYwWE43Vk84MGlKUHYrUG1JWmRFSUFrcHdLZmkyMDFZQitCYWZDSXVHeElGNTBWZz09DQotLS0tLUVORCBSU0EgUFJJVkFURSBLRVktLS0tLQ0KDQo8L2tleT4NCg0K
vpn596476681,218.146.210.118,638240,23,95773423,Korea Republic of,KR,11,34472507,20524,2702868607599,2weeks,DESKTOP-P4M57Q2's owner,,IyMjIyMjIyMjIyMjIyMjIyMjIyMjIyMjIyMjIyMjIyMjIyMjIyMjIyMjIyMjIyMjIyMjIyMjIyMjIyMjIyMjIyMjIyMjIyMjIyMjIyMjIw0KIyBPcGVuVlBOIDIuMCBTYW1wbGUgQ29uZmlndXJhdGlvbiBGaWxlDQojIGZvciBQYWNrZXRpWCBWUE4gLyBTb2Z0RXRoZXIgVlBOIFNlcnZlcg0KIyANCiMgISEhIEFVVE8tR0VORVJBVEVEIEJZIFNPRlRFVEhFUiBWUE4gU0VSVkVSIE1BTkFHRU1FTlQgVE9PTCAhISENCiMgDQojICEhISBZT1UgSEFWRSBUTyBSRVZJRVcgSVQgQkVGT1JFIFVTRSBBTkQgTU9ESUZZIElUIEFTIE5FQ0VTU0FSWSAhISENCiMgDQojIFRoaXMgY29uZmlndXJhdGlvbiBmaWxlIGlzIGF1dG8tZ2VuZXJhdGVkLiBZb3UgbWlnaHQgdXNlIHRoaXMgY29uZmlnIGZpbGUNCiMgaW4gb3JkZXIgdG8gY29ubmVjdCB0byB0aGUgUGFja2V0aVggVlBOIC8gU29mdEV0aGVyIFZQTiBTZXJ2ZXIuDQojIEhvd2V2ZXIsIGJlZm9yZSB5b3UgdHJ5IGl0LCB5b3Ugc2hvdWxkIHJldmlldyB0aGUgZGVzY3JpcHRpb25zIG9mIHRoZSBmaWxlDQojIHRvIGRldGVybWluZSB0aGUgbmVjZXNzaXR5IHRvIG1vZGlmeSB0byBzdWl0YWJsZSBmb3IgeW91ciByZWFsIGVudmlyb25tZW50Lg0KIyBJZiBuZWNlc3NhcnksIHlvdSBoYXZlIHRvIG1vZGlmeSBhIGxpdHRsZSBhZGVxdWF0ZWx5IG9uIHRoZSBmaWxlLg0KIyBGb3IgZXhhbXBsZSwgdGhlIElQIGFkZHJlc3Mgb3IgdGhlIGhvc3RuYW1lIGFzIGEgZGVzdGluYXRpb24gVlBOIFNlcnZlcg0KIyBzaG91bGQgYmUgY29uZmlybWVkLg0KIyANCiMgTm90ZSB0aGF0IHRvIHVzZSBPcGVuVlBOIDIuMCwgeW91IGhhdmUgdG8gcHV0IHRoZSBjZXJ0aWZpY2F0aW9uIGZpbGUgb2YNCiMgdGhlIGRlc3RpbmF0aW9uIFZQTiBTZXJ2ZXIgb24gdGhlIE9wZW5WUE4gQ2xpZW50IGNvbXB1dGVyIHdoZW4geW91IHVzZSB0aGlzDQojIGNvbmZpZyBmaWxlLiBQbGVhc2UgcmVmZXIgdGhlIGJlbG93IGRlc2NyaXB0aW9ucyBjYXJlZnVsbHkuDQoNCg0KIyMjIyMjIyMjIyMjIyMjIyMjIyMjIyMjIyMjIyMjIyMjIyMjIyMjIyMjIyMjIyMjIyMjIyMjIyMjIyMjIyMjIyMjIyMjIyMjIyMjIyMjIw0KIyBTcGVjaWZ5IHRoZSB0eXBlIG9mIHRoZSBsYXllciBvZiB0aGUgVlBOIGNvbm5lY3Rpb24uDQojIA0KIyBUbyBjb25uZWN0IHRvIHRoZSBWUE4gU2VydmVyIGFzIGEgIlJlbW90ZS1BY2Nlc3MgVlBOIENsaWVudCBQQyIsDQojICBzcGVjaWZ5ICdkZXYgdHVuJy4gKExheWVyLTMgSVAgUm91dGluZyBNb2RlKQ0KIw0KIyBUbyBjb25uZWN0IHRvIHRoZSBWUE4gU2VydmVyIGFzIGEgYnJpZGdpbmcgZXF1aXBtZW50IG9mICJTaXRlLXRvLVNpdGUgVlBOIiwNCiMgIHNwZWNpZnkgJ2RldiB0YXAnLiAoTGF5ZXItMiBFdGhlcm5ldCBCcmlkZ2luZSBNb2RlKQ0KDQpkZXYgdHVuDQoNCg0KIyMjIyMjIyMjIyMjIyMjIyMjIyMjIyMjIyMjIyMjIyMjIyMjIyMjIyMjIyMjIyMjIyMjIyMjIyMjIyMjIyMjIyMjIyMjIyMjIyMjIyMjIw0KIyBTcGVjaWZ5IHRoZSB1bmRlcmx5aW5nIHByb3RvY29sIGJleW9uZCB0aGUgSW50ZXJuZXQuDQojIE5vdGUgdGhhdCB0aGlzIHNldHRpbmcgbXVzdCBiZSBjb3JyZXNwb25kIHdpdGggdGhlIGxpc3RlbmluZyBzZXR0aW5nIG9uDQojIHRoZSBWUE4gU2VydmVyLg0KIyANCiMgU3BlY2lmeSBlaXRoZXIgJ3Byb3RvIHRjcCcgb3IgJ3Byb3RvIHVkcCcuDQoNCnByb3RvIHRjcA0KDQoNCiMjIyMjIyMjIyMjIyMjIyMjIyMjIyMjIyMjIyMjIyMjIyMjIyMjIyMjIyMjIyMjIyMjIyMjIyMjIyMjIyMjIyMjIyMjIyMjIyMjIyMjIyMNCiMgVGhlIGRlc3RpbmF0aW9uIGhvc3RuYW1lIC8gSVAgYWRkcmVzcywgYW5kIHBvcnQgbnVtYmVyIG9mDQojIHRoZSB0YXJnZXQgVlBOIFNlcnZlci4NCiMgDQojIFlvdSBoYXZlIHRvIHNwZWNpZnkgYXMgJ3JlbW90ZSA8SE9TVE5BTUU+IDxQT1JUPicuIFlvdSBjYW4gYWxzbw0KIyBzcGVjaWZ5IHRoZSBJUCBhZGRyZXNzIGluc3RlYWQgb2YgdGhlIGhvc3RuYW1lLg0KIyANCiMgTm90ZSB0aGF0IHRoZSBhdXRvLWdlbmVyYXRlZCBiZWxvdyBob3N0bmFtZSBhcmUgYSAiYXV0by1kZXRlY3RlZA0KIyBJUCBhZGRyZXNzIiBvZiB0aGUgVlBOIFNlcnZlci4gWW91IGhhdmUgdG8gY29uZmlybSB0aGUgY29ycmVjdG5lc3MNCiMgYmVmb3JlaGFuZC4NCiMgDQojIFdoZW4geW91IHdhbnQgdG8gY29ubmVjdCB0byB0aGUgVlBOIFNlcnZlciBieSB1c2luZyBUQ1AgcHJvdG9jb2wsDQojIHRoZSBwb3J0IG51bWJlciBvZiB0aGUgZGVzdGluYXRpb24gVENQIHBvcnQgc2hvdWxkIGJlIHNhbWUgYXMgb25lIG9mDQojIHRoZSBhdmFpbGFibGUgVENQIGxpc3RlbmVycyBvbiB0aGUgVlBOIFNlcnZlci4NCiMgDQojIFdoZW4geW91IHVzZSBVRFAgcHJvdG9jb2wsIHRoZSBwb3J0IG51bWJlciBtdXN0IHNhbWUgYXMgdGhlIGNvbmZpZ3VyYXRpb24NCiMgc2V0dGluZyBvZiAiT3BlblZQTiBTZXJ2ZXIgQ29tcGF0aWJsZSBGdW5jdGlvbiIgb24gdGhlIFZQTiBTZXJ2ZXIuDQoNCnJlbW90ZSAyMTguMTQ2LjIxMC4xMTggMTM0NA0KDQoNCiMjIyMjIyMjIyMjIyMjIyMjIyMjIyMjIyMjIyMjIyMjIyMjIyMjIyMjIyMjIyMjIyMjIyMjIyMjIyMjIyMjIyMjIyMjIyMjIyMjIyMjIyMNCiMgVGhlIEhUVFAvSFRUUFMgcHJveHkgc2V0dGluZy4NCiMgDQojIE9ubHkgaWYgeW91IGhhdmUgdG8gdXNlIHRoZSBJbnRlcm5ldCB2aWEgYSBwcm94eSwgdW5jb21tZW50IHRoZSBiZWxvdw0KIyB0d28gbGluZXMgYW5kIHNwZWNpZnkgdGhlIHByb3h5IGFkZHJlc3MgYW5kIHRoZSBwb3J0IG51bWJlci4NCiMgSW4gdGhlIGNhc2Ugb2YgdXNpbmcgcHJveHktYXV0aGVudGljYXRpb24sIHJlZmVyIHRoZSBPcGVuVlBOIG1hbnVhbC4NCg0KO2h0dHAtcHJveHktcmV0cnkNCjtodHRwLXByb3h5IFtwcm94eSBzZXJ2ZXJdIFtwcm94eSBwb3J0XQ0KDQoNCiMjIyMjIyMjIyMjIyMjIyMjIyMjIyMjIyMjIyMjIyMjIyMjIyMjIyMjIyMjIyMjIyMjIyMjIyMjIyMjIyMjIyMjIyMjIyMjIyMjIyMjIyMNCiMgVGhlIGVuY3J5cHRpb24gYW5kIGF1dGhlbnRpY2F0aW9uIGFsZ29yaXRobS4NCiMgDQojIERlZmF1bHQgc2V0dGluZyBpcyBnb29kLiBNb2RpZnkgaXQgYXMgeW91IHByZWZlci4NCiMgV2hlbiB5b3Ugc3BlY2lmeSBhbiB1bnN1cHBvcnRlZCBhbGdvcml0aG0sIHRoZSBlcnJvciB3aWxsIG9jY3VyLg0KIyANCiMgVGhlIHN1cHBvcnRlZCBhbGdvcml0aG1zIGFyZSBhcyBmb2xsb3dzOg0KIyAgY2lwaGVyOiBbTlVMTC1DSVBIRVJdIE5VTEwgQUVTLTEyOC1DQkMgQUVTLTE5Mi1DQkMgQUVTLTI1Ni1DQkMgQkYtQ0JDDQojICAgICAgICAgIENBU1QtQ0JDIENBU1Q1LUNCQyBERVMtQ0JDIERFUy1FREUtQ0JDIERFUy1FREUzLUNCQyBERVNYLUNCQw0KIyAgICAgICAgICBSQzItNDAtQ0JDIFJDMi02NC1DQkMgUkMyLUNCQw0KIyAgYXV0aDogICBTSEEgU0hBMSBNRDUgTUQ0IFJNRDE2MA0KDQpjaXBoZXIgQUVTLTEyOC1DQkMNCmF1dGggU0hBMQ0KDQoNCiMjIyMjIyMjIyMjIyMjIyMjIyMjIyMjIyMjIyMjIyMjIyMjIyMjIyMjIyMjIyMjIyMjIyMjIyMjIyMjIyMjIyMjIyMjIyMjIyMjIyMjIyMNCiMgT3RoZXIgcGFyYW1ldGVycyBuZWNlc3NhcnkgdG8gY29ubmVjdCB0byB0aGUgVlBOIFNlcnZlci4NCiMgDQojIEl0IGlzIG5vdCByZWNvbW1lbmRlZCB0byBtb2RpZnkgaXQgdW5sZXNzIHlvdSBoYXZlIGEgcGFydGljdWxhciBuZWVkLg0KDQpyZXNvbHYtcmV0cnkgaW5maW5pdGUNCm5vYmluZA0KcGVyc2lzdC1rZXkNCnBlcnNpc3QtdHVuDQpjbGllbnQNCnZlcmIgMw0KI2F1dGgtdXNlci1wYXNzDQoNCg0KIyMjIyMjIyMjIyMjIyMjIyMjIyMjIyMjIyMjIyMjIyMjIyMjIyMjIyMjIyMjIyMjIyMjIyMjIyMjIyMjIyMjIyMjIyMjIyMjIyMjIyMjIw0KIyBUaGUgY2VydGlmaWNhdGUgZmlsZSBvZiB0aGUgZGVzdGluYXRpb24gVlBOIFNlcnZlci4NCiMgDQojIFRoZSBDQSBjZXJ0aWZpY2F0ZSBmaWxlIGlzIGVtYmVkZGVkIGluIHRoZSBpbmxpbmUgZm9ybWF0Lg0KIyBZb3UgY2FuIHJlcGxhY2UgdGhpcyBDQSBjb250ZW50cyBpZiBuZWNlc3NhcnkuDQojIFBsZWFzZSBub3RlIHRoYXQgaWYgdGhlIHNlcnZlciBjZXJ0aWZpY2F0ZSBpcyBub3QgYSBzZWxmLXNpZ25lZCwgeW91IGhhdmUgdG8NCiMgc3BlY2lmeSB0aGUgc2lnbmVyJ3Mgcm9vdCBjZXJ0aWZpY2F0ZSAoQ0EpIGhlcmUuDQoNCjxjYT4NCi0tLS0tQkVHSU4gQ0VSVElGSUNBVEUtLS0tLQ0KTUlJRmF6Q0NBMU9nQXdJQkFnSVJBSUlRejdEU1FPTlpSR1BndTJPQ2l3QXdEUVlKS29aSWh2Y05BUUVMQlFBdw0KVHpFTE1Ba0dBMVVFQmhNQ1ZWTXhLVEFuQmdOVkJBb1RJRWx1ZEdWeWJtVjBJRk5sWTNWeWFYUjVJRkpsYzJWaA0KY21Ob0lFZHliM1Z3TVJVd0V3WURWUVFERXd4SlUxSkhJRkp2YjNRZ1dERXdIaGNOTVRVd05qQTBNVEV3TkRNNA0KV2hjTk16VXdOakEwTVRFd05ETTRXakJQTVFzd0NRWURWUVFHRXdKVlV6RXBNQ2NHQTFVRUNoTWdTVzUwWlhKdQ0KWlhRZ1UyVmpkWEpwZEhrZ1VtVnpaV0Z5WTJnZ1IzSnZkWEF4RlRBVEJnTlZCQU1UREVsVFVrY2dVbTl2ZENCWQ0KTVRDQ0FpSXdEUVlKS29aSWh2Y05BUUVCQlFBRGdnSVBBRENDQWdvQ2dnSUJBSzNvSkhQMEZEZnptNTRyVnlnYw0KaDc3Y3Q5ODRrSXh1UE9aWG9IajNkY0tpL3ZWcWJ2WUFUeWpiM21pR2JFU1R0ckZqL1JRU2E3OGYwdW94bXlGKw0KMFRNOHVrajEzWG5mczdqL0V2RWhta3ZCaW9aeGFVcG1abXlQZmp4d3Y2MHBJZ2J6NU1EbWdLN2lTNCszbVg2VQ0KQTUvVFI1ZDhtVWdqVStnNHJrOEtiNE11MFVsWGpJQjB0dG92MERpTmV3TndJUnQxOGpBOCtvK3UzZHBqcStzVw0KVDhLT0VVdCt6d3ZvLzdWM0x2U3llMHJnVEJJbERIQ05BeW1nNFZNazdCUFo3aG0vRUxOS2pEK0pvMkZSM3F5SA0KQjVUMFkzSHNMdUp2VzVpQjRZbGNOSGxzZHU4N2tHSjU1dHVrbWk4bXhkQVE0UTdlMlJDT0Z2dTM5NmozeCtVQw0KQjVpUE5naVY1K0kzbGcwMmRaNzdEbkt4SFp1OEEvbEpCZGlCM1FXMEt0WkI2YXdCZHBVS0Q5amYxYjBTSHpVdg0KS0JkczBwakJxQWxrZDI1SE43ck9yRmxlYUoxL2N0YUp4UVpCS1Q1WlB0MG05U1RKRWFkYW8weEFIMGFobWJXbg0KT2xGdWhqdWVmWEtuRWdWNFdlMCtVWGdWQ3dPUGpkQXZCYkkrZTBvY1MzTUZFdnpHNnVCUUUzeERrM1N6eW5Ubg0Kamg4QkNOQXcxRnR4TnJRSHVzRXdNRnhJdDRJN21LWjlZSXFpb3ltQ3pMcTlnd1Fib29NRFFhSFdCZkVid3Jidw0KcUh5R08wYW9TQ3FJM0hhYWRyOGZhcVU5R1kvck9QTmszc2dyRFFvby8vZmI0aFZDMUNMUUoxM2hlZjRZNTNDSQ0KclU3bTJZczZ4dDBuVVc3L3ZHVDFNME5QQWdNQkFBR2pRakJBTUE0R0ExVWREd0VCL3dRRUF3SUJCakFQQmdOVg0KSFJNQkFmOEVCVEFEQVFIL01CMEdBMVVkRGdRV0JCUjV0Rm5tZTdibDVBRnpnQWlJeUJwWTl1bWJiakFOQmdrcQ0KaGtpRzl3MEJBUXNGQUFPQ0FnRUFWUjlZcWJ5eXFGRFFETEhZR21rZ0p5a0lyR0YxWElwdStJTGxhUy9WOWxaTA0KdWJoekVGblRJWmQrNTB4eCs3TFNZSzA1cUF2cUZ5RldoZkZRRGxucnp1Qlo2YnJKRmUrR25ZK0VnUGJrNlpHUQ0KM0JlYllodEY4R2FWMG54dnd1bzc3eC9QeTlhdUovR3BzTWl1L1gxK212b2lCT3YvMlgvcWtTc2lzUmNPai9LSw0KTkZ0WTJQd0J5VlM1dUNiTWlvZ3ppVXd0aER5QzMrNldWd1c2TEx2M3hMZkhUanVDdmpISUluTnprdEhDZ0tRNQ0KT1JBekk0Sk1QSitHc2xXWUhiNHBob3dpbTU3aWF6dFhPb0p3VGR3Sng0bkxDZ2ROYk9oZGpzbnZ6cXZIdTdVcg0KVGtYV1N0QW16T1Z5eWdocXBaWGpGYUgzcE8zSkxGK2wrLytzS0FJdXZ0ZDd1K054ZTVBVzB3ZGVSbE44TndkQw0Kak5QRWxwelZtYlVxNEpVYWdFaXVURGtIenN4SHBGS1ZLN3E0KzYzU00xTjk1UjFOYmRXaHNjZENiK1pBSnpWYw0Kb3lpM0I0M25qVE9RNXlPZisxQ2NlV3hHMWJRVnM1WnVmcHNNbGpxNFVpMC8xbHZoK3dqQ2hQNGtxS09KMnF4cQ0KNFJncXNhaERZVnZUSDl3N2pYYnlMZWlOZGQ4WE0ydzlVL3Q3eTBGZi85eWkwR0U0NFphNHJGMkxOOWQxMVRQQQ0KbVJHdW5VSEJjbldFdmdKQlFsOW5KRWlVMFpzbnZnYy91YmhQZ1hSUjRYcTM3WjBqNHI3ZzFTZ0VFend4QTU3ZA0KZW15UHhnY1l4bi9lUjQ0L0tKNEVCcytsVkRSM3ZleUptK2tYUTk5YjIxLytqaDVYb3MxQW5YNWlJdHJlR0NjPQ0KLS0tLS1FTkQgQ0VSVElGSUNBVEUtLS0tLQ0KDQo8L2NhPg0KDQoNCiMjIyMjIyMjIyMjIyMjIyMjIyMjIyMjIyMjIyMjIyMjIyMjIyMjIyMjIyMjIyMjIyMjIyMjIyMjIyMjIyMjIyMjIyMjIyMjIyMjIyMjIyMNCiMgVGhlIGNsaWVudCBjZXJ0aWZpY2F0ZSBmaWxlIChkdW1teSkuDQojIA0KIyBJbiBzb21lIGltcGxlbWVudGF0aW9ucyBvZiBPcGVuVlBOIENsaWVudCBzb2Z0d2FyZQ0KIyAoZm9yIGV4YW1wbGU6IE9wZW5WUE4gQ2xpZW50IGZvciBpT1MpLA0KIyBhIHBhaXIgb2YgY2xpZW50IGNlcnRpZmljYXRlIGFuZCBwcml2YXRlIGtleSBtdXN0IGJlIGluY2x1ZGVkIG9uIHRoZQ0KIyBjb25maWd1cmF0aW9uIGZpbGUgZHVlIHRvIHRoZSBsaW1pdGF0aW9uIG9mIHRoZSBjbGllbnQuDQojIFNvIHRoaXMgc2FtcGxlIGNvbmZpZ3VyYXRpb24gZmlsZSBoYXMgYSBkdW1teSBwYWlyIG9mIGNsaWVudCBjZXJ0aWZpY2F0ZQ0KIyBhbmQgcHJpdmF0ZSBrZXkgYXMgZm9sbG93cy4NCg0KPGNlcnQ+DQotLS0tLUJFR0lOIENFUlRJRklDQVRFLS0tLS0NCk1JSUN4akNDQWE0Q0FRQXdEUVlKS29aSWh2Y05BUUVGQlFBd0tURWFNQmdHQTFVRUF4TVJWbEJPUjJGMFpVTnMNCmFXVnVkRU5sY25ReEN6QUpCZ05WQkFZVEFrcFFNQjRYRFRFek1ESXhNVEF6TkRrME9Wb1hEVE0zTURFeE9UQXoNCk1UUXdOMW93S1RFYU1CZ0dBMVVFQXhNUlZsQk9SMkYwWlVOc2FXVnVkRU5sY25ReEN6QUpCZ05WQkFZVEFrcFENCk1JSUJJakFOQmdrcWhraUc5dzBCQVFFRkFBT0NBUThBTUlJQkNnS0NBUUVBNWgybGdRUVlVandvS1lKYnpWWkENCjVWY0lHZDVvdFBjL3FaUk10MEtJdENGQTBzOVJ3UmVOVmE5ZkRSRkxSQmhjSVRPbHYzRkJjVzNFOGgxVXM3UkQNCjRXOEdtSmU4emFwSm5Mc0QzOU9TTVJDelpKbmN6VzRPQ0gxUFpSWldLcUR0amxOY2E5QUY4YTY1alRtbER4Q1ENCkNqbnRMSVdrNU9MTFZrRnQ5L3RTY2MxR0R0Y2k1NW9maGFOQVlNUGlIN1Y4KzFnNjZwR0hYQW9XSzZBUVZINjcNClhDS0puR0I1bmxRK0hzTVlQVi9PNDlMZDkxWk4vMnRIa2NhTEx5TnR5d3hWUFJTc1JoNDgwamp1MGZjQ3N2NmgNCnAvMHlYblRCLy9tV3V0QkdwZFVsSWJ3aUlUYkFtcnNiWW5qaWdSdm5QcVgxUk5KVWJpOUZwNkMyYy9ISUZKR0QNCnl3SURBUUFCTUEwR0NTcUdTSWIzRFFFQkJRVUFBNElCQVFDaE81aGdjdy80b1dmb0VGTHU5a0JhMUIvL2t4SDgNCmhRa0NoVk5uOEJSQzdZMFVSUWl0UGwzREtFZWQ5VVJCRGRnMktPQXo3N2JiNkVOUGlsaUQrYTM4VUpISVJNcWUNClVCSGhsbE9ISXp2RGhIRmJhb3ZBTEJRY2VlQnpka1F4c0tRRVNLbVFtUjgzMjk1MFVDb3ZveVJCNjFVeUFWN2gNCittWmhZUEdSS1hLU0pJNnMwRWdnL0NyaStDd2s0YmpKZnJiNWhWc2UxMXloNEQ5TUhod1NmQ09IKzB6NGhQVVQNCkZrdTdkR2F2VVJPNVNWeE1uL3NMNkVuNUQrb1NlWGthZEhwRHMrQWlyeW0yWUhoMTVoMCtqUFNPb1I2eWlWcC8NCjZ6WmVaa3JONDNrdVM3M0twS0RGamZGUGg4dDRyMWdPSWp0dGtOY1FxQmNjdXNucGxRN0hKcHNrDQotLS0tLUVORCBDRVJUSUZJQ0FURS0tLS0tDQoNCjwvY2VydD4NCg0KPGtleT4NCi0tLS0tQkVHSU4gUlNBIFBSSVZBVEUgS0VZLS0tLS0NCk1JSUVwQUlCQUFLQ0FRRUE1aDJsZ1FRWVVqd29LWUpielZaQTVWY0lHZDVvdFBjL3FaUk10MEtJdENGQTBzOVINCndSZU5WYTlmRFJGTFJCaGNJVE9sdjNGQmNXM0U4aDFVczdSRDRXOEdtSmU4emFwSm5Mc0QzOU9TTVJDelpKbmMNCnpXNE9DSDFQWlJaV0txRHRqbE5jYTlBRjhhNjVqVG1sRHhDUUNqbnRMSVdrNU9MTFZrRnQ5L3RTY2MxR0R0Y2kNCjU1b2ZoYU5BWU1QaUg3VjgrMWc2NnBHSFhBb1dLNkFRVkg2N1hDS0puR0I1bmxRK0hzTVlQVi9PNDlMZDkxWk4NCi8ydEhrY2FMTHlOdHl3eFZQUlNzUmg0ODBqanUwZmNDc3Y2aHAvMHlYblRCLy9tV3V0QkdwZFVsSWJ3aUlUYkENCm1yc2JZbmppZ1J2blBxWDFSTkpVYmk5RnA2QzJjL0hJRkpHRHl3SURBUUFCQW9JQkFFUlY3WDVBdnhBOHVSaUsNCms4U0lwc0QwZFgxcEpPTUl3YWtVVnl2YzRFZk4wRGhLUk5iNHJZb1NpRUdUTHl6THB5QmMvQTI4RGxrbTVlT1kNCmZqelhmWWtHdFlpL0Z0eGtnM085dmNyTVE0KzZpK3VHSGFJTDJyTCtzNE1yZk84djF4djYrV2t5MzNFRUdDb3UNClFpd1ZHUkZRWG5Sb1E2Mk5CQ0ZiVU5MaG1Yd2RqMWFrWnpMVTRwNVI0ekEzUWhkeHdFSWF0Vkx0MCs3b3dMUTMNCmxQOHNmWGhwcFBPWGpUcU1ENFFrWXd6UEFhOC96RjdhY240a3J5clVQN1E2UEFmZDB6RVZxTnk5WkNaOWZmaG8NCnpYZWRGajQ4NklGb2M1Z25UcDJONmpzblZqNExDR0lobFZIbFlHb3pLS0ZxSmNRVkdzSENxcTFvejJ6alc2TFMNCm9SWUlIZ0VDZ1lFQTh6WnJrQ3dOWVNYSnVPREozbS9oT0xWeGN4Z0p1d1hvaUVyV2QwRTQydlBhbmpqVk1obnQNCktZNWw4cUdNSjZGaEs5TFl4MnFDcmYvRTBYdFVBWjJ3VnEzT1JUeUduc01XcmU5dExZczU1WCtaTjEwVGM3NXoNCjRoYWNiVTBocUtOMUhpRG1zTVJZMy8yTmFaSG95N01LbndKSkJhRzQ4bDlDQ1RsVndNSG9jSUVDZ1lFQThqYnkNCmRHanhUSCs2WEhXTml6YjVTUmJaeEFueUVlSmVSd1RNaDBnR3p3R1BwSC9zWllHenl1MFN5U1hXQ25aaDNSZ3ENCjV1TGxOeHRyWHJsalpseWkyblFkUWdzcTJZcldVczAremdVKzIydVFzWnBTQWZ0bWhWcnR2ZXQ2TWpWamJCeVkNCkRBRGNpRVZVZEpZSVhrK3FuRlVKeWVyb0xJa1RqN1dZS1o2Umprc0NnWUJvQ0ZJd1JEZWc0Mm9LODlSRm1uT3INCkx5bU5BcTQrMm9NaHNXbFZiNGVqV0lXZUFrOW5jK0dYVWZyWHN6UmhTMDFtVW5VNXI1eWdVdlJjYXJWL1QzVTcNClRuTVorSTdZNERnV1JJRGQ1MXpuaHhJQnRZVjVqL0MvdDg1SGpxT2tIKzhiNlJUa2JjaGFYM21hdTdmcFVmZHMNCkZxMG5oSXE0MmZoRU84c3JmWVl3Z1FLQmdRQ3loaTFOLzh0YVJ3cGsrMy9JREV6UXdqYmZkelVrV1dTRGs5WHMNCkgvcGt1UkhXZlRNUDNmbFdxRVlnVy9MVzQwcGVXMkhEcTVpbWRWOCtBZ1p4ZS9YTWJhamk5TGd3ZjFSWTAwNW4NCkt4YVpRejd5cUh1cFdsTEdGNjhEUEh4a1pWVlNhZ0RuVi9zenRXWDZTRnNDcUZWbnhJWGlmWEdDNGNXNU5tOWcNCnZhOHE0UUtCZ1FDRWhMVmVVZmR3S3ZrWjk0Zy9HRno3MzFaMmhyZFZoZ01aYVUvdTZ0MFY5NStZZXpQTkNRWkINCndtRTlNbWxicTFlbURlUk9pdmpDZm9HaFIza1pYVzFwVEtsTGg2Wk1VUVVPcHB0ZFh2YThYeGZvcVF3YTNlbkENCk03bXVCYkYwWE43Vk84MGlKUHYrUG1JWmRFSUFrcHdLZmkyMDFZQitCYWZDSXVHeElGNTBWZz09DQotLS0tLUVORCBSU0EgUFJJVkFURSBLRVktLS0tLQ0KDQo8L2tleT4NCg0K
vpn424229778,114.180.80.104,638008,11,370401376,Japan,JP,11,0,113271,10631876921000,2weeks,Zill's owner,,IyMjIyMjIyMjIyMjIyMjIyMjIyMjIyMjIyMjIyMjIyMjIyMjIyMjIyMjIyMjIyMjIyMjIyMjIyMjIyMjIyMjIyMjIyMjIyMjIyMjIyMjIw0KIyBPcGVuVlBOIDIuMCBTYW1wbGUgQ29uZmlndXJhdGlvbiBGaWxlDQojIGZvciBQYWNrZXRpWCBWUE4gLyBTb2Z0RXRoZXIgVlBOIFNlcnZlcg0KIyANCiMgISEhIEFVVE8tR0VORVJBVEVEIEJZIFNPRlRFVEhFUiBWUE4gU0VSVkVSIE1BTkFHRU1FTlQgVE9PTCAhISENCiMgDQojICEhISBZT1UgSEFWRSBUTyBSRVZJRVcgSVQgQkVGT1JFIFVTRSBBTkQgTU9ESUZZIElUIEFTIE5FQ0VTU0FSWSAhISENCiMgDQojIFRoaXMgY29uZmlndXJhdGlvbiBmaWxlIGlzIGF1dG8tZ2VuZXJhdGVkLiBZb3UgbWlnaHQgdXNlIHRoaXMgY29uZmlnIGZpbGUNCiMgaW4gb3JkZXIgdG8gY29ubmVjdCB0byB0aGUgUGFja2V0aVggVlBOIC8gU29mdEV0aGVyIFZQTiBTZXJ2ZXIuDQojIEhvd2V2ZXIsIGJlZm9yZSB5b3UgdHJ5IGl0LCB5b3Ugc2hvdWxkIHJldmlldyB0aGUgZGVzY3JpcHRpb25zIG9mIHRoZSBmaWxlDQojIHRvIGRldGVybWluZSB0aGUgbmVjZXNzaXR5IHRvIG1vZGlmeSB0byBzdWl0YWJsZSBmb3IgeW91ciByZWFsIGVudmlyb25tZW50Lg0KIyBJZiBuZWNlc3NhcnksIHlvdSBoYXZlIHRvIG1vZGlmeSBhIGxpdHRsZSBhZGVxdWF0ZWx5IG9uIHRoZSBmaWxlLg0KIyBGb3IgZXhhbXBsZSwgdGhlIElQIGFkZHJlc3Mgb3IgdGhlIGhvc3RuYW1lIGFzIGEgZGVzdGluYXRpb24gVlBOIFNlcnZlcg0KIyBzaG91bGQgYmUgY29uZmlybWVkLg0KIyANCiMgTm90ZSB0aGF0IHRvIHVzZSBPcGVuVlBOIDIuMCwgeW91IGhhdmUgdG8gcHV0IHRoZSBjZXJ0aWZpY2F0aW9uIGZpbGUgb2YNCiMgdGhlIGRlc3RpbmF0aW9uIFZQTiBTZXJ2ZXIgb24gdGhlIE9wZW5WUE4gQ2xpZW50IGNvbXB1dGVyIHdoZW4geW91IHVzZSB0aGlzDQojIGNvbmZpZyBmaWxlLiBQbGVhc2UgcmVmZXIgdGhlIGJlbG93IGRlc2NyaXB0aW9ucyBjYXJlZnVsbHkuDQoNCg0KIyMjIyMjIyMjIyMjIyMjIyMjIyMjIyMjIyMjIyMjIyMjIyMjIyMjIyMjIyMjIyMjIyMjIyMjIyMjIyMjIyMjIyMjIyMjIyMjIyMjIyMjIw0KIyBTcGVjaWZ5IHRoZSB0eXBlIG9mIHRoZSBsYXllciBvZiB0aGUgVlBOIGNvbm5lY3Rpb24uDQojIA0KIyBUbyBjb25uZWN0IHRvIHRoZSBWUE4gU2VydmVyIGFzIGEgIlJlbW90ZS1BY2Nlc3MgVlBOIENsaWVudCBQQyIsDQojICBzcGVjaWZ5ICdkZXYgdHVuJy4gKExheWVyLTMgSVAgUm91dGluZyBNb2RlKQ0KIw0KIyBUbyBjb25uZWN0IHRvIHRoZSBWUE4gU2VydmVyIGFzIGEgYnJpZGdpbmcgZXF1aXBtZW50IG9mICJTaXRlLXRvLVNpdGUgVlBOIiwNCiMgIHNwZWNpZnkgJ2RldiB0YXAnLiAoTGF5ZXItMiBFdGhlcm5ldCBCcmlkZ2luZSBNb2RlKQ0KDQpkZXYgdHVuDQoNCg0KIyMjIyMjIyMjIyMjIyMjIyMjIyMjIyMjIyMjIyMjIyMjIyMjIyMjIyMjIyMjIyMjIyMjIyMjIyMjIyMjIyMjIyMjIyMjIyMjIyMjIyMjIw0KIyBTcGVjaWZ5IHRoZSB1bmRlcmx5aW5nIHByb3RvY29sIGJleW9uZCB0aGUgSW50ZXJuZXQuDQojIE5vdGUgdGhhdCB0aGlzIHNldHRpbmcgbXVzdCBiZSBjb3JyZXNwb25kIHdpdGggdGhlIGxpc3RlbmluZyBzZXR0aW5nIG9uDQojIHRoZSBWUE4gU2VydmVyLg0KIyANCiMgU3BlY2lmeSBlaXRoZXIgJ3Byb3RvIHRjcCcgb3IgJ3Byb3RvIHVkcCcuDQoNCnByb3RvIHRjcA0KDQoNCiMjIyMjIyMjIyMjIyMjIyMjIyMjIyMjIyMjIyMjIyMjIyMjIyMjIyMjIyMjIyMjIyMjIyMjIyMjIyMjIyMjIyMjIyMjIyMjIyMjIyMjIyMNCiMgVGhlIGRlc3RpbmF0aW9uIGhvc3RuYW1lIC8gSVAgYWRkcmVzcywgYW5kIHBvcnQgbnVtYmVyIG9mDQojIHRoZSB0YXJnZXQgVlBOIFNlcnZlci4NCiMgDQojIFlvdSBoYXZlIHRvIHNwZWNpZnkgYXMgJ3JlbW90ZSA8SE9TVE5BTUU+IDxQT1JUPicuIFlvdSBjYW4gYWxzbw0KIyBzcGVjaWZ5IHRoZSBJUCBhZGRyZXNzIGluc3RlYWQgb2YgdGhlIGhvc3RuYW1lLg0KIyANCiMgTm90ZSB0aGF0IHRoZSBhdXRvLWdlbmVyYXRlZCBiZWxvdyBob3N0bmFtZSBhcmUgYSAiYXV0by1kZXRlY3RlZA0KIyBJUCBhZGRyZXNzIiBvZiB0aGUgVlBOIFNlcnZlci4gWW91IGhhdmUgdG8gY29uZmlybSB0aGUgY29ycmVjdG5lc3MNCiMgYmVmb3JlaGFuZC4NCiMgDQojIFdoZW4geW91IHdhbnQgdG8gY29ubmVjdCB0byB0aGUgVlBOIFNlcnZlciBieSB1c2luZyBUQ1AgcHJvdG9jb2wsDQojIHRoZSBwb3J0IG51bWJlciBvZiB0aGUgZGVzdGluYXRpb24gVENQIHBvcnQgc2hvdWxkIGJlIHNhbWUgYXMgb25lIG9mDQojIHRoZSBhdmFpbGFibGUgVENQIGxpc3RlbmVycyBvbiB0aGUgVlBOIFNlcnZlci4NCiMgDQojIFdoZW4geW91IHVzZSBVRFAgcHJvdG9jb2wsIHRoZSBwb3J0IG51bWJlciBtdXN0IHNhbWUgYXMgdGhlIGNvbmZpZ3VyYXRpb24NCiMgc2V0dGluZyBvZiAiT3BlblZQTiBTZXJ2ZXIgQ29tcGF0aWJsZSBGdW5jdGlvbiIgb24gdGhlIFZQTiBTZXJ2ZXIuDQoNCnJlbW90ZSAxMTQuMTgwLjgwLjEwNCAxNDU1DQoNCg0KIyMjIyMjIyMjIyMjIyMjIyMjIyMjIyMjIyMjIyMjIyMjIyMjIyMjIyMjIyMjIyMjIyMjIyMjIyMjIyMjIyMjIyMjIyMjIyMjIyMjIyMjIw0KIyBUaGUgSFRUUC9IVFRQUyBwcm94eSBzZXR0aW5nLg0KIyANCiMgT25seSBpZiB5b3UgaGF2ZSB0byB1c2UgdGhlIEludGVybmV0IHZpYSBhIHByb3h5LCB1bmNvbW1lbnQgdGhlIGJlbG93DQojIHR3byBsaW5lcyBhbmQgc3BlY2lmeSB0aGUgcHJveHkgYWRkcmVzcyBhbmQgdGhlIHBvcnQgbnVtYmVyLg0KIyBJbiB0aGUgY2FzZSBvZiB1c2luZyBwcm94eS1hdXRoZW50aWNhdGlvbiwgcmVmZXIgdGhlIE9wZW5WUE4gbWFudWFsLg0KDQo7aHR0cC1wcm94eS1yZXRyeQ0KO2h0dHAtcHJveHkgW3Byb3h5IHNlcnZlcl0gW3Byb3h5IHBvcnRdDQoNCg0KIyMjIyMjIyMjIyMjIyMjIyMjIyMjIyMjIyMjIyMjIyMjIyMjIyMjIyMjIyMjIyMjIyMjIyMjIyMjIyMjIyMjIyMjIyMjIyMjIyMjIyMjIw0KIyBUaGUgZW5jcnlwdGlvbiBhbmQgYXV0aGVudGljYXRpb24gYWxnb3JpdGhtLg0KIyANCiMgRGVmYXVsdCBzZXR0aW5nIGlzIGdvb2QuIE1vZGlmeSBpdCBhcyB5b3UgcHJlZmVyLg0KIyBXaGVuIHlvdSBzcGVjaWZ5IGFuIHVuc3VwcG9ydGVkIGFsZ29yaXRobSwgdGhlIGVycm9yIHdpbGwgb2NjdXIuDQojIA0KIyBUaGUgc3VwcG9ydGVkIGFsZ29yaXRobXMgYXJlIGFzIGZvbGxvd3M6DQojICBjaXBoZXI6IFtOVUxMLUNJUEhFUl0gTlVMTCBBRVMtMTI4LUNCQyBBRVMtMTkyLUNCQyBBRVMtMjU2LUNCQyBCRi1DQkMNCiMgICAgICAgICAgQ0FTVC1DQkMgQ0FTVDUtQ0JDIERFUy1DQkMgREVTLUVERS1DQkMgREVTLUVERTMtQ0JDIERFU1gtQ0JDDQojICAgICAgICAgIFJDMi00MC1DQkMgUkMyLTY0LUNCQyBSQzItQ0JDDQojICBhdXRoOiAgIFNIQSBTSEExIE1ENSBNRDQgUk1EMTYwDQoNCmNpcGhlciBBRVMtMTI4LUNCQw0KYXV0aCBTSEExDQoNCg0KIyMjIyMjIyMjIyMjIyMjIyMjIyMjIyMjIyMjIyMjIyMjIyMjIyMjIyMjIyMjIyMjIyMjIyMjIyMjIyMjIyMjIyMjIyMjIyMjIyMjIyMjIw0KIyBPdGhlciBwYXJhbWV0ZXJzIG5lY2Vzc2FyeSB0byBjb25uZWN0IHRvIHRoZSBWUE4gU2VydmVyLg0KIyANCiMgSXQgaXMgbm90IHJlY29tbWVuZGVkIHRvIG1vZGlmeSBpdCB1bmxlc3MgeW91IGhhdmUgYSBwYXJ0aWN1bGFyIG5lZWQuDQoNCnJlc29sdi1yZXRyeSBpbmZpbml0ZQ0Kbm9iaW5kDQpwZXJzaXN0LWtleQ0KcGVyc2lzdC10dW4NCmNsaWVudA0KdmVyYiAzDQojYXV0aC11c2VyLXBhc3MNCg0KDQojIyMjIyMjIyMjIyMjIyMjIyMjIyMjIyMjIyMjIyMjIyMjIyMjIyMjIyMjIyMjIyMjIyMjIyMjIyMjIyMjIyMjIyMjIyMjIyMjIyMjIyMjDQojIFRoZSBjZXJ0aWZpY2F0ZSBmaWxlIG9mIHRoZSBkZXN0aW5hdGlvbiBWUE4gU2VydmVyLg0KIyANCiMgVGhlIENBIGNlcnRpZmljYXRlIGZpbGUgaXMgZW1iZWRkZWQgaW4gdGhlIGlubGluZSBmb3JtYXQuDQojIFlvdSBjYW4gcmVwbGFjZSB0aGlzIENBIGNvbnRlbnRzIGlmIG5lY2Vzc2FyeS4NCiMgUGxlYXNlIG5vdGUgdGhhdCBpZiB0aGUgc2VydmVyIGNlcnRpZmljYXRlIGlzIG5vdCBhIHNlbGYtc2lnbmVkLCB5b3UgaGF2ZSB0bw0KIyBzcGVjaWZ5IHRoZSBzaWduZXIncyByb290IGNlcnRpZmljYXRlIChDQSkgaGVyZS4NCg0KPGNhPg0KLS0tLS1CRUdJTiBDRVJUSUZJQ0FURS0tLS0tDQpNSUlGYXpDQ0ExT2dBd0lCQWdJUkFJSVF6N0RTUU9OWlJHUGd1Mk9DaXdBd0RRWUpLb1pJaHZjTkFRRUxCUUF3DQpUekVMTUFrR0ExVUVCaE1DVlZNeEtUQW5CZ05WQkFvVElFbHVkR1Z5Ym1WMElGTmxZM1Z5YVhSNUlGSmxjMlZoDQpjbU5vSUVkeWIzVndNUlV3RXdZRFZRUURFd3hKVTFKSElGSnZiM1FnV0RFd0hoY05NVFV3TmpBME1URXdORE00DQpXaGNOTXpVd05qQTBNVEV3TkRNNFdqQlBNUXN3Q1FZRFZRUUdFd0pWVXpFcE1DY0dBMVVFQ2hNZ1NXNTBaWEp1DQpaWFFnVTJWamRYSnBkSGtnVW1WelpXRnlZMmdnUjNKdmRYQXhGVEFUQmdOVkJBTVRERWxUVWtjZ1VtOXZkQ0JZDQpNVENDQWlJd0RRWUpLb1pJaHZjTkFRRUJCUUFEZ2dJUEFEQ0NBZ29DZ2dJQkFLM29KSFAwRkRmem01NHJWeWdjDQpoNzdjdDk4NGtJeHVQT1pYb0hqM2RjS2kvdlZxYnZZQVR5amIzbWlHYkVTVHRyRmovUlFTYTc4ZjB1b3hteUYrDQowVE04dWtqMTNYbmZzN2ovRXZFaG1rdkJpb1p4YVVwbVpteVBmanh3djYwcElnYno1TURtZ0s3aVM0KzNtWDZVDQpBNS9UUjVkOG1VZ2pVK2c0cms4S2I0TXUwVWxYaklCMHR0b3YwRGlOZXdOd0lSdDE4akE4K28rdTNkcGpxK3NXDQpUOEtPRVV0K3p3dm8vN1YzTHZTeWUwcmdUQklsREhDTkF5bWc0Vk1rN0JQWjdobS9FTE5LakQrSm8yRlIzcXlIDQpCNVQwWTNIc0x1SnZXNWlCNFlsY05IbHNkdTg3a0dKNTV0dWttaThteGRBUTRRN2UyUkNPRnZ1Mzk2ajN4K1VDDQpCNWlQTmdpVjUrSTNsZzAyZFo3N0RuS3hIWnU4QS9sSkJkaUIzUVcwS3RaQjZhd0JkcFVLRDlqZjFiMFNIelV2DQpLQmRzMHBqQnFBbGtkMjVITjdyT3JGbGVhSjEvY3RhSnhRWkJLVDVaUHQwbTlTVEpFYWRhbzB4QUgwYWhtYlduDQpPbEZ1aGp1ZWZYS25FZ1Y0V2UwK1VYZ1ZDd09QamRBdkJiSStlMG9jUzNNRkV2ekc2dUJRRTN4RGszU3p5blRuDQpqaDhCQ05BdzFGdHhOclFIdXNFd01GeEl0NEk3bUtaOVlJcWlveW1DekxxOWd3UWJvb01EUWFIV0JmRWJ3cmJ3DQpxSHlHTzBhb1NDcUkzSGFhZHI4ZmFxVTlHWS9yT1BOazNzZ3JEUW9vLy9mYjRoVkMxQ0xRSjEzaGVmNFk1M0NJDQpyVTdtMllzNnh0MG5VVzcvdkdUMU0wTlBBZ01CQUFHalFqQkFNQTRHQTFVZER3RUIvd1FFQXdJQkJqQVBCZ05WDQpIUk1CQWY4RUJUQURBUUgvTUIwR0ExVWREZ1FXQkJSNXRGbm1lN2JsNUFGemdBaUl5QnBZOXVtYmJqQU5CZ2txDQpoa2lHOXcwQkFRc0ZBQU9DQWdFQVZSOVlxYnl5cUZEUURMSFlHbWtnSnlrSXJHRjFYSXB1K0lMbGFTL1Y5bFpMDQp1Ymh6RUZuVElaZCs1MHh4KzdMU1lLMDVxQXZxRnlGV2hmRlFEbG5yenVCWjZickpGZStHblkrRWdQYms2WkdRDQozQmViWWh0RjhHYVYwbnh2d3VvNzd4L1B5OWF1Si9HcHNNaXUvWDErbXZvaUJPdi8yWC9xa1NzaXNSY09qL0tLDQpORnRZMlB3QnlWUzV1Q2JNaW9nemlVd3RoRHlDMys2V1Z3VzZMTHYzeExmSFRqdUN2akhJSW5Oemt0SENnS1E1DQpPUkF6STRKTVBKK0dzbFdZSGI0cGhvd2ltNTdpYXp0WE9vSndUZHdKeDRuTENnZE5iT2hkanNudnpxdkh1N1VyDQpUa1hXU3RBbXpPVnl5Z2hxcFpYakZhSDNwTzNKTEYrbCsvK3NLQUl1dnRkN3UrTnhlNUFXMHdkZVJsTjhOd2RDDQpqTlBFbHB6Vm1iVXE0SlVhZ0VpdVREa0h6c3hIcEZLVks3cTQrNjNTTTFOOTVSMU5iZFdoc2NkQ2IrWkFKelZjDQpveWkzQjQzbmpUT1E1eU9mKzFDY2VXeEcxYlFWczVadWZwc01sanE0VWkwLzFsdmgrd2pDaFA0a3FLT0oycXhxDQo0Umdxc2FoRFlWdlRIOXc3alhieUxlaU5kZDhYTTJ3OVUvdDd5MEZmLzl5aTBHRTQ0WmE0ckYyTE45ZDExVFBBDQptUkd1blVIQmNuV0V2Z0pCUWw5bkpFaVUwWnNudmdjL3ViaFBnWFJSNFhxMzdaMGo0cjdnMVNnRUV6d3hBNTdkDQplbXlQeGdjWXhuL2VSNDQvS0o0RUJzK2xWRFIzdmV5Sm0ra1hROTliMjEvK2poNVhvczFBblg1aUl0cmVHQ2M9DQotLS0tLUVORCBDRVJUSUZJQ0FURS0tLS0tDQoNCjwvY2E+DQoNCg0KIyMjIyMjIyMjIyMjIyMjIyMjIyMjIyMjIyMjIyMjIyMjIyMjIyMjIyMjIyMjIyMjIyMjIyMjIyMjIyMjIyMjIyMjIyMjIyMjIyMjIyMjIw0KIyBUaGUgY2xpZW50IGNlcnRpZmljYXRlIGZpbGUgKGR1bW15KS4NCiMgDQojIEluIHNvbWUgaW1wbGVtZW50YXRpb25zIG9mIE9wZW5WUE4gQ2xpZW50IHNvZnR3YXJlDQojIChmb3IgZXhhbXBsZTogT3BlblZQTiBDbGllbnQgZm9yIGlPUyksDQojIGEgcGFpciBvZiBjbGllbnQgY2VydGlmaWNhdGUgYW5kIHByaXZhdGUga2V5IG11c3QgYmUgaW5jbHVkZWQgb24gdGhlDQojIGNvbmZpZ3VyYXRpb24gZmlsZSBkdWUgdG8gdGhlIGxpbWl0YXRpb24gb2YgdGhlIGNsaWVudC4NCiMgU28gdGhpcyBzYW1wbGUgY29uZmlndXJhdGlvbiBmaWxlIGhhcyBhIGR1bW15IHBhaXIgb2YgY2xpZW50IGNlcnRpZmljYXRlDQojIGFuZCBwcml2YXRlIGtleSBhcyBmb2xsb3dzLg0KDQo8Y2VydD4NCi0tLS0tQkVHSU4gQ0VSVElGSUNBVEUtLS0tLQ0KTUlJQ3hqQ0NBYTRDQVFBd0RRWUpLb1pJaHZjTkFRRUZCUUF3S1RFYU1CZ0dBMVVFQXhNUlZsQk9SMkYwWlVOcw0KYVdWdWRFTmxjblF4Q3pBSkJnTlZCQVlUQWtwUU1CNFhEVEV6TURJeE1UQXpORGswT1ZvWERUTTNNREV4T1RBeg0KTVRRd04xb3dLVEVhTUJnR0ExVUVBeE1SVmxCT1IyRjBaVU5zYVdWdWRFTmxjblF4Q3pBSkJnTlZCQVlUQWtwUQ0KTUlJQklqQU5CZ2txaGtpRzl3MEJBUUVGQUFPQ0FROEFNSUlCQ2dLQ0FRRUE1aDJsZ1FRWVVqd29LWUpielZaQQ0KNVZjSUdkNW90UGMvcVpSTXQwS0l0Q0ZBMHM5UndSZU5WYTlmRFJGTFJCaGNJVE9sdjNGQmNXM0U4aDFVczdSRA0KNFc4R21KZTh6YXBKbkxzRDM5T1NNUkN6WkpuY3pXNE9DSDFQWlJaV0txRHRqbE5jYTlBRjhhNjVqVG1sRHhDUQ0KQ2pudExJV2s1T0xMVmtGdDkvdFNjYzFHRHRjaTU1b2ZoYU5BWU1QaUg3VjgrMWc2NnBHSFhBb1dLNkFRVkg2Nw0KWENLSm5HQjVubFErSHNNWVBWL080OUxkOTFaTi8ydEhrY2FMTHlOdHl3eFZQUlNzUmg0ODBqanUwZmNDc3Y2aA0KcC8weVhuVEIvL21XdXRCR3BkVWxJYndpSVRiQW1yc2JZbmppZ1J2blBxWDFSTkpVYmk5RnA2QzJjL0hJRkpHRA0KeXdJREFRQUJNQTBHQ1NxR1NJYjNEUUVCQlFVQUE0SUJBUUNoTzVoZ2N3LzRvV2ZvRUZMdTlrQmExQi8va3hIOA0KaFFrQ2hWTm44QlJDN1kwVVJRaXRQbDNES0VlZDlVUkJEZGcyS09Bejc3YmI2RU5QaWxpRCthMzhVSkhJUk1xZQ0KVUJIaGxsT0hJenZEaEhGYmFvdkFMQlFjZWVCemRrUXhzS1FFU0ttUW1SODMyOTUwVUNvdm95UkI2MVV5QVY3aA0KK21aaFlQR1JLWEtTSkk2czBFZ2cvQ3JpK0N3azRiakpmcmI1aFZzZTExeWg0RDlNSGh3U2ZDT0grMHo0aFBVVA0KRmt1N2RHYXZVUk81U1Z4TW4vc0w2RW41RCtvU2VYa2FkSHBEcytBaXJ5bTJZSGgxNWgwK2pQU09vUjZ5aVZwLw0KNnpaZVprck40M2t1UzczS3BLREZqZkZQaDh0NHIxZ09JanR0a05jUXFCY2N1c25wbFE3SEpwc2sNCi0tLS0tRU5EIENFUlRJRklDQVRFLS0tLS0NCg0KPC9jZXJ0Pg0KDQo8a2V5Pg0KLS0tLS1CRUdJTiBSU0EgUFJJVkFURSBLRVktLS0tLQ0KTUlJRXBBSUJBQUtDQVFFQTVoMmxnUVFZVWp3b0tZSmJ6VlpBNVZjSUdkNW90UGMvcVpSTXQwS0l0Q0ZBMHM5Ug0Kd1JlTlZhOWZEUkZMUkJoY0lUT2x2M0ZCY1czRThoMVVzN1JENFc4R21KZTh6YXBKbkxzRDM5T1NNUkN6WkpuYw0Kelc0T0NIMVBaUlpXS3FEdGpsTmNhOUFGOGE2NWpUbWxEeENRQ2pudExJV2s1T0xMVmtGdDkvdFNjYzFHRHRjaQ0KNTVvZmhhTkFZTVBpSDdWOCsxZzY2cEdIWEFvV0s2QVFWSDY3WENLSm5HQjVubFErSHNNWVBWL080OUxkOTFaTg0KLzJ0SGtjYUxMeU50eXd4VlBSU3NSaDQ4MGpqdTBmY0NzdjZocC8weVhuVEIvL21XdXRCR3BkVWxJYndpSVRiQQ0KbXJzYlluamlnUnZuUHFYMVJOSlViaTlGcDZDMmMvSElGSkdEeXdJREFRQUJBb0lCQUVSVjdYNUF2eEE4dVJpSw0KazhTSXBzRDBkWDFwSk9NSXdha1VWeXZjNEVmTjBEaEtSTmI0cllvU2lFR1RMeXpMcHlCYy9BMjhEbGttNWVPWQ0KZmp6WGZZa0d0WWkvRnR4a2czTzl2Y3JNUTQrNmkrdUdIYUlMMnJMK3M0TXJmTzh2MXh2NitXa3kzM0VFR0NvdQ0KUWl3VkdSRlFYblJvUTYyTkJDRmJVTkxobVh3ZGoxYWtaekxVNHA1UjR6QTNRaGR4d0VJYXRWTHQwKzdvd0xRMw0KbFA4c2ZYaHBwUE9YalRxTUQ0UWtZd3pQQWE4L3pGN2FjbjRrcnlyVVA3UTZQQWZkMHpFVnFOeTlaQ1o5ZmZobw0KelhlZEZqNDg2SUZvYzVnblRwMk42anNuVmo0TENHSWhsVkhsWUdvektLRnFKY1FWR3NIQ3FxMW96MnpqVzZMUw0Kb1JZSUhnRUNnWUVBOHpacmtDd05ZU1hKdU9ESjNtL2hPTFZ4Y3hnSnV3WG9pRXJXZDBFNDJ2UGFuampWTWhudA0KS1k1bDhxR01KNkZoSzlMWXgycUNyZi9FMFh0VUFaMndWcTNPUlR5R25zTVdyZTl0TFlzNTVYK1pOMTBUYzc1eg0KNGhhY2JVMGhxS04xSGlEbXNNUlkzLzJOYVpIb3k3TUtud0pKQmFHNDhsOUNDVGxWd01Ib2NJRUNnWUVBOGpieQ0KZEdqeFRIKzZYSFdOaXpiNVNSYlp4QW55RWVKZVJ3VE1oMGdHendHUHBIL3NaWUd6eXUwU3lTWFdDblpoM1JncQ0KNXVMbE54dHJYcmxqWmx5aTJuUWRRZ3NxMllyV1VzMCt6Z1UrMjJ1UXNacFNBZnRtaFZydHZldDZNalZqYkJ5WQ0KREFEY2lFVlVkSllJWGsrcW5GVUp5ZXJvTElrVGo3V1lLWjZSamtzQ2dZQm9DRkl3UkRlZzQyb0s4OVJGbW5Pcg0KTHltTkFxNCsyb01oc1dsVmI0ZWpXSVdlQWs5bmMrR1hVZnJYc3pSaFMwMW1VblU1cjV5Z1V2UmNhclYvVDNVNw0KVG5NWitJN1k0RGdXUklEZDUxem5oeElCdFlWNWovQy90ODVIanFPa0grOGI2UlRrYmNoYVgzbWF1N2ZwVWZkcw0KRnEwbmhJcTQyZmhFTzhzcmZZWXdnUUtCZ1FDeWhpMU4vOHRhUndwayszL0lERXpRd2piZmR6VWtXV1NEazlYcw0KSC9wa3VSSFdmVE1QM2ZsV3FFWWdXL0xXNDBwZVcySERxNWltZFY4K0FnWnhlL1hNYmFqaTlMZ3dmMVJZMDA1bg0KS3hhWlF6N3lxSHVwV2xMR0Y2OERQSHhrWlZWU2FnRG5WL3N6dFdYNlNGc0NxRlZueElYaWZYR0M0Y1c1Tm05Zw0KdmE4cTRRS0JnUUNFaExWZVVmZHdLdmtaOTRnL0dGejczMVoyaHJkVmhnTVphVS91NnQwVjk1K1llelBOQ1FaQg0Kd21FOU1tbGJxMWVtRGVST2l2akNmb0doUjNrWlhXMXBUS2xMaDZaTVVRVU9wcHRkWHZhOFh4Zm9xUXdhM2VuQQ0KTTdtdUJiRjBYTjdWTzgwaUpQditQbUlaZEVJQWtwd0tmaTIwMVlCK0JhZkNJdUd4SUY1MFZnPT0NCi0tLS0tRU5EIFJTQSBQUklWQVRFIEtFWS0tLS0tDQoNCjwva2V5Pg0KDQo=
vpn536405732,189.38.42.247,635094,11,86370372,Brazil,BR,11,21947507,651,85764683890,2weeks,Fruhauf's owner,,IyMjIyMjIyMjIyMjIyMjIyMjIyMjIyMjIyMjIyMjIyMjIyMjIyMjIyMjIyMjIyMjIyMjIyMjIyMjIyMjIyMjIyMjIyMjIyMjIyMjIyMjIw0KIyBPcGVuVlBOIDIuMCBTYW1wbGUgQ29uZmlndXJhdGlvbiBGaWxlDQojIGZvciBQYWNrZXRpWCBWUE4gLyBTb2Z0RXRoZXIgVlBOIFNlcnZlcg0KIyANCiMgISEhIEFVVE8tR0VORVJBVEVEIEJZIFNPRlRFVEhFUiBWUE4gU0VSVkVSIE1BTkFHRU1FTlQgVE9PTCAhISENCiMgDQojICEhISBZT1UgSEFWRSBUTyBSRVZJRVcgSVQgQkVGT1JFIFVTRSBBTkQgTU9ESUZZIElUIEFTIE5FQ0VTU0FSWSAhISENCiMgDQojIFRoaXMgY29uZmlndXJhdGlvbiBmaWxlIGlzIGF1dG8tZ2VuZXJhdGVkLiBZb3UgbWlnaHQgdXNlIHRoaXMgY29uZmlnIGZpbGUNCiMgaW4gb3JkZXIgdG8gY29ubmVjdCB0byB0aGUgUGFja2V0aVggVlBOIC8gU29mdEV0aGVyIFZQTiBTZXJ2ZXIuDQojIEhvd2V2ZXIsIGJlZm9yZSB5b3UgdHJ5IGl0LCB5b3Ugc2hvdWxkIHJldmlldyB0aGUgZGVzY3JpcHRpb25zIG9mIHRoZSBmaWxlDQojIHRvIGRldGVybWluZSB0aGUgbmVjZXNzaXR5IHRvIG1vZGlmeSB0byBzdWl0YWJsZSBmb3IgeW91ciByZWFsIGVudmlyb25tZW50Lg0KIyBJZiBuZWNlc3NhcnksIHlvdSBoYXZlIHRvIG1vZGlmeSBhIGxpdHRsZSBhZGVxdWF0ZWx5IG9uIHRoZSBmaWxlLg0KIyBGb3IgZXhhbXBsZSwgdGhlIElQIGFkZHJlc3Mgb3IgdGhlIGhvc3RuYW1lIGFzIGEgZGVzdGluYXRpb24gVlBOIFNlcnZlcg0KIyBzaG91bGQgYmUgY29uZmlybWVkLg0KIyANCiMgTm90ZSB0aGF0IHRvIHVzZSBPcGVuVlBOIDIuMCwgeW91IGhhdmUgdG8gcHV0IHRoZSBjZXJ0aWZpY2F0aW9uIGZpbGUgb2YNCiMgdGhlIGRlc3RpbmF0aW9uIFZQTiBTZXJ2ZXIgb24gdGhlIE9wZW5WUE4gQ2xpZW50IGNvbXB1dGVyIHdoZW4geW91IHVzZSB0aGlzDQojIGNvbmZpZyBmaWxlLiBQbGVhc2UgcmVmZXIgdGhlIGJlbG93IGRlc2NyaXB0aW9ucyBjYXJlZnVsbHkuDQoNCg0KIyMjIyMjIyMjIyMjIyMjIyMjIyMjIyMjIyMjIyMjIyMjIyMjIyMjIyMjIyMjIyMjIyMjIyMjIyMjIyMjIyMjIyMjIyMjIyMjIyMjIyMjIw0KIyBTcGVjaWZ5IHRoZSB0eXBlIG9mIHRoZSBsYXllciBvZiB0aGUgVlBOIGNvbm5lY3Rpb24uDQojIA0KIyBUbyBjb25uZWN0IHRvIHRoZSBWUE4gU2VydmVyIGFzIGEgIlJlbW90ZS1BY2Nlc3MgVlBOIENsaWVudCBQQyIsDQojICBzcGVjaWZ5ICdkZXYgdHVuJy4gKExheWVyLTMgSVAgUm91dGluZyBNb2RlKQ0KIw0KIyBUbyBjb25uZWN0IHRvIHRoZSBWUE4gU2VydmVyIGFzIGEgYnJpZGdpbmcgZXF1aXBtZW50IG9mICJTaXRlLXRvLVNpdGUgVlBOIiwNCiMgIHNwZWNpZnkgJ2RldiB0YXAnLiAoTGF5ZXItMiBFdGhlcm5ldCBCcmlkZ2luZSBNb2RlKQ0KDQpkZXYgdHVuDQoNCg0KIyMjIyMjIyMjIyMjIyMjIyMjIyMjIyMjIyMjIyMjIyMjIyMjIyMjIyMjIyMjIyMjIyMjIyMjIyMjIyMjIyMjIyMjIyMjIyMjIyMjIyMjIw0KIyBTcGVjaWZ5IHRoZSB1bmRlcmx5aW5nIHByb3RvY29sIGJleW9uZCB0aGUgSW50ZXJuZXQuDQojIE5vdGUgdGhhdCB0aGlzIHNldHRpbmcgbXVzdCBiZSBjb3JyZXNwb25kIHdpdGggdGhlIGxpc3RlbmluZyBzZXR0aW5nIG9uDQojIHRoZSBWUE4gU2VydmVyLg0KIyANCiMgU3BlY2lmeSBlaXRoZXIgJ3Byb3RvIHRjcCcgb3IgJ3Byb3RvIHVkcCcuDQoNCnByb3RvIHVkcA0KDQoNCiMjIyMjIyMjIyMjIyMjIyMjIyMjIyMjIyMjIyMjIyMjIyMjIyMjIyMjIyMjIyMjIyMjIyMjIyMjIyMjIyMjIyMjIyMjIyMjIyMjIyMjIyMNCiMgVGhlIGRlc3RpbmF0aW9uIGhvc3RuYW1lIC8gSVAgYWRkcmVzcywgYW5kIHBvcnQgbnVtYmVyIG9mDQojIHRoZSB0YXJnZXQgVlBOIFNlcnZlci4NCiMgDQojIFlvdSBoYXZlIHRvIHNwZWNpZnkgYXMgJ3JlbW90ZSA8SE9TVE5BTUU+IDxQT1JUPicuIFlvdSBjYW4gYWxzbw0KIyBzcGVjaWZ5IHRoZSBJUCBhZGRyZXNzIGluc3RlYWQgb2YgdGhlIGhvc3RuYW1lLg0KIyANCiMgTm90ZSB0aGF0IHRoZSBhdXRvLWdlbmVyYXRlZCBiZWxvdyBob3N0bmFtZSBhcmUgYSAiYXV0by1kZXRlY3RlZA0KIyBJUCBhZGRyZXNzIiBvZiB0aGUgVlBOIFNlcnZlci4gWW91IGhhdmUgdG8gY29uZmlybSB0aGUgY29ycmVjdG5lc3MNCiMgYmVmb3JlaGFuZC4NCiMgDQojIFdoZW4geW91IHdhbnQgdG8gY29ubmVjdCB0byB0aGUgVlBOIFNlcnZlciBieSB1c2luZyBUQ1AgcHJvdG9jb2wsDQojIHRoZSBwb3J0IG51bWJlciBvZiB0aGUgZGVzdGluYXRpb24gVENQIHBvcnQgc2hvdWxkIGJlIHNhbWUgYXMgb25lIG9mDQojIHRoZSBhdmFpbGFibGUgVENQIGxpc3RlbmVycyBvbiB0aGUgVlBOIFNlcnZlci4NCiMgDQojIFdoZW4geW91IHVzZSBVRFAgcHJvdG9jb2wsIHRoZSBwb3J0IG51bWJlciBtdXN0IHNhbWUgYXMgdGhlIGNvbmZpZ3VyYXRpb24NCiMgc2V0dGluZyBvZiAiT3BlblZQTiBTZXJ2ZXIgQ29tcGF0aWJsZSBGdW5jdGlvbiIgb24gdGhlIFZQTiBTZXJ2ZXIuDQoNCnJlbW90ZSAxODkuMzguNDIuMjQ3IDMyOTgyDQoNCg0KIyMjIyMjIyMjIyMjIyMjIyMjIyMjIyMjIyMjIyMjIyMjIyMjIyMjIyMjIyMjIyMjIyMjIyMjIyMjIyMjIyMjIyMjIyMjIyMjIyMjIyMjIw0KIyBUaGUgSFRUUC9IVFRQUyBwcm94eSBzZXR0aW5nLg0KIyANCiMgT25seSBpZiB5b3UgaGF2ZSB0byB1c2UgdGhlIEludGVybmV0IHZpYSBhIHByb3h5LCB1bmNvbW1lbnQgdGhlIGJlbG93DQojIHR3byBsaW5lcyBhbmQgc3BlY2lmeSB0aGUgcHJveHkgYWRkcmVzcyBhbmQgdGhlIHBvcnQgbnVtYmVyLg0KIyBJbiB0aGUgY2FzZSBvZiB1c2luZyBwcm94eS1hdXRoZW50aWNhdGlvbiwgcmVmZXIgdGhlIE9wZW5WUE4gbWFudWFsLg0KDQo7aHR0cC1wcm94eS1yZXRyeQ0KO2h0dHAtcHJveHkgW3Byb3h5IHNlcnZlcl0gW3Byb3h5IHBvcnRdDQoNCg0KIyMjIyMjIyMjIyMjIyMjIyMjIyMjIyMjIyMjIyMjIyMjIyMjIyMjIyMjIyMjIyMjIyMjIyMjIyMjIyMjIyMjIyMjIyMjIyMjIyMjIyMjIw0KIyBUaGUgZW5jcnlwdGlvbiBhbmQgYXV0aGVudGljYXRpb24gYWxnb3JpdGhtLg0KIyANCiMgRGVmYXVsdCBzZXR0aW5nIGlzIGdvb2QuIE1vZGlmeSBpdCBhcyB5b3UgcHJlZmVyLg0KIyBXaGVuIHlvdSBzcGVjaWZ5IGFuIHVuc3VwcG9ydGVkIGFsZ29yaXRobSwgdGhlIGVycm9yIHdpbGwgb2NjdXIuDQojIA0KIyBUaGUgc3VwcG9ydGVkIGFsZ29yaXRobXMgYXJlIGFzIGZvbGxvd3M6DQojICBjaXBoZXI6IFtOVUxMLUNJUEhFUl0gTlVMTCBBRVMtMTI4LUNCQyBBRVMtMTkyLUNCQyBBRVMtMjU2LUNCQyBCRi1DQkMNCiMgICAgICAgICAgQ0FTVC1DQkMgQ0FTVDUtQ0JDIERFUy1DQkMgREVTLUVERS1DQkMgREVTLUVERTMtQ0JDIERFU1gtQ0JDDQojICAgICAgICAgIFJDMi00MC1DQkMgUkMyLTY0LUNCQyBSQzItQ0JDDQojICBhdXRoOiAgIFNIQSBTSEExIE1ENSBNRDQgUk1EMTYwDQoNCmNpcGhlciBBRVMtMTI4LUNCQw0KYXV0aCBTSEExDQoNCg0KIyMjIyMjIyMjIyMjIyMjIyMjIyMjIyMjIyMjIyMjIyMjIyMjIyMjIyMjIyMjIyMjIyMjIyMjIyMjIyMjIyMjIyMjIyMjIyMjIyMjIyMjIw0KIyBPdGhlciBwYXJhbWV0ZXJzIG5lY2Vzc2FyeSB0byBjb25uZWN0IHRvIHRoZSBWUE4gU2VydmVyLg0KIyANCiMgSXQgaXMgbm90IHJlY29tbWVuZGVkIHRvIG1vZGlmeSBpdCB1bmxlc3MgeW91IGhhdmUgYSBwYXJ0aWN1bGFyIG5lZWQuDQoNCnJlc29sdi1yZXRyeSBpbmZpbml0ZQ0Kbm9iaW5kDQpwZXJzaXN0LWtleQ0KcGVyc2lzdC10dW4NCmNsaWVudA0KdmVyYiAzDQojYXV0aC11c2VyLXBhc3MNCg0KDQojIyMjIyMjIyMjIyMjIyMjIyMjIyMjIyMjIyMjIyMjIyMjIyMjIyMjIyMjIyMjIyMjIyMjIyMjIyMjIyMjIyMjIyMjIyMjIyMjIyMjIyMjDQojIFRoZSBjZXJ0aWZpY2F0ZSBmaWxlIG9mIHRoZSBkZXN0aW5hdGlvbiBWUE4gU2VydmVyLg0KIyANCiMgVGhlIENBIGNlcnRpZmljYXRlIGZpbGUgaXMgZW1iZWRkZWQgaW4gdGhlIGlubGluZSBmb3JtYXQuDQojIFlvdSBjYW4gcmVwbGFjZSB0aGlzIENBIGNvbnRlbnRzIGlmIG5lY2Vzc2FyeS4NCiMgUGxlYXNlIG5vdGUgdGhhdCBpZiB0aGUgc2VydmVyIGNlcnRpZmljYXRlIGlzIG5vdCBhIHNlbGYtc2lnbmVkLCB5b3UgaGF2ZSB0bw0KIyBzcGVjaWZ5IHRoZSBzaWduZXIncyByb290IGNlcnRpZmljYXRlIChDQSkgaGVyZS4NCg0KPGNhPg0KLS0tLS1CRUdJTiBDRVJUSUZJQ0FURS0tLS0tDQpNSUlGYXpDQ0ExT2dBd0lCQWdJUkFJSVF6N0RTUU9OWlJHUGd1Mk9DaXdBd0RRWUpLb1pJaHZjTkFRRUxCUUF3DQpUekVMTUFrR0ExVUVCaE1DVlZNeEtUQW5CZ05WQkFvVElFbHVkR1Z5Ym1WMElGTmxZM1Z5YVhSNUlGSmxjMlZoDQpjbU5vSUVkeWIzVndNUlV3RXdZRFZRUURFd3hKVTFKSElGSnZiM1FnV0RFd0hoY05NVFV3TmpBME1URXdORE00DQpXaGNOTXpVd05qQTBNVEV3TkRNNFdqQlBNUXN3Q1FZRFZRUUdFd0pWVXpFcE1DY0dBMVVFQ2hNZ1NXNTBaWEp1DQpaWFFnVTJWamRYSnBkSGtnVW1WelpXRnlZMmdnUjNKdmRYQXhGVEFUQmdOVkJBTVRERWxUVWtjZ1VtOXZkQ0JZDQpNVENDQWlJd0RRWUpLb1pJaHZjTkFRRUJCUUFEZ2dJUEFEQ0NBZ29DZ2dJQkFLM29KSFAwRkRmem01NHJWeWdjDQpoNzdjdDk4NGtJeHVQT1pYb0hqM2RjS2kvdlZxYnZZQVR5amIzbWlHYkVTVHRyRmovUlFTYTc4ZjB1b3hteUYrDQowVE04dWtqMTNYbmZzN2ovRXZFaG1rdkJpb1p4YVVwbVpteVBmanh3djYwcElnYno1TURtZ0s3aVM0KzNtWDZVDQpBNS9UUjVkOG1VZ2pVK2c0cms4S2I0TXUwVWxYaklCMHR0b3YwRGlOZXdOd0lSdDE4akE4K28rdTNkcGpxK3NXDQpUOEtPRVV0K3p3dm8vN1YzTHZTeWUwcmdUQklsREhDTkF5bWc0Vk1rN0JQWjdobS9FTE5LakQrSm8yRlIzcXlIDQpCNVQwWTNIc0x1SnZXNWlCNFlsY05IbHNkdTg3a0dKNTV0dWttaThteGRBUTRRN2UyUkNPRnZ1Mzk2ajN4K1VDDQpCNWlQTmdpVjUrSTNsZzAyZFo3N0RuS3hIWnU4QS9sSkJkaUIzUVcwS3RaQjZhd0JkcFVLRDlqZjFiMFNIelV2DQpLQmRzMHBqQnFBbGtkMjVITjdyT3JGbGVhSjEvY3RhSnhRWkJLVDVaUHQwbTlTVEpFYWRhbzB4QUgwYWhtYlduDQpPbEZ1aGp1ZWZYS25FZ1Y0V2UwK1VYZ1ZDd09QamRBdkJiSStlMG9jUzNNRkV2ekc2dUJRRTN4RGszU3p5blRuDQpqaDhCQ05BdzFGdHhOclFIdXNFd01GeEl0NEk3bUtaOVlJcWlveW1DekxxOWd3UWJvb01EUWFIV0JmRWJ3cmJ3DQpxSHlHTzBhb1NDcUkzSGFhZHI4ZmFxVTlHWS9yT1BOazNzZ3JEUW9vLy9mYjRoVkMxQ0xRSjEzaGVmNFk1M0NJDQpyVTdtMllzNnh0MG5VVzcvdkdUMU0wTlBBZ01CQUFHalFqQkFNQTRHQTFVZER3RUIvd1FFQXdJQkJqQVBCZ05WDQpIUk1CQWY4RUJUQURBUUgvTUIwR0ExVWREZ1FXQkJSNXRGbm1lN2JsNUFGemdBaUl5QnBZOXVtYmJqQU5CZ2txDQpoa2lHOXcwQkFRc0ZBQU9DQWdFQVZSOVlxYnl5cUZEUURMSFlHbWtnSnlrSXJHRjFYSXB1K0lMbGFTL1Y5bFpMDQp1Ymh6RUZuVElaZCs1MHh4KzdMU1lLMDVxQXZxRnlGV2hmRlFEbG5yenVCWjZickpGZStHblkrRWdQYms2WkdRDQozQmViWWh0RjhHYVYwbnh2d3VvNzd4L1B5OWF1Si9HcHNNaXUvWDErbXZvaUJPdi8yWC9xa1NzaXNSY09qL0tLDQpORnRZMlB3QnlWUzV1Q2JNaW9nemlVd3RoRHlDMys2V1Z3VzZMTHYzeExmSFRqdUN2akhJSW5Oemt0SENnS1E1DQpPUkF6STRKTVBKK0dzbFdZSGI0cGhvd2ltNTdpYXp0WE9vSndUZHdKeDRuTENnZE5iT2hkanNudnpxdkh1N1VyDQpUa1hXU3RBbXpPVnl5Z2hxcFpYakZhSDNwTzNKTEYrbCsvK3NLQUl1dnRkN3UrTnhlNUFXMHdkZVJsTjhOd2RDDQpqTlBFbHB6Vm1iVXE0SlVhZ0VpdVREa0h6c3hIcEZLVks3cTQrNjNTTTFOOTVSMU5iZFdoc2NkQ2IrWkFKelZjDQpveWkzQjQzbmpUT1E1eU9mKzFDY2VXeEcxYlFWczVadWZwc01sanE0VWkwLzFsdmgrd2pDaFA0a3FLT0oycXhxDQo0Umdxc2FoRFlWdlRIOXc3alhieUxlaU5kZDhYTTJ3OVUvdDd5MEZmLzl5aTBHRTQ0WmE0ckYyTE45ZDExVFBBDQptUkd1blVIQmNuV0V2Z0pCUWw5bkpFaVUwWnNudmdjL3ViaFBnWFJSNFhxMzdaMGo0cjdnMVNnRUV6d3hBNTdkDQplbXlQeGdjWXhuL2VSNDQvS0o0RUJzK2xWRFIzdmV5Sm0ra1hROTliMjEvK2poNVhvczFBblg1aUl0cmVHQ2M9DQotLS0tLUVORCBDRVJUSUZJQ0FURS0tLS0tDQoNCjwvY2E+DQoNCg0KIyMjIyMjIyMjIyMjIyMjIyMjIyMjIyMjIyMjIyMjIyMjIyMjIyMjIyMjIyMjIyMjIyMjIyMjIyMjIyMjIyMjIyMjIyMjIyMjIyMjIyMjIw0KIyBUaGUgY2xpZW50IGNlcnRpZmljYXRlIGZpbGUgKGR1bW15KS4NCiMgDQojIEluIHNvbWUgaW1wbGVtZW50YXRpb25zIG9mIE9wZW5WUE4gQ2xpZW50IHNvZnR3YXJlDQojIChmb3IgZXhhbXBsZTogT3BlblZQTiBDbGllbnQgZm9yIGlPUyksDQojIGEgcGFpciBvZiBjbGllbnQgY2VydGlmaWNhdGUgYW5kIHByaXZhdGUga2V5IG11c3QgYmUgaW5jbHVkZWQgb24gdGhlDQojIGNvbmZpZ3VyYXRpb24gZmlsZSBkdWUgdG8gdGhlIGxpbWl0YXRpb24gb2YgdGhlIGNsaWVudC4NCiMgU28gdGhpcyBzYW1wbGUgY29uZmlndXJhdGlvbiBmaWxlIGhhcyBhIGR1bW15IHBhaXIgb2YgY2xpZW50IGNlcnRpZmljYXRlDQojIGFuZCBwcml2YXRlIGtleSBhcyBmb2xsb3dzLg0KDQo8Y2VydD4NCi0tLS0tQkVHSU4gQ0VSVElGSUNBVEUtLS0tLQ0KTUlJQ3hqQ0NBYTRDQVFBd0RRWUpLb1pJaHZjTkFRRUZCUUF3S1RFYU1CZ0dBMVVFQXhNUlZsQk9SMkYwWlVOcw0KYVdWdWRFTmxjblF4Q3pBSkJnTlZCQVlUQWtwUU1CNFhEVEV6TURJeE1UQXpORGswT1ZvWERUTTNNREV4T1RBeg0KTVRRd04xb3dLVEVhTUJnR0ExVUVBeE1SVmxCT1IyRjBaVU5zYVdWdWRFTmxjblF4Q3pBSkJnTlZCQVlUQWtwUQ0KTUlJQklqQU5CZ2txaGtpRzl3MEJBUUVGQUFPQ0FROEFNSUlCQ2dLQ0FRRUE1aDJsZ1FRWVVqd29LWUpielZaQQ0KNVZjSUdkNW90UGMvcVpSTXQwS0l0Q0ZBMHM5UndSZU5WYTlmRFJGTFJCaGNJVE9sdjNGQmNXM0U4aDFVczdSRA0KNFc4R21KZTh6YXBKbkxzRDM5T1NNUkN6WkpuY3pXNE9DSDFQWlJaV0txRHRqbE5jYTlBRjhhNjVqVG1sRHhDUQ0KQ2pudExJV2s1T0xMVmtGdDkvdFNjYzFHRHRjaTU1b2ZoYU5BWU1QaUg3VjgrMWc2NnBHSFhBb1dLNkFRVkg2Nw0KWENLSm5HQjVubFErSHNNWVBWL080OUxkOTFaTi8ydEhrY2FMTHlOdHl3eFZQUlNzUmg0ODBqanUwZmNDc3Y2aA0KcC8weVhuVEIvL21XdXRCR3BkVWxJYndpSVRiQW1yc2JZbmppZ1J2blBxWDFSTkpVYmk5RnA2QzJjL0hJRkpHRA0KeXdJREFRQUJNQTBHQ1NxR1NJYjNEUUVCQlFVQUE0SUJBUUNoTzVoZ2N3LzRvV2ZvRUZMdTlrQmExQi8va3hIOA0KaFFrQ2hWTm44QlJDN1kwVVJRaXRQbDNES0VlZDlVUkJEZGcyS09Bejc3YmI2RU5QaWxpRCthMzhVSkhJUk1xZQ0KVUJIaGxsT0hJenZEaEhGYmFvdkFMQlFjZWVCemRrUXhzS1FFU0ttUW1SODMyOTUwVUNvdm95UkI2MVV5QVY3aA0KK21aaFlQR1JLWEtTSkk2czBFZ2cvQ3JpK0N3azRiakpmcmI1aFZzZTExeWg0RDlNSGh3U2ZDT0grMHo0aFBVVA0KRmt1N2RHYXZVUk81U1Z4TW4vc0w2RW41RCtvU2VYa2FkSHBEcytBaXJ5bTJZSGgxNWgwK2pQU09vUjZ5aVZwLw0KNnpaZVprck40M2t1UzczS3BLREZqZkZQaDh0NHIxZ09JanR0a05jUXFCY2N1c25wbFE3SEpwc2sNCi0tLS0tRU5EIENFUlRJRklDQVRFLS0tLS0NCg0KPC9jZXJ0Pg0KDQo8a2V5Pg0KLS0tLS1CRUdJTiBSU0EgUFJJVkFURSBLRVktLS0tLQ0KTUlJRXBBSUJBQUtDQVFFQTVoMmxnUVFZVWp3b0tZSmJ6VlpBNVZjSUdkNW90UGMvcVpSTXQwS0l0Q0ZBMHM5Ug0Kd1JlTlZhOWZEUkZMUkJoY0lUT2x2M0ZCY1czRThoMVVzN1JENFc4R21KZTh6YXBKbkxzRDM5T1NNUkN6WkpuYw0Kelc0T0NIMVBaUlpXS3FEdGpsTmNhOUFGOGE2NWpUbWxEeENRQ2pudExJV2s1T0xMVmtGdDkvdFNjYzFHRHRjaQ0KNTVvZmhhTkFZTVBpSDdWOCsxZzY2cEdIWEFvV0s2QVFWSDY3WENLSm5HQjVubFErSHNNWVBWL080OUxkOTFaTg0KLzJ0SGtjYUxMeU50eXd4VlBSU3NSaDQ4MGpqdTBmY0NzdjZocC8weVhuVEIvL21XdXRCR3BkVWxJYndpSVRiQQ0KbXJzYlluamlnUnZuUHFYMVJOSlViaTlGcDZDMmMvSElGSkdEeXdJREFRQUJBb0lCQUVSVjdYNUF2eEE4dVJpSw0KazhTSXBzRDBkWDFwSk9NSXdha1VWeXZjNEVmTjBEaEtSTmI0cllvU2lFR1RMeXpMcHlCYy9BMjhEbGttNWVPWQ0KZmp6WGZZa0d0WWkvRnR4a2czTzl2Y3JNUTQrNmkrdUdIYUlMMnJMK3M0TXJmTzh2MXh2NitXa3kzM0VFR0NvdQ0KUWl3VkdSRlFYblJvUTYyTkJDRmJVTkxobVh3ZGoxYWtaekxVNHA1UjR6QTNRaGR4d0VJYXRWTHQwKzdvd0xRMw0KbFA4c2ZYaHBwUE9YalRxTUQ0UWtZd3pQQWE4L3pGN2FjbjRrcnlyVVA3UTZQQWZkMHpFVnFOeTlaQ1o5ZmZobw0KelhlZEZqNDg2SUZvYzVnblRwMk42anNuVmo0TENHSWhsVkhsWUdvektLRnFKY1FWR3NIQ3FxMW96MnpqVzZMUw0Kb1JZSUhnRUNnWUVBOHpacmtDd05ZU1hKdU9ESjNtL2hPTFZ4Y3hnSnV3WG9pRXJXZDBFNDJ2UGFuampWTWhudA0KS1k1bDhxR01KNkZoSzlMWXgycUNyZi9FMFh0VUFaMndWcTNPUlR5R25zTVdyZTl0TFlzNTVYK1pOMTBUYzc1eg0KNGhhY2JVMGhxS04xSGlEbXNNUlkzLzJOYVpIb3k3TUtud0pKQmFHNDhsOUNDVGxWd01Ib2NJRUNnWUVBOGpieQ0KZEdqeFRIKzZYSFdOaXpiNVNSYlp4QW55RWVKZVJ3VE1oMGdHendHUHBIL3NaWUd6eXUwU3lTWFdDblpoM1JncQ0KNXVMbE54dHJYcmxqWmx5aTJuUWRRZ3NxMllyV1VzMCt6Z1UrMjJ1UXNacFNBZnRtaFZydHZldDZNalZqYkJ5WQ0KREFEY2lFVlVkSllJWGsrcW5GVUp5ZXJvTElrVGo3V1lLWjZSamtzQ2dZQm9DRkl3UkRlZzQyb0s4OVJGbW5Pcg0KTHltTkFxNCsyb01oc1dsVmI0ZWpXSVdlQWs5bmMrR1hVZnJYc3pSaFMwMW1VblU1cjV5Z1V2UmNhclYvVDNVNw0KVG5NWitJN1k0RGdXUklEZDUxem5oeElCdFlWNWovQy90ODVIanFPa0grOGI2UlRrYmNoYVgzbWF1N2ZwVWZkcw0KRnEwbmhJcTQyZmhFTzhzcmZZWXdnUUtCZ1FDeWhpMU4vOHRhUndwayszL0lERXpRd2piZmR6VWtXV1NEazlYcw0KSC9wa3VSSFdmVE1QM2ZsV3FFWWdXL0xXNDBwZVcySERxNWltZFY4K0FnWnhlL1hNYmFqaTlMZ3dmMVJZMDA1bg0KS3hhWlF6N3lxSHVwV2xMR0Y2OERQSHhrWlZWU2FnRG5WL3N6dFdYNlNGc0NxRlZueElYaWZYR0M0Y1c1Tm05Zw0KdmE4cTRRS0JnUUNFaExWZVVmZHdLdmtaOTRnL0dGejczMVoyaHJkVmhnTVphVS91NnQwVjk1K1llelBOQ1FaQg0Kd21FOU1tbGJxMWVtRGVST2l2akNmb0doUjNrWlhXMXBUS2xMaDZaTVVRVU9wcHRkWHZhOFh4Zm9xUXdhM2VuQQ0KTTdtdUJiRjBYTjdWTzgwaUpQditQbUlaZEVJQWtwd0tmaTIwMVlCK0JhZkNJdUd4SUY1MFZnPT0NCi0tLS0tRU5EIFJTQSBQUklWQVRFIEtFWS0tLS0tDQoNCjwva2V5Pg0KDQo=
vpn165181283,171.100.239.243,634243,5,90083955,Thailand,TH,22,21947507,3544,394635741406,2weeks,toshiba-PC's owner,,IyMjIyMjIyMjIyMjIyMjIyMjIyMjIyMjIyMjIyMjIyMjIyMjIyMjIyMjIyMjIyMjIyMjIyMjIyMjIyMjIyMjIyMjIyMjIyMjIyMjIyMjIw0KIyBPcGVuVlBOIDIuMCBTYW1wbGUgQ29uZmlndXJhdGlvbiBGaWxlDQojIGZvciBQYWNrZXRpWCBWUE4gLyBTb2Z0RXRoZXIgVlBOIFNlcnZlcg0KIyANCiMgISEhIEFVVE8tR0VORVJBVEVEIEJZIFNPRlRFVEhFUiBWUE4gU0VSVkVSIE1BTkFHRU1FTlQgVE9PTCAhISENCiMgDQojICEhISBZT1UgSEFWRSBUTyBSRVZJRVcgSVQgQkVGT1JFIFVTRSBBTkQgTU9ESUZZIElUIEFTIE5FQ0VTU0FSWSAhISENCiMgDQojIFRoaXMgY29uZmlndXJhdGlvbiBmaWxlIGlzIGF1dG8tZ2VuZXJhdGVkLiBZb3UgbWlnaHQgdXNlIHRoaXMgY29uZmlnIGZpbGUNCiMgaW4gb3JkZXIgdG8gY29ubmVjdCB0byB0aGUgUGFja2V0aVggVlBOIC8gU29mdEV0aGVyIFZQTiBTZXJ2ZXIuDQojIEhvd2V2ZXIsIGJlZm9yZSB5b3UgdHJ5IGl0LCB5b3Ugc2hvdWxkIHJldmlldyB0aGUgZGVzY3JpcHRpb25zIG9mIHRoZSBmaWxlDQojIHRvIGRldGVybWluZSB0aGUgbmVjZXNzaXR5IHRvIG1vZGlmeSB0byBzdWl0YWJsZSBmb3IgeW91ciByZWFsIGVudmlyb25tZW50Lg0KIyBJZiBuZWNlc3NhcnksIHlvdSBoYXZlIHRvIG1vZGlmeSBhIGxpdHRsZSBhZGVxdWF0ZWx5IG9uIHRoZSBmaWxlLg0KIyBGb3IgZXhhbXBsZSwgdGhlIElQIGFkZHJlc3Mgb3IgdGhlIGhvc3RuYW1lIGFzIGEgZGVzdGluYXRpb24gVlBOIFNlcnZlcg0KIyBzaG91bGQgYmUgY29uZmlybWVkLg0KIyANCiMgTm90ZSB0aGF0IHRvIHVzZSBPcGVuVlBOIDIuMCwgeW91IGhhdmUgdG8gcHV0IHRoZSBjZXJ0aWZpY2F0aW9uIGZpbGUgb2YNCiMgdGhlIGRlc3RpbmF0aW9uIFZQTiBTZXJ2ZXIgb24gdGhlIE9wZW5WUE4gQ2xpZW50IGNvbXB1dGVyIHdoZW4geW91IHVzZSB0aGlzDQojIGNvbmZpZyBmaWxlLiBQbGVhc2UgcmVmZXIgdGhlIGJlbG93IGRlc2NyaXB0aW9ucyBjYXJlZnVsbHkuDQoNCg0KIyMjIyMjIyMjIyMjIyMjIyMjIyMjIyMjIyMjIyMjIyMjIyMjIyMjIyMjIyMjIyMjIyMjIyMjIyMjIyMjIyMjIyMjIyMjIyMjIyMjIyMjIw0KIyBTcGVjaWZ5IHRoZSB0eXBlIG9mIHRoZSBsYXllciBvZiB0aGUgVlBOIGNvbm5lY3Rpb24uDQojIA0KIyBUbyBjb25uZWN0IHRvIHRoZSBWUE4gU2VydmVyIGFzIGEgIlJlbW90ZS1BY2Nlc3MgVlBOIENsaWVudCBQQyIsDQojICBzcGVjaWZ5ICdkZXYgdHVuJy4gKExheWVyLTMgSVAgUm91dGluZyBNb2RlKQ0KIw0KIyBUbyBjb25uZWN0IHRvIHRoZSBWUE4gU2VydmVyIGFzIGEgYnJpZGdpbmcgZXF1aXBtZW50IG9mICJTaXRlLXRvLVNpdGUgVlBOIiwNCiMgIHNwZWNpZnkgJ2RldiB0YXAnLiAoTGF5ZXItMiBFdGhlcm5ldCBCcmlkZ2luZSBNb2RlKQ0KDQpkZXYgdHVuDQoNCg0KIyMjIyMjIyMjIyMjIyMjIyMjIyMjIyMjIyMjIyMjIyMjIyMjIyMjIyMjIyMjIyMjIyMjIyMjIyMjIyMjIyMjIyMjIyMjIyMjIyMjIyMjIw0KIyBTcGVjaWZ5IHRoZSB1bmRlcmx5aW5nIHByb3RvY29sIGJleW9uZCB0aGUgSW50ZXJuZXQuDQojIE5vdGUgdGhhdCB0aGlzIHNldHRpbmcgbXVzdCBiZSBjb3JyZXNwb25kIHdpdGggdGhlIGxpc3RlbmluZyBzZXR0aW5nIG9uDQojIHRoZSBWUE4gU2VydmVyLg0KIyANCiMgU3BlY2lmeSBlaXRoZXIgJ3Byb3RvIHRjcCcgb3IgJ3Byb3RvIHVkcCcuDQoNCnByb3RvIHVkcA0KDQoNCiMjIyMjIyMjIyMjIyMjIyMjIyMjIyMjIyMjIyMjIyMjIyMjIyMjIyMjIyMjIyMjIyMjIyMjIyMjIyMjIyMjIyMjIyMjIyMjIyMjIyMjIyMNCiMgVGhlIGRlc3RpbmF0aW9uIGhvc3RuYW1lIC8gSVAgYWRkcmVzcywgYW5kIHBvcnQgbnVtYmVyIG9mDQojIHRoZSB0YXJnZXQgVlBOIFNlcnZlci4NCiMgDQojIFlvdSBoYXZlIHRvIHNwZWNpZnkgYXMgJ3JlbW90ZSA8SE9TVE5BTUU+IDxQT1JUPicuIFlvdSBjYW4gYWxzbw0KIyBzcGVjaWZ5IHRoZSBJUCBhZGRyZXNzIGluc3RlYWQgb2YgdGhlIGhvc3RuYW1lLg0KIyANCiMgTm90ZSB0aGF0IHRoZSBhdXRvLWdlbmVyYXRlZCBiZWxvdyBob3N0bmFtZSBhcmUgYSAiYXV0by1kZXRlY3RlZA0KIyBJUCBhZGRyZXNzIiBvZiB0aGUgVlBOIFNlcnZlci4gWW91IGhhdmUgdG8gY29uZmlybSB0aGUgY29ycmVjdG5lc3MNCiMgYmVmb3JlaGFuZC4NCiMgDQojIFdoZW4geW91IHdhbnQgdG8gY29ubmVjdCB0byB0aGUgVlBOIFNlcnZlciBieSB1c2luZyBUQ1AgcHJvdG9jb2wsDQojIHRoZSBwb3J0IG51bWJlciBvZiB0aGUgZGVzdGluYXRpb24gVENQIHBvcnQgc2hvdWxkIGJlIHNhbWUgYXMgb25lIG9mDQojIHRoZSBhdmFpbGFibGUgVENQIGxpc3RlbmVycyBvbiB0aGUgVlBOIFNlcnZlci4NCiMgDQojIFdoZW4geW91IHVzZSBVRFAgcHJvdG9jb2wsIHRoZSBwb3J0IG51bWJlciBtdXN0IHNhbWUgYXMgdGhlIGNvbmZpZ3VyYXRpb24NCiMgc2V0dGluZyBvZiAiT3BlblZQTiBTZXJ2ZXIgQ29tcGF0aWJsZSBGdW5jdGlvbiIgb24gdGhlIFZQTiBTZXJ2ZXIuDQoNCnJlbW90ZSAxNzEuMTAwLjIzOS4yNDMgNzM2OQ0KDQoNCiMjIyMjIyMjIyMjIyMjIyMjIyMjIyMjIyMjIyMjIyMjIyMjIyMjIyMjIyMjIyMjIyMjIyMjIyMjIyMjIyMjIyMjIyMjIyMjIyMjIyMjIyMNCiMgVGhlIEhUVFAvSFRUUFMgcHJveHkgc2V0dGluZy4NCiMgDQojIE9ubHkgaWYgeW91IGhhdmUgdG8gdXNlIHRoZSBJbnRlcm5ldCB2aWEgYSBwcm94eSwgdW5jb21tZW50IHRoZSBiZWxvdw0KIyB0d28gbGluZXMgYW5kIHNwZWNpZnkgdGhlIHByb3h5IGFkZHJlc3MgYW5kIHRoZSBwb3J0IG51bWJlci4NCiMgSW4gdGhlIGNhc2Ugb2YgdXNpbmcgcHJveHktYXV0aGVudGljYXRpb24sIHJlZmVyIHRoZSBPcGVuVlBOIG1hbnVhbC4NCg0KO2h0dHAtcHJveHktcmV0cnkNCjtodHRwLXByb3h5IFtwcm94eSBzZXJ2ZXJdIFtwcm94eSBwb3J0XQ0KDQoNCiMjIyMjIyMjIyMjIyMjIyMjIyMjIyMjIyMjIyMjIyMjIyMjIyMjIyMjIyMjIyMjIyMjIyMjIyMjIyMjIyMjIyMjIyMjIyMjIyMjIyMjIyMNCiMgVGhlIGVuY3J5cHRpb24gYW5kIGF1dGhlbnRpY2F0aW9uIGFsZ29yaXRobS4NCiMgDQojIERlZmF1bHQgc2V0dGluZyBpcyBnb29kLiBNb2RpZnkgaXQgYXMgeW91IHByZWZlci4NCiMgV2hlbiB5b3Ugc3BlY2lmeSBhbiB1bnN1cHBvcnRlZCBhbGdvcml0aG0sIHRoZSBlcnJvciB3aWxsIG9jY3VyLg0KIyANCiMgVGhlIHN1cHBvcnRlZCBhbGdvcml0aG1zIGFyZSBhcyBmb2xsb3dzOg0KIyAgY2lwaGVyOiBbTlVMTC1DSVBIRVJdIE5VTEwgQUVTLTEyOC1DQkMgQUVTLTE5Mi1DQkMgQUVTLTI1Ni1DQkMgQkYtQ0JDDQojICAgICAgICAgIENBU1QtQ0JDIENBU1Q1LUNCQyBERVMtQ0JDIERFUy1FREUtQ0JDIERFUy1FREUzLUNCQyBERVNYLUNCQw0KIyAgICAgICAgICBSQzItNDAtQ0JDIFJDMi02NC1DQkMgUkMyLUNCQw0KIyAgYXV0aDogICBTSEEgU0hBMSBNRDUgTUQ0IFJNRDE2MA0KDQpjaXBoZXIgQUVTLTEyOC1DQkMNCmF1dGggU0hBMQ0KDQoNCiMjIyMjIyMjIyMjIyMjIyMjIyMjIyMjIyMjIyMjIyMjIyMjIyMjIyMjIyMjIyMjIyMjIyMjIyMjIyMjIyMjIyMjIyMjIyMjIyMjIyMjIyMNCiMgT3RoZXIgcGFyYW1ldGVycyBuZWNlc3NhcnkgdG8gY29ubmVjdCB0byB0aGUgVlBOIFNlcnZlci4NCiMgDQojIEl0IGlzIG5vdCByZWNvbW1lbmRlZCB0byBtb2RpZnkgaXQgdW5sZXNzIHlvdSBoYXZlIGEgcGFydGljdWxhciBuZWVkLg0KDQpyZXNvbHYtcmV0cnkgaW5maW5pdGUNCm5vYmluZA0KcGVyc2lzdC1rZXkNCnBlcnNpc3QtdHVuDQpjbGllbnQNCnZlcmIgMw0KI2F1dGgtdXNlci1wYXNzDQoNCg0KIyMjIyMjIyMjIyMjIyMjIyMjIyMjIyMjIyMjIyMjIyMjIyMjIyMjIyMjIyMjIyMjIyMjIyMjIyMjIyMjIyMjIyMjIyMjIyMjIyMjIyMjIw0KIyBUaGUgY2VydGlmaWNhdGUgZmlsZSBvZiB0aGUgZGVzdGluYXRpb24gVlBOIFNlcnZlci4NCiMgDQojIFRoZSBDQSBjZXJ0aWZpY2F0ZSBmaWxlIGlzIGVtYmVkZGVkIGluIHRoZSBpbmxpbmUgZm9ybWF0Lg0KIyBZb3UgY2FuIHJlcGxhY2UgdGhpcyBDQSBjb250ZW50cyBpZiBuZWNlc3NhcnkuDQojIFBsZWFzZSBub3RlIHRoYXQgaWYgdGhlIHNlcnZlciBjZXJ0aWZpY2F0ZSBpcyBub3QgYSBzZWxmLXNpZ25lZCwgeW91IGhhdmUgdG8NCiMgc3BlY2lmeSB0aGUgc2lnbmVyJ3Mgcm9vdCBjZXJ0aWZpY2F0ZSAoQ0EpIGhlcmUuDQoNCjxjYT4NCi0tLS0tQkVHSU4gQ0VSVElGSUNBVEUtLS0tLQ0KTUlJRmF6Q0NBMU9nQXdJQkFnSVJBSUlRejdEU1FPTlpSR1BndTJPQ2l3QXdEUVlKS29aSWh2Y05BUUVMQlFBdw0KVHpFTE1Ba0dBMVVFQmhNQ1ZWTXhLVEFuQmdOVkJBb1RJRWx1ZEdWeWJtVjBJRk5sWTNWeWFYUjVJRkpsYzJWaA0KY21Ob0lFZHliM1Z3TVJVd0V3WURWUVFERXd4SlUxSkhJRkp2YjNRZ1dERXdIaGNOTVRVd05qQTBNVEV3TkRNNA0KV2hjTk16VXdOakEwTVRFd05ETTRXakJQTVFzd0NRWURWUVFHRXdKVlV6RXBNQ2NHQTFVRUNoTWdTVzUwWlhKdQ0KWlhRZ1UyVmpkWEpwZEhrZ1VtVnpaV0Z5WTJnZ1IzSnZkWEF4RlRBVEJnTlZCQU1UREVsVFVrY2dVbTl2ZENCWQ0KTVRDQ0FpSXdEUVlKS29aSWh2Y05BUUVCQlFBRGdnSVBBRENDQWdvQ2dnSUJBSzNvSkhQMEZEZnptNTRyVnlnYw0KaDc3Y3Q5ODRrSXh1UE9aWG9IajNkY0tpL3ZWcWJ2WUFUeWpiM21pR2JFU1R0ckZqL1JRU2E3OGYwdW94bXlGKw0KMFRNOHVrajEzWG5mczdqL0V2RWhta3ZCaW9aeGFVcG1abXlQZmp4d3Y2MHBJZ2J6NU1EbWdLN2lTNCszbVg2VQ0KQTUvVFI1ZDhtVWdqVStnNHJrOEtiNE11MFVsWGpJQjB0dG92MERpTmV3TndJUnQxOGpBOCtvK3UzZHBqcStzVw0KVDhLT0VVdCt6d3ZvLzdWM0x2U3llMHJnVEJJbERIQ05BeW1nNFZNazdCUFo3aG0vRUxOS2pEK0pvMkZSM3F5SA0KQjVUMFkzSHNMdUp2VzVpQjRZbGNOSGxzZHU4N2tHSjU1dHVrbWk4bXhkQVE0UTdlMlJDT0Z2dTM5NmozeCtVQw0KQjVpUE5naVY1K0kzbGcwMmRaNzdEbkt4SFp1OEEvbEpCZGlCM1FXMEt0WkI2YXdCZHBVS0Q5amYxYjBTSHpVdg0KS0JkczBwakJxQWxrZDI1SE43ck9yRmxlYUoxL2N0YUp4UVpCS1Q1WlB0MG05U1RKRWFkYW8weEFIMGFobWJXbg0KT2xGdWhqdWVmWEtuRWdWNFdlMCtVWGdWQ3dPUGpkQXZCYkkrZTBvY1MzTUZFdnpHNnVCUUUzeERrM1N6eW5Ubg0Kamg4QkNOQXcxRnR4TnJRSHVzRXdNRnhJdDRJN21LWjlZSXFpb3ltQ3pMcTlnd1Fib29NRFFhSFdCZkVid3Jidw0KcUh5R08wYW9TQ3FJM0hhYWRyOGZhcVU5R1kvck9QTmszc2dyRFFvby8vZmI0aFZDMUNMUUoxM2hlZjRZNTNDSQ0KclU3bTJZczZ4dDBuVVc3L3ZHVDFNME5QQWdNQkFBR2pRakJBTUE0R0ExVWREd0VCL3dRRUF3SUJCakFQQmdOVg0KSFJNQkFmOEVCVEFEQVFIL01CMEdBMVVkRGdRV0JCUjV0Rm5tZTdibDVBRnpnQWlJeUJwWTl1bWJiakFOQmdrcQ0KaGtpRzl3MEJBUXNGQUFPQ0FnRUFWUjlZcWJ5eXFGRFFETEhZR21rZ0p5a0lyR0YxWElwdStJTGxhUy9WOWxaTA0KdWJoekVGblRJWmQrNTB4eCs3TFNZSzA1cUF2cUZ5RldoZkZRRGxucnp1Qlo2YnJKRmUrR25ZK0VnUGJrNlpHUQ0KM0JlYllodEY4R2FWMG54dnd1bzc3eC9QeTlhdUovR3BzTWl1L1gxK212b2lCT3YvMlgvcWtTc2lzUmNPai9LSw0KTkZ0WTJQd0J5VlM1dUNiTWlvZ3ppVXd0aER5QzMrNldWd1c2TEx2M3hMZkhUanVDdmpISUluTnprdEhDZ0tRNQ0KT1JBekk0Sk1QSitHc2xXWUhiNHBob3dpbTU3aWF6dFhPb0p3VGR3Sng0bkxDZ2ROYk9oZGpzbnZ6cXZIdTdVcg0KVGtYV1N0QW16T1Z5eWdocXBaWGpGYUgzcE8zSkxGK2wrLytzS0FJdXZ0ZDd1K054ZTVBVzB3ZGVSbE44TndkQw0Kak5QRWxwelZtYlVxNEpVYWdFaXVURGtIenN4SHBGS1ZLN3E0KzYzU00xTjk1UjFOYmRXaHNjZENiK1pBSnpWYw0Kb3lpM0I0M25qVE9RNXlPZisxQ2NlV3hHMWJRVnM1WnVmcHNNbGpxNFVpMC8xbHZoK3dqQ2hQNGtxS09KMnF4cQ0KNFJncXNhaERZVnZUSDl3N2pYYnlMZWlOZGQ4WE0ydzlVL3Q3eTBGZi85eWkwR0U0NFphNHJGMkxOOWQxMVRQQQ0KbVJHdW5VSEJjbldFdmdKQlFsOW5KRWlVMFpzbnZnYy91YmhQZ1hSUjRYcTM3WjBqNHI3ZzFTZ0VFend4QTU3ZA0KZW15UHhnY1l4bi9lUjQ0L0tKNEVCcytsVkRSM3ZleUptK2tYUTk5YjIxLytqaDVYb3MxQW5YNWlJdHJlR0NjPQ0KLS0tLS1FTkQgQ0VSVElGSUNBVEUtLS0tLQ0KDQo8L2NhPg0KDQoNCiMjIyMjIyMjIyMjIyMjIyMjIyMjIyMjIyMjIyMjIyMjIyMjIyMjIyMjIyMjIyMjIyMjIyMjIyMjIyMjIyMjIyMjIyMjIyMjIyMjIyMjIyMNCiMgVGhlIGNsaWVudCBjZXJ0aWZpY2F0ZSBmaWxlIChkdW1teSkuDQojIA0KIyBJbiBzb21lIGltcGxlbWVudGF0aW9ucyBvZiBPcGVuVlBOIENsaWVudCBzb2Z0d2FyZQ0KIyAoZm9yIGV4YW1wbGU6IE9wZW5WUE4gQ2xpZW50IGZvciBpT1MpLA0KIyBhIHBhaXIgb2YgY2xpZW50IGNlcnRpZmljYXRlIGFuZCBwcml2YXRlIGtleSBtdXN0IGJlIGluY2x1ZGVkIG9uIHRoZQ0KIyBjb25maWd1cmF0aW9uIGZpbGUgZHVlIHRvIHRoZSBsaW1pdGF0aW9uIG9mIHRoZSBjbGllbnQuDQojIFNvIHRoaXMgc2FtcGxlIGNvbmZpZ3VyYXRpb24gZmlsZSBoYXMgYSBkdW1teSBwYWlyIG9mIGNsaWVudCBjZXJ0aWZpY2F0ZQ0KIyBhbmQgcHJpdmF0ZSBrZXkgYXMgZm9sbG93cy4NCg0KPGNlcnQ+DQotLS0tLUJFR0lOIENFUlRJRklDQVRFLS0tLS0NCk1JSUN4akNDQWE0Q0FRQXdEUVlKS29aSWh2Y05BUUVGQlFBd0tURWFNQmdHQTFVRUF4TVJWbEJPUjJGMFpVTnMNCmFXVnVkRU5sY25ReEN6QUpCZ05WQkFZVEFrcFFNQjRYRFRFek1ESXhNVEF6TkRrME9Wb1hEVE0zTURFeE9UQXoNCk1UUXdOMW93S1RFYU1CZ0dBMVVFQXhNUlZsQk9SMkYwWlVOc2FXVnVkRU5sY25ReEN6QUpCZ05WQkFZVEFrcFENCk1JSUJJakFOQmdrcWhraUc5dzBCQVFFRkFBT0NBUThBTUlJQkNnS0NBUUVBNWgybGdRUVlVandvS1lKYnpWWkENCjVWY0lHZDVvdFBjL3FaUk10MEtJdENGQTBzOVJ3UmVOVmE5ZkRSRkxSQmhjSVRPbHYzRkJjVzNFOGgxVXM3UkQNCjRXOEdtSmU4emFwSm5Mc0QzOU9TTVJDelpKbmN6VzRPQ0gxUFpSWldLcUR0amxOY2E5QUY4YTY1alRtbER4Q1ENCkNqbnRMSVdrNU9MTFZrRnQ5L3RTY2MxR0R0Y2k1NW9maGFOQVlNUGlIN1Y4KzFnNjZwR0hYQW9XSzZBUVZINjcNClhDS0puR0I1bmxRK0hzTVlQVi9PNDlMZDkxWk4vMnRIa2NhTEx5TnR5d3hWUFJTc1JoNDgwamp1MGZjQ3N2NmgNCnAvMHlYblRCLy9tV3V0QkdwZFVsSWJ3aUlUYkFtcnNiWW5qaWdSdm5QcVgxUk5KVWJpOUZwNkMyYy9ISUZKR0QNCnl3SURBUUFCTUEwR0NTcUdTSWIzRFFFQkJRVUFBNElCQVFDaE81aGdjdy80b1dmb0VGTHU5a0JhMUIvL2t4SDgNCmhRa0NoVk5uOEJSQzdZMFVSUWl0UGwzREtFZWQ5VVJCRGRnMktPQXo3N2JiNkVOUGlsaUQrYTM4VUpISVJNcWUNClVCSGhsbE9ISXp2RGhIRmJhb3ZBTEJRY2VlQnpka1F4c0tRRVNLbVFtUjgzMjk1MFVDb3ZveVJCNjFVeUFWN2gNCittWmhZUEdSS1hLU0pJNnMwRWdnL0NyaStDd2s0YmpKZnJiNWhWc2UxMXloNEQ5TUhod1NmQ09IKzB6NGhQVVQNCkZrdTdkR2F2VVJPNVNWeE1uL3NMNkVuNUQrb1NlWGthZEhwRHMrQWlyeW0yWUhoMTVoMCtqUFNPb1I2eWlWcC8NCjZ6WmVaa3JONDNrdVM3M0twS0RGamZGUGg4dDRyMWdPSWp0dGtOY1FxQmNjdXNucGxRN0hKcHNrDQotLS0tLUVORCBDRVJUSUZJQ0FURS0tLS0tDQoNCjwvY2VydD4NCg0KPGtleT4NCi0tLS0tQkVHSU4gUlNBIFBSSVZBVEUgS0VZLS0tLS0NCk1JSUVwQUlCQUFLQ0FRRUE1aDJsZ1FRWVVqd29LWUpielZaQTVWY0lHZDVvdFBjL3FaUk10MEtJdENGQTBzOVINCndSZU5WYTlmRFJGTFJCaGNJVE9sdjNGQmNXM0U4aDFVczdSRDRXOEdtSmU4emFwSm5Mc0QzOU9TTVJDelpKbmMNCnpXNE9DSDFQWlJaV0txRHRqbE5jYTlBRjhhNjVqVG1sRHhDUUNqbnRMSVdrNU9MTFZrRnQ5L3RTY2MxR0R0Y2kNCjU1b2ZoYU5BWU1QaUg3VjgrMWc2NnBHSFhBb1dLNkFRVkg2N1hDS0puR0I1bmxRK0hzTVlQVi9PNDlMZDkxWk4NCi8ydEhrY2FMTHlOdHl3eFZQUlNzUmg0ODBqanUwZmNDc3Y2aHAvMHlYblRCLy9tV3V0QkdwZFVsSWJ3aUlUYkENCm1yc2JZbmppZ1J2blBxWDFSTkpVYmk5RnA2QzJjL0hJRkpHRHl3SURBUUFCQW9JQkFFUlY3WDVBdnhBOHVSaUsNCms4U0lwc0QwZFgxcEpPTUl3YWtVVnl2YzRFZk4wRGhLUk5iNHJZb1NpRUdUTHl6THB5QmMvQTI4RGxrbTVlT1kNCmZqelhmWWtHdFlpL0Z0eGtnM085dmNyTVE0KzZpK3VHSGFJTDJyTCtzNE1yZk84djF4djYrV2t5MzNFRUdDb3UNClFpd1ZHUkZRWG5Sb1E2Mk5CQ0ZiVU5MaG1Yd2RqMWFrWnpMVTRwNVI0ekEzUWhkeHdFSWF0Vkx0MCs3b3dMUTMNCmxQOHNmWGhwcFBPWGpUcU1ENFFrWXd6UEFhOC96RjdhY240a3J5clVQN1E2UEFmZDB6RVZxTnk5WkNaOWZmaG8NCnpYZWRGajQ4NklGb2M1Z25UcDJONmpzblZqNExDR0lobFZIbFlHb3pLS0ZxSmNRVkdzSENxcTFvejJ6alc2TFMNCm9SWUlIZ0VDZ1lFQTh6WnJrQ3dOWVNYSnVPREozbS9oT0xWeGN4Z0p1d1hvaUVyV2QwRTQydlBhbmpqVk1obnQNCktZNWw4cUdNSjZGaEs5TFl4MnFDcmYvRTBYdFVBWjJ3VnEzT1JUeUduc01XcmU5dExZczU1WCtaTjEwVGM3NXoNCjRoYWNiVTBocUtOMUhpRG1zTVJZMy8yTmFaSG95N01LbndKSkJhRzQ4bDlDQ1RsVndNSG9jSUVDZ1lFQThqYnkNCmRHanhUSCs2WEhXTml6YjVTUmJaeEFueUVlSmVSd1RNaDBnR3p3R1BwSC9zWllHenl1MFN5U1hXQ25aaDNSZ3ENCjV1TGxOeHRyWHJsalpseWkyblFkUWdzcTJZcldVczAremdVKzIydVFzWnBTQWZ0bWhWcnR2ZXQ2TWpWamJCeVkNCkRBRGNpRVZVZEpZSVhrK3FuRlVKeWVyb0xJa1RqN1dZS1o2Umprc0NnWUJvQ0ZJd1JEZWc0Mm9LODlSRm1uT3INCkx5bU5BcTQrMm9NaHNXbFZiNGVqV0lXZUFrOW5jK0dYVWZyWHN6UmhTMDFtVW5VNXI1eWdVdlJjYXJWL1QzVTcNClRuTVorSTdZNERnV1JJRGQ1MXpuaHhJQnRZVjVqL0MvdDg1SGpxT2tIKzhiNlJUa2JjaGFYM21hdTdmcFVmZHMNCkZxMG5oSXE0MmZoRU84c3JmWVl3Z1FLQmdRQ3loaTFOLzh0YVJ3cGsrMy9JREV6UXdqYmZkelVrV1dTRGs5WHMNCkgvcGt1UkhXZlRNUDNmbFdxRVlnVy9MVzQwcGVXMkhEcTVpbWRWOCtBZ1p4ZS9YTWJhamk5TGd3ZjFSWTAwNW4NCkt4YVpRejd5cUh1cFdsTEdGNjhEUEh4a1pWVlNhZ0RuVi9zenRXWDZTRnNDcUZWbnhJWGlmWEdDNGNXNU5tOWcNCnZhOHE0UUtCZ1FDRWhMVmVVZmR3S3ZrWjk0Zy9HRno3MzFaMmhyZFZoZ01aYVUvdTZ0MFY5NStZZXpQTkNRWkINCndtRTlNbWxicTFlbURlUk9pdmpDZm9HaFIza1pYVzFwVEtsTGg2Wk1VUVVPcHB0ZFh2YThYeGZvcVF3YTNlbkENCk03bXVCYkYwWE43Vk84MGlKUHYrUG1JWmRFSUFrcHdLZmkyMDFZQitCYWZDSXVHeElGNTBWZz09DQotLS0tLUVORCBSU0EgUFJJVkFURSBLRVktLS0tLQ0KDQo8L2tleT4NCg0K
vpn402807444,116.82.37.181,629646,2,499117595,Japan,JP,9,0,31576,5982790160738,2weeks,DESKTOP-SFE1M8R's owner,,IyMjIyMjIyMjIyMjIyMjIyMjIyMjIyMjIyMjIyMjIyMjIyMjIyMjIyMjIyMjIyMjIyMjIyMjIyMjIyMjIyMjIyMjIyMjIyMjIyMjIyMjIw0KIyBPcGVuVlBOIDIuMCBTYW1wbGUgQ29uZmlndXJhdGlvbiBGaWxlDQojIGZvciBQYWNrZXRpWCBWUE4gLyBTb2Z0RXRoZXIgVlBOIFNlcnZlcg0KIyANCiMgISEhIEFVVE8tR0VORVJBVEVEIEJZIFNPRlRFVEhFUiBWUE4gU0VSVkVSIE1BTkFHRU1FTlQgVE9PTCAhISENCiMgDQojICEhISBZT1UgSEFWRSBUTyBSRVZJRVcgSVQgQkVGT1JFIFVTRSBBTkQgTU9ESUZZIElUIEFTIE5FQ0VTU0FSWSAhISENCiMgDQojIFRoaXMgY29uZmlndXJhdGlvbiBmaWxlIGlzIGF1dG8tZ2VuZXJhdGVkLiBZb3UgbWlnaHQgdXNlIHRoaXMgY29uZmlnIGZpbGUNCiMgaW4gb3JkZXIgdG8gY29ubmVjdCB0byB0aGUgUGFja2V0aVggVlBOIC8gU29mdEV0aGVyIFZQTiBTZXJ2ZXIuDQojIEhvd2V2ZXIsIGJlZm9yZSB5b3UgdHJ5IGl0LCB5b3Ugc2hvdWxkIHJldmlldyB0aGUgZGVzY3JpcHRpb25zIG9mIHRoZSBmaWxlDQojIHRvIGRldGVybWluZSB0aGUgbmVjZXNzaXR5IHRvIG1vZGlmeSB0byBzdWl0YWJsZSBmb3IgeW91ciByZWFsIGVudmlyb25tZW50Lg0KIyBJZiBuZWNlc3NhcnksIHlvdSBoYXZlIHRvIG1vZGlmeSBhIGxpdHRsZSBhZGVxdWF0ZWx5IG9uIHRoZSBmaWxlLg0KIyBGb3IgZXhhbXBsZSwgdGhlIElQIGFkZHJlc3Mgb3IgdGhlIGhvc3RuYW1lIGFzIGEgZGVzdGluYXRpb24gVlBOIFNlcnZlcg0KIyBzaG91bGQgYmUgY29uZmlybWVkLg0KIyANCiMgTm90ZSB0aGF0IHRvIHVzZSBPcGVuVlBOIDIuMCwgeW91IGhhdmUgdG8gcHV0IHRoZSBjZXJ0aWZpY2F0aW9uIGZpbGUgb2YNCiMgdGhlIGRlc3RpbmF0aW9uIFZQTiBTZXJ2ZXIgb24gdGhlIE9wZW5WUE4gQ2xpZW50IGNvbXB1dGVyIHdoZW4geW91IHVzZSB0aGlzDQojIGNvbmZpZyBmaWxlLiBQbGVhc2UgcmVmZXIgdGhlIGJlbG93IGRlc2NyaXB0aW9ucyBjYXJlZnVsbHkuDQoNCg0KIyMjIyMjIyMjIyMjIyMjIyMjIyMjIyMjIyMjIyMjIyMjIyMjIyMjIyMjIyMjIyMjIyMjIyMjIyMjIyMjIyMjIyMjIyMjIyMjIyMjIyMjIw0KIyBTcGVjaWZ5IHRoZSB0eXBlIG9mIHRoZSBsYXllciBvZiB0aGUgVlBOIGNvbm5lY3Rpb24uDQojIA0KIyBUbyBjb25uZWN0IHRvIHRoZSBWUE4gU2VydmVyIGFzIGEgIlJlbW90ZS1BY2Nlc3MgVlBOIENsaWVudCBQQyIsDQojICBzcGVjaWZ5ICdkZXYgdHVuJy4gKExheWVyLTMgSVAgUm91dGluZyBNb2RlKQ0KIw0KIyBUbyBjb25uZWN0IHRvIHRoZSBWUE4gU2VydmVyIGFzIGEgYnJpZGdpbmcgZXF1aXBtZW50IG9mICJTaXRlLXRvLVNpdGUgVlBOIiwNCiMgIHNwZWNpZnkgJ2RldiB0YXAnLiAoTGF5ZXItMiBFdGhlcm5ldCBCcmlkZ2luZSBNb2RlKQ0KDQpkZXYgdHVuDQoNCg0KIyMjIyMjIyMjIyMjIyMjIyMjIyMjIyMjIyMjIyMjIyMjIyMjIyMjIyMjIyMjIyMjIyMjIyMjIyMjIyMjIyMjIyMjIyMjIyMjIyMjIyMjIw0KIyBTcGVjaWZ5IHRoZSB1bmRlcmx5aW5nIHByb3RvY29sIGJleW9uZCB0aGUgSW50ZXJuZXQuDQojIE5vdGUgdGhhdCB0aGlzIHNldHRpbmcgbXVzdCBiZSBjb3JyZXNwb25kIHdpdGggdGhlIGxpc3RlbmluZyBzZXR0aW5nIG9uDQojIHRoZSBWUE4gU2VydmVyLg0KIyANCiMgU3BlY2lmeSBlaXRoZXIgJ3Byb3RvIHRjcCcgb3IgJ3Byb3RvIHVkcCcuDQoNCnByb3RvIHRjcA0KDQoNCiMjIyMjIyMjIyMjIyMjIyMjIyMjIyMjIyMjIyMjIyMjIyMjIyMjIyMjIyMjIyMjIyMjIyMjIyMjIyMjIyMjIyMjIyMjIyMjIyMjIyMjIyMNCiMgVGhlIGRlc3RpbmF0aW9uIGhvc3RuYW1lIC8gSVAgYWRkcmVzcywgYW5kIHBvcnQgbnVtYmVyIG9mDQojIHRoZSB0YXJnZXQgVlBOIFNlcnZlci4NCiMgDQojIFlvdSBoYXZlIHRvIHNwZWNpZnkgYXMgJ3JlbW90ZSA8SE9TVE5BTUU+IDxQT1JUPicuIFlvdSBjYW4gYWxzbw0KIyBzcGVjaWZ5IHRoZSBJUCBhZGRyZXNzIGluc3RlYWQgb2YgdGhlIGhvc3RuYW1lLg0KIyANCiMgTm90ZSB0aGF0IHRoZSBhdXRvLWdlbmVyYXRlZCBiZWxvdyBob3N0bmFtZSBhcmUgYSAiYXV0by1kZXRlY3RlZA0KIyBJUCBhZGRyZXNzIiBvZiB0aGUgVlBOIFNlcnZlci4gWW91IGhhdmUgdG8gY29uZmlybSB0aGUgY29ycmVjdG5lc3MNCiMgYmVmb3JlaGFuZC4NCiMgDQojIFdoZW4geW91IHdhbnQgdG8gY29ubmVjdCB0byB0aGUgVlBOIFNlcnZlciBieSB1c2luZyBUQ1AgcHJvdG9jb2wsDQojIHRoZSBwb3J0IG51bWJlciBvZiB0aGUgZGVzdGluYXRpb24gVENQIHBvcnQgc2hvdWxkIGJlIHNhbWUgYXMgb25lIG9mDQojIHRoZSBhdmFpbGFibGUgVENQIGxpc3RlbmVycyBvbiB0aGUgVlBOIFNlcnZlci4NCiMgDQojIFdoZW4geW91IHVzZSBVRFAgcHJvdG9jb2wsIHRoZSBwb3J0IG51bWJlciBtdXN0IHNhbWUgYXMgdGhlIGNvbmZpZ3VyYXRpb24NCiMgc2V0dGluZyBvZiAiT3BlblZQTiBTZXJ2ZXIgQ29tcGF0aWJsZSBGdW5jdGlvbiIgb24gdGhlIFZQTiBTZXJ2ZXIuDQoNCnJlbW90ZSAxMTYuODIuMzcuMTgxIDE0NjUNCg0KDQojIyMjIyMjIyMjIyMjIyMjIyMjIyMjIyMjIyMjIyMjIyMjIyMjIyMjIyMjIyMjIyMjIyMjIyMjIyMjIyMjIyMjIyMjIyMjIyMjIyMjIyMjDQojIFRoZSBIVFRQL0hUVFBTIHByb3h5IHNldHRpbmcuDQojIA0KIyBPbmx5IGlmIHlvdSBoYXZlIHRvIHVzZSB0aGUgSW50ZXJuZXQgdmlhIGEgcHJveHksIHVuY29tbWVudCB0aGUgYmVsb3cNCiMgdHdvIGxpbmVzIGFuZCBzcGVjaWZ5IHRoZSBwcm94eSBhZGRyZXNzIGFuZCB0aGUgcG9ydCBudW1iZXIuDQojIEluIHRoZSBjYXNlIG9mIHVzaW5nIHByb3h5LWF1dGhlbnRpY2F0aW9uLCByZWZlciB0aGUgT3BlblZQTiBtYW51YWwuDQoNCjtodHRwLXByb3h5LXJldHJ5DQo7aHR0cC1wcm94eSBbcHJveHkgc2VydmVyXSBbcHJveHkgcG9ydF0NCg0KDQojIyMjIyMjIyMjIyMjIyMjIyMjIyMjIyMjIyMjIyMjIyMjIyMjIyMjIyMjIyMjIyMjIyMjIyMjIyMjIyMjIyMjIyMjIyMjIyMjIyMjIyMjDQojIFRoZSBlbmNyeXB0aW9uIGFuZCBhdXRoZW50aWNhdGlvbiBhbGdvcml0aG0uDQojIA0KIyBEZWZhdWx0IHNldHRpbmcgaXMgZ29vZC4gTW9kaWZ5IGl0IGFzIHlvdSBwcmVmZXIuDQojIFdoZW4geW91IHNwZWNpZnkgYW4gdW5zdXBwb3J0ZWQgYWxnb3JpdGhtLCB0aGUgZXJyb3Igd2lsbCBvY2N1ci4NCiMgDQojIFRoZSBzdXBwb3J0ZWQgYWxnb3JpdGhtcyBhcmUgYXMgZm9sbG93czoNCiMgIGNpcGhlcjogW05VTEwtQ0lQSEVSXSBOVUxMIEFFUy0xMjgtQ0JDIEFFUy0xOTItQ0JDIEFFUy0yNTYtQ0JDIEJGLUNCQw0KIyAgICAgICAgICBDQVNULUNCQyBDQVNUNS1DQkMgREVTLUNCQyBERVMtRURFLUNCQyBERVMtRURFMy1DQkMgREVTWC1DQkMNCiMgICAgICAgICAgUkMyLTQwLUNCQyBSQzItNjQtQ0JDIFJDMi1DQkMNCiMgIGF1dGg6ICAgU0hBIFNIQTEgTUQ1IE1ENCBSTUQxNjANCg0KY2lwaGVyIEFFUy0xMjgtQ0JDDQphdXRoIFNIQTENCg0KDQojIyMjIyMjIyMjIyMjIyMjIyMjIyMjIyMjIyMjIyMjIyMjIyMjIyMjIyMjIyMjIyMjIyMjIyMjIyMjIyMjIyMjIyMjIyMjIyMjIyMjIyMjDQojIE90aGVyIHBhcmFtZXRlcnMgbmVjZXNzYXJ5IHRvIGNvbm5lY3QgdG8gdGhlIFZQTiBTZXJ2ZXIuDQojIA0KIyBJdCBpcyBub3QgcmVjb21tZW5kZWQgdG8gbW9kaWZ5IGl0IHVubGVzcyB5b3UgaGF2ZSBhIHBhcnRpY3VsYXIgbmVlZC4NCg0KcmVzb2x2LXJldHJ5IGluZmluaXRlDQpub2JpbmQNCnBlcnNpc3Qta2V5DQpwZXJzaXN0LXR1bg0KY2xpZW50DQp2ZXJiIDMNCiNhdXRoLXVzZXItcGFzcw0KDQoNCiMjIyMjIyMjIyMjIyMjIyMjIyMjIyMjIyMjIyMjIyMjIyMjIyMjIyMjIyMjIyMjIyMjIyMjIyMjIyMjIyMjIyMjIyMjIyMjIyMjIyMjIyMNCiMgVGhlIGNlcnRpZmljYXRlIGZpbGUgb2YgdGhlIGRlc3RpbmF0aW9uIFZQTiBTZXJ2ZXIuDQojIA0KIyBUaGUgQ0EgY2VydGlmaWNhdGUgZmlsZSBpcyBlbWJlZGRlZCBpbiB0aGUgaW5saW5lIGZvcm1hdC4NCiMgWW91IGNhbiByZXBsYWNlIHRoaXMgQ0EgY29udGVudHMgaWYgbmVjZXNzYXJ5Lg0KIyBQbGVhc2Ugbm90ZSB0aGF0IGlmIHRoZSBzZXJ2ZXIgY2VydGlmaWNhdGUgaXMgbm90IGEgc2VsZi1zaWduZWQsIHlvdSBoYXZlIHRvDQojIHNwZWNpZnkgdGhlIHNpZ25lcidzIHJvb3QgY2VydGlmaWNhdGUgKENBKSBoZXJlLg0KDQo8Y2E+DQotLS0tLUJFR0lOIENFUlRJRklDQVRFLS0tLS0NCk1JSUZhekNDQTFPZ0F3SUJBZ0lSQUlJUXo3RFNRT05aUkdQZ3UyT0Npd0F3RFFZSktvWklodmNOQVFFTEJRQXcNClR6RUxNQWtHQTFVRUJoTUNWVk14S1RBbkJnTlZCQW9USUVsdWRHVnlibVYwSUZObFkzVnlhWFI1SUZKbGMyVmgNCmNtTm9JRWR5YjNWd01SVXdFd1lEVlFRREV3eEpVMUpISUZKdmIzUWdXREV3SGhjTk1UVXdOakEwTVRFd05ETTQNCldoY05NelV3TmpBME1URXdORE00V2pCUE1Rc3dDUVlEVlFRR0V3SlZVekVwTUNjR0ExVUVDaE1nU1c1MFpYSnUNClpYUWdVMlZqZFhKcGRIa2dVbVZ6WldGeVkyZ2dSM0p2ZFhBeEZUQVRCZ05WQkFNVERFbFRVa2NnVW05dmRDQlkNCk1UQ0NBaUl3RFFZSktvWklodmNOQVFFQkJRQURnZ0lQQURDQ0Fnb0NnZ0lCQUszb0pIUDBGRGZ6bTU0clZ5Z2MNCmg3N2N0OTg0a0l4dVBPWlhvSGozZGNLaS92VnFidllBVHlqYjNtaUdiRVNUdHJGai9SUVNhNzhmMHVveG15RisNCjBUTTh1a2oxM1huZnM3ai9FdkVobWt2QmlvWnhhVXBtWm15UGZqeHd2NjBwSWdiejVNRG1nSzdpUzQrM21YNlUNCkE1L1RSNWQ4bVVnalUrZzRyazhLYjRNdTBVbFhqSUIwdHRvdjBEaU5ld053SVJ0MThqQTgrbyt1M2RwanErc1cNClQ4S09FVXQrend2by83VjNMdlN5ZTByZ1RCSWxESENOQXltZzRWTWs3QlBaN2htL0VMTktqRCtKbzJGUjNxeUgNCkI1VDBZM0hzTHVKdlc1aUI0WWxjTkhsc2R1ODdrR0o1NXR1a21pOG14ZEFRNFE3ZTJSQ09GdnUzOTZqM3grVUMNCkI1aVBOZ2lWNStJM2xnMDJkWjc3RG5LeEhadThBL2xKQmRpQjNRVzBLdFpCNmF3QmRwVUtEOWpmMWIwU0h6VXYNCktCZHMwcGpCcUFsa2QyNUhON3JPckZsZWFKMS9jdGFKeFFaQktUNVpQdDBtOVNUSkVhZGFvMHhBSDBhaG1iV24NCk9sRnVoanVlZlhLbkVnVjRXZTArVVhnVkN3T1BqZEF2QmJJK2Uwb2NTM01GRXZ6RzZ1QlFFM3hEazNTenluVG4NCmpoOEJDTkF3MUZ0eE5yUUh1c0V3TUZ4SXQ0STdtS1o5WUlxaW95bUN6THE5Z3dRYm9vTURRYUhXQmZFYndyYncNCnFIeUdPMGFvU0NxSTNIYWFkcjhmYXFVOUdZL3JPUE5rM3NnckRRb28vL2ZiNGhWQzFDTFFKMTNoZWY0WTUzQ0kNCnJVN20yWXM2eHQwblVXNy92R1QxTTBOUEFnTUJBQUdqUWpCQU1BNEdBMVVkRHdFQi93UUVBd0lCQmpBUEJnTlYNCkhSTUJBZjhFQlRBREFRSC9NQjBHQTFVZERnUVdCQlI1dEZubWU3Ymw1QUZ6Z0FpSXlCcFk5dW1iYmpBTkJna3ENCmhraUc5dzBCQVFzRkFBT0NBZ0VBVlI5WXFieXlxRkRRRExIWUdta2dKeWtJckdGMVhJcHUrSUxsYVMvVjlsWkwNCnViaHpFRm5USVpkKzUweHgrN0xTWUswNXFBdnFGeUZXaGZGUURsbnJ6dUJaNmJySkZlK0duWStFZ1BiazZaR1ENCjNCZWJZaHRGOEdhVjBueHZ3dW83N3gvUHk5YXVKL0dwc01pdS9YMSttdm9pQk92LzJYL3FrU3Npc1JjT2ovS0sNCk5GdFkyUHdCeVZTNXVDYk1pb2d6aVV3dGhEeUMzKzZXVndXNkxMdjN4TGZIVGp1Q3ZqSElJbk56a3RIQ2dLUTUNCk9SQXpJNEpNUEorR3NsV1lIYjRwaG93aW01N2lhenRYT29Kd1Rkd0p4NG5MQ2dkTmJPaGRqc252enF2SHU3VXINClRrWFdTdEFtek9WeXlnaHFwWlhqRmFIM3BPM0pMRitsKy8rc0tBSXV2dGQ3dStOeGU1QVcwd2RlUmxOOE53ZEMNCmpOUEVscHpWbWJVcTRKVWFnRWl1VERrSHpzeEhwRktWSzdxNCs2M1NNMU45NVIxTmJkV2hzY2RDYitaQUp6VmMNCm95aTNCNDNualRPUTV5T2YrMUNjZVd4RzFiUVZzNVp1ZnBzTWxqcTRVaTAvMWx2aCt3akNoUDRrcUtPSjJxeHENCjRSZ3FzYWhEWVZ2VEg5dzdqWGJ5TGVpTmRkOFhNMnc5VS90N3kwRmYvOXlpMEdFNDRaYTRyRjJMTjlkMTFUUEENCm1SR3VuVUhCY25XRXZnSkJRbDluSkVpVTBac252Z2MvdWJoUGdYUlI0WHEzN1owajRyN2cxU2dFRXp3eEE1N2QNCmVteVB4Z2NZeG4vZVI0NC9LSjRFQnMrbFZEUjN2ZXlKbStrWFE5OWIyMS8ramg1WG9zMUFuWDVpSXRyZUdDYz0NCi0tLS0tRU5EIENFUlRJRklDQVRFLS0tLS0NCg0KPC9jYT4NCg0KDQojIyMjIyMjIyMjIyMjIyMjIyMjIyMjIyMjIyMjIyMjIyMjIyMjIyMjIyMjIyMjIyMjIyMjIyMjIyMjIyMjIyMjIyMjIyMjIyMjIyMjIyMjDQojIFRoZSBjbGllbnQgY2VydGlmaWNhdGUgZmlsZSAoZHVtbXkpLg0KIyANCiMgSW4gc29tZSBpbXBsZW1lbnRhdGlvbnMgb2YgT3BlblZQTiBDbGllbnQgc29mdHdhcmUNCiMgKGZvciBleGFtcGxlOiBPcGVuVlBOIENsaWVudCBmb3IgaU9TKSwNCiMgYSBwYWlyIG9mIGNsaWVudCBjZXJ0aWZpY2F0ZSBhbmQgcHJpdmF0ZSBrZXkgbXVzdCBiZSBpbmNsdWRlZCBvbiB0aGUNCiMgY29uZmlndXJhdGlvbiBmaWxlIGR1ZSB0byB0aGUgbGltaXRhdGlvbiBvZiB0aGUgY2xpZW50Lg0KIyBTbyB0aGlzIHNhbXBsZSBjb25maWd1cmF0aW9uIGZpbGUgaGFzIGEgZHVtbXkgcGFpciBvZiBjbGllbnQgY2VydGlmaWNhdGUNCiMgYW5kIHByaXZhdGUga2V5IGFzIGZvbGxvd3MuDQoNCjxjZXJ0Pg0KLS0tLS1CRUdJTiBDRVJUSUZJQ0FURS0tLS0tDQpNSUlDeGpDQ0FhNENBUUF3RFFZSktvWklodmNOQVFFRkJRQXdLVEVhTUJnR0ExVUVBeE1SVmxCT1IyRjBaVU5zDQphV1Z1ZEVObGNuUXhDekFKQmdOVkJBWVRBa3BRTUI0WERURXpNREl4TVRBek5EazBPVm9YRFRNM01ERXhPVEF6DQpNVFF3TjFvd0tURWFNQmdHQTFVRUF4TVJWbEJPUjJGMFpVTnNhV1Z1ZEVObGNuUXhDekFKQmdOVkJBWVRBa3BRDQpNSUlCSWpBTkJna3Foa2lHOXcwQkFRRUZBQU9DQVE4QU1JSUJDZ0tDQVFFQTVoMmxnUVFZVWp3b0tZSmJ6VlpBDQo1VmNJR2Q1b3RQYy9xWlJNdDBLSXRDRkEwczlSd1JlTlZhOWZEUkZMUkJoY0lUT2x2M0ZCY1czRThoMVVzN1JEDQo0VzhHbUplOHphcEpuTHNEMzlPU01SQ3paSm5jelc0T0NIMVBaUlpXS3FEdGpsTmNhOUFGOGE2NWpUbWxEeENRDQpDam50TElXazVPTExWa0Z0OS90U2NjMUdEdGNpNTVvZmhhTkFZTVBpSDdWOCsxZzY2cEdIWEFvV0s2QVFWSDY3DQpYQ0tKbkdCNW5sUStIc01ZUFYvTzQ5TGQ5MVpOLzJ0SGtjYUxMeU50eXd4VlBSU3NSaDQ4MGpqdTBmY0NzdjZoDQpwLzB5WG5UQi8vbVd1dEJHcGRVbElid2lJVGJBbXJzYlluamlnUnZuUHFYMVJOSlViaTlGcDZDMmMvSElGSkdEDQp5d0lEQVFBQk1BMEdDU3FHU0liM0RRRUJCUVVBQTRJQkFRQ2hPNWhnY3cvNG9XZm9FRkx1OWtCYTFCLy9reEg4DQpoUWtDaFZObjhCUkM3WTBVUlFpdFBsM0RLRWVkOVVSQkRkZzJLT0F6NzdiYjZFTlBpbGlEK2EzOFVKSElSTXFlDQpVQkhobGxPSEl6dkRoSEZiYW92QUxCUWNlZUJ6ZGtReHNLUUVTS21RbVI4MzI5NTBVQ292b3lSQjYxVXlBVjdoDQorbVpoWVBHUktYS1NKSTZzMEVnZy9DcmkrQ3drNGJqSmZyYjVoVnNlMTF5aDREOU1IaHdTZkNPSCswejRoUFVUDQpGa3U3ZEdhdlVSTzVTVnhNbi9zTDZFbjVEK29TZVhrYWRIcERzK0FpcnltMllIaDE1aDAralBTT29SNnlpVnAvDQo2elplWmtyTjQza3VTNzNLcEtERmpmRlBoOHQ0cjFnT0lqdHRrTmNRcUJjY3VzbnBsUTdISnBzaw0KLS0tLS1FTkQgQ0VSVElGSUNBVEUtLS0tLQ0KDQo8L2NlcnQ+DQoNCjxrZXk+DQotLS0tLUJFR0lOIFJTQSBQUklWQVRFIEtFWS0tLS0tDQpNSUlFcEFJQkFBS0NBUUVBNWgybGdRUVlVandvS1lKYnpWWkE1VmNJR2Q1b3RQYy9xWlJNdDBLSXRDRkEwczlSDQp3UmVOVmE5ZkRSRkxSQmhjSVRPbHYzRkJjVzNFOGgxVXM3UkQ0VzhHbUplOHphcEpuTHNEMzlPU01SQ3paSm5jDQp6VzRPQ0gxUFpSWldLcUR0amxOY2E5QUY4YTY1alRtbER4Q1FDam50TElXazVPTExWa0Z0OS90U2NjMUdEdGNpDQo1NW9maGFOQVlNUGlIN1Y4KzFnNjZwR0hYQW9XSzZBUVZINjdYQ0tKbkdCNW5sUStIc01ZUFYvTzQ5TGQ5MVpODQovMnRIa2NhTEx5TnR5d3hWUFJTc1JoNDgwamp1MGZjQ3N2NmhwLzB5WG5UQi8vbVd1dEJHcGRVbElid2lJVGJBDQptcnNiWW5qaWdSdm5QcVgxUk5KVWJpOUZwNkMyYy9ISUZKR0R5d0lEQVFBQkFvSUJBRVJWN1g1QXZ4QTh1UmlLDQprOFNJcHNEMGRYMXBKT01Jd2FrVVZ5dmM0RWZOMERoS1JOYjRyWW9TaUVHVEx5ekxweUJjL0EyOERsa201ZU9ZDQpmanpYZllrR3RZaS9GdHhrZzNPOXZjck1RNCs2aSt1R0hhSUwyckwrczRNcmZPOHYxeHY2K1dreTMzRUVHQ291DQpRaXdWR1JGUVhuUm9RNjJOQkNGYlVOTGhtWHdkajFha1p6TFU0cDVSNHpBM1FoZHh3RUlhdFZMdDArN293TFEzDQpsUDhzZlhocHBQT1hqVHFNRDRRa1l3elBBYTgvekY3YWNuNGtyeXJVUDdRNlBBZmQwekVWcU55OVpDWjlmZmhvDQp6WGVkRmo0ODZJRm9jNWduVHAyTjZqc25WajRMQ0dJaGxWSGxZR296S0tGcUpjUVZHc0hDcXExb3oyempXNkxTDQpvUllJSGdFQ2dZRUE4elpya0N3TllTWEp1T0RKM20vaE9MVnhjeGdKdXdYb2lFcldkMEU0MnZQYW5qalZNaG50DQpLWTVsOHFHTUo2RmhLOUxZeDJxQ3JmL0UwWHRVQVoyd1ZxM09SVHlHbnNNV3JlOXRMWXM1NVgrWk4xMFRjNzV6DQo0aGFjYlUwaHFLTjFIaURtc01SWTMvMk5hWkhveTdNS253SkpCYUc0OGw5Q0NUbFZ3TUhvY0lFQ2dZRUE4amJ5DQpkR2p4VEgrNlhIV05pemI1U1JiWnhBbnlFZUplUndUTWgwZ0d6d0dQcEgvc1pZR3p5dTBTeVNYV0NuWmgzUmdxDQo1dUxsTnh0clhybGpabHlpMm5RZFFnc3EyWXJXVXMwK3pnVSsyMnVRc1pwU0FmdG1oVnJ0dmV0Nk1qVmpiQnlZDQpEQURjaUVWVWRKWUlYaytxbkZVSnllcm9MSWtUajdXWUtaNlJqa3NDZ1lCb0NGSXdSRGVnNDJvSzg5UkZtbk9yDQpMeW1OQXE0KzJvTWhzV2xWYjRlaldJV2VBazluYytHWFVmclhzelJoUzAxbVVuVTVyNXlnVXZSY2FyVi9UM1U3DQpUbk1aK0k3WTREZ1dSSURkNTF6bmh4SUJ0WVY1ai9DL3Q4NUhqcU9rSCs4YjZSVGtiY2hhWDNtYXU3ZnBVZmRzDQpGcTBuaElxNDJmaEVPOHNyZllZd2dRS0JnUUN5aGkxTi84dGFSd3BrKzMvSURFelF3amJmZHpVa1dXU0RrOVhzDQpIL3BrdVJIV2ZUTVAzZmxXcUVZZ1cvTFc0MHBlVzJIRHE1aW1kVjgrQWdaeGUvWE1iYWppOUxnd2YxUlkwMDVuDQpLeGFaUXo3eXFIdXBXbExHRjY4RFBIeGtaVlZTYWdEblYvc3p0V1g2U0ZzQ3FGVm54SVhpZlhHQzRjVzVObTlnDQp2YThxNFFLQmdRQ0VoTFZlVWZkd0t2a1o5NGcvR0Z6NzMxWjJocmRWaGdNWmFVL3U2dDBWOTUrWWV6UE5DUVpCDQp3bUU5TW1sYnExZW1EZVJPaXZqQ2ZvR2hSM2taWFcxcFRLbExoNlpNVVFVT3BwdGRYdmE4WHhmb3FRd2EzZW5BDQpNN211QmJGMFhON1ZPODBpSlB2K1BtSVpkRUlBa3B3S2ZpMjAxWUIrQmFmQ0l1R3hJRjUwVmc9PQ0KLS0tLS1FTkQgUlNBIFBSSVZBVEUgS0VZLS0tLS0NCg0KPC9rZXk+DQoNCg==
vpn971457718,124.219.150.206,629073,3,908626785,Japan,JP,20,21947507,79933,43909947050414,2weeks,FLYING46's owner,,IyMjIyMjIyMjIyMjIyMjIyMjIyMjIyMjIyMjIyMjIyMjIyMjIyMjIyMjIyMjIyMjIyMjIyMjIyMjIyMjIyMjIyMjIyMjIyMjIyMjIyMjIw0KIyBPcGVuVlBOIDIuMCBTYW1wbGUgQ29uZmlndXJhdGlvbiBGaWxlDQojIGZvciBQYWNrZXRpWCBWUE4gLyBTb2Z0RXRoZXIgVlBOIFNlcnZlcg0KIyANCiMgISEhIEFVVE8tR0VORVJBVEVEIEJZIFNPRlRFVEhFUiBWUE4gU0VSVkVSIE1BTkFHRU1FTlQgVE9PTCAhISENCiMgDQojICEhISBZT1UgSEFWRSBUTyBSRVZJRVcgSVQgQkVGT1JFIFVTRSBBTkQgTU9ESUZZIElUIEFTIE5FQ0VTU0FSWSAhISENCiMgDQojIFRoaXMgY29uZmlndXJhdGlvbiBmaWxlIGlzIGF1dG8tZ2VuZXJhdGVkLiBZb3UgbWlnaHQgdXNlIHRoaXMgY29uZmlnIGZpbGUNCiMgaW4gb3JkZXIgdG8gY29ubmVjdCB0byB0aGUgUGFja2V0aVggVlBOIC8gU29mdEV0aGVyIFZQTiBTZXJ2ZXIuDQojIEhvd2V2ZXIsIGJlZm9yZSB5b3UgdHJ5IGl0LCB5b3Ugc2hvdWxkIHJldmlldyB0aGUgZGVzY3JpcHRpb25zIG9mIHRoZSBmaWxlDQojIHRvIGRldGVybWluZSB0aGUgbmVjZXNzaXR5IHRvIG1vZGlmeSB0byBzdWl0YWJsZSBmb3IgeW91ciByZWFsIGVudmlyb25tZW50Lg0KIyBJZiBuZWNlc3NhcnksIHlvdSBoYXZlIHRvIG1vZGlmeSBhIGxpdHRsZSBhZGVxdWF0ZWx5IG9uIHRoZSBmaWxlLg0KIyBGb3IgZXhhbXBsZSwgdGhlIElQIGFkZHJlc3Mgb3IgdGhlIGhvc3RuYW1lIGFzIGEgZGVzdGluYXRpb24gVlBOIFNlcnZlcg0KIyBzaG91bGQgYmUgY29uZmlybWVkLg0KIyANCiMgTm90ZSB0aGF0IHRvIHVzZSBPcGVuVlBOIDIuMCwgeW91IGhhdmUgdG8gcHV0IHRoZSBjZXJ0aWZpY2F0aW9uIGZpbGUgb2YNCiMgdGhlIGRlc3RpbmF0aW9uIFZQTiBTZXJ2ZXIgb24gdGhlIE9wZW5WUE4gQ2xpZW50IGNvbXB1dGVyIHdoZW4geW91IHVzZSB0aGlzDQojIGNvbmZpZyBmaWxlLiBQbGVhc2UgcmVmZXIgdGhlIGJlbG93IGRlc2NyaXB0aW9ucyBjYXJlZnVsbHkuDQoNCg0KIyMjIyMjIyMjIyMjIyMjIyMjIyMjIyMjIyMjIyMjIyMjIyMjIyMjIyMjIyMjIyMjIyMjIyMjIyMjIyMjIyMjIyMjIyMjIyMjIyMjIyMjIw0KIyBTcGVjaWZ5IHRoZSB0eXBlIG9mIHRoZSBsYXllciBvZiB0aGUgVlBOIGNvbm5lY3Rpb24uDQojIA0KIyBUbyBjb25uZWN0IHRvIHRoZSBWUE4gU2VydmVyIGFzIGEgIlJlbW90ZS1BY2Nlc3MgVlBOIENsaWVudCBQQyIsDQojICBzcGVjaWZ5ICdkZXYgdHVuJy4gKExheWVyLTMgSVAgUm91dGluZyBNb2RlKQ0KIw0KIyBUbyBjb25uZWN0IHRvIHRoZSBWUE4gU2VydmVyIGFzIGEgYnJpZGdpbmcgZXF1aXBtZW50IG9mICJTaXRlLXRvLVNpdGUgVlBOIiwNCiMgIHNwZWNpZnkgJ2RldiB0YXAnLiAoTGF5ZXItMiBFdGhlcm5ldCBCcmlkZ2luZSBNb2RlKQ0KDQpkZXYgdHVuDQoNCg0KIyMjIyMjIyMjIyMjIyMjIyMjIyMjIyMjIyMjIyMjIyMjIyMjIyMjIyMjIyMjIyMjIyMjIyMjIyMjIyMjIyMjIyMjIyMjIyMjIyMjIyMjIw0KIyBTcGVjaWZ5IHRoZSB1bmRlcmx5aW5nIHByb3RvY29sIGJleW9uZCB0aGUgSW50ZXJuZXQuDQojIE5vdGUgdGhhdCB0aGlzIHNldHRpbmcgbXVzdCBiZSBjb3JyZXNwb25kIHdpdGggdGhlIGxpc3RlbmluZyBzZXR0aW5nIG9uDQojIHRoZSBWUE4gU2VydmVyLg0KIyANCiMgU3BlY2lmeSBlaXRoZXIgJ3Byb3RvIHRjcCcgb3IgJ3Byb3RvIHVkcCcuDQoNCnByb3RvIHVkcA0KDQoNCiMjIyMjIyMjIyMjIyMjIyMjIyMjIyMjIyMjIyMjIyMjIyMjIyMjIyMjIyMjIyMjIyMjIyMjIyMjIyMjIyMjIyMjIyMjIyMjIyMjIyMjIyMNCiMgVGhlIGRlc3RpbmF0aW9uIGhvc3RuYW1lIC8gSVAgYWRkcmVzcywgYW5kIHBvcnQgbnVtYmVyIG9mDQojIHRoZSB0YXJnZXQgVlBOIFNlcnZlci4NCiMgDQojIFlvdSBoYXZlIHRvIHNwZWNpZnkgYXMgJ3JlbW90ZSA8SE9TVE5BTUU+IDxQT1JUPicuIFlvdSBjYW4gYWxzbw0KIyBzcGVjaWZ5IHRoZSBJUCBhZGRyZXNzIGluc3RlYWQgb2YgdGhlIGhvc3RuYW1lLg0KIyANCiMgTm90ZSB0aGF0IHRoZSBhdXRvLWdlbmVyYXRlZCBiZWxvdyBob3N0bmFtZSBhcmUgYSAiYXV0by1kZXRlY3RlZA0KIyBJUCBhZGRyZXNzIiBvZiB0aGUgVlBOIFNlcnZlci4gWW91IGhhdmUgdG8gY29uZmlybSB0aGUgY29ycmVjdG5lc3MNCiMgYmVmb3JlaGFuZC4NCiMgDQojIFdoZW4geW91IHdhbnQgdG8gY29ubmVjdCB0byB0aGUgVlBOIFNlcnZlciBieSB1c2luZyBUQ1AgcHJvdG9jb2wsDQojIHRoZSBwb3J0IG51bWJlciBvZiB0aGUgZGVzdGluYXRpb24gVENQIHBvcnQgc2hvdWxkIGJlIHNhbWUgYXMgb25lIG9mDQojIHRoZSBhdmFpbGFibGUgVENQIGxpc3RlbmVycyBvbiB0aGUgVlBOIFNlcnZlci4NCiMgDQojIFdoZW4geW91IHVzZSBVRFAgcHJvdG9jb2wsIHRoZSBwb3J0IG51bWJlciBtdXN0IHNhbWUgYXMgdGhlIGNvbmZpZ3VyYXRpb24NCiMgc2V0dGluZyBvZiAiT3BlblZQTiBTZXJ2ZXIgQ29tcGF0aWJsZSBGdW5jdGlvbiIgb24gdGhlIFZQTiBTZXJ2ZXIuDQoNCnJlbW90ZSAxMjQuMjE5LjE1MC4yMDYgMTE5NQ0KDQoNCiMjIyMjIyMjIyMjIyMjIyMjIyMjIyMjIyMjIyMjIyMjIyMjIyMjIyMjIyMjIyMjIyMjIyMjIyMjIyMjIyMjIyMjIyMjIyMjIyMjIyMjIyMNCiMgVGhlIEhUVFAvSFRUUFMgcHJveHkgc2V0dGluZy4NCiMgDQojIE9ubHkgaWYgeW91IGhhdmUgdG8gdXNlIHRoZSBJbnRlcm5ldCB2aWEgYSBwcm94eSwgdW5jb21tZW50IHRoZSBiZWxvdw0KIyB0d28gbGluZXMgYW5kIHNwZWNpZnkgdGhlIHByb3h5IGFkZHJlc3MgYW5kIHRoZSBwb3J0IG51bWJlci4NCiMgSW4gdGhlIGNhc2Ugb2YgdXNpbmcgcHJveHktYXV0aGVudGljYXRpb24sIHJlZmVyIHRoZSBPcGVuVlBOIG1hbnVhbC4NCg0KO2h0dHAtcHJveHktcmV0cnkNCjtodHRwLXByb3h5IFtwcm94eSBzZXJ2ZXJdIFtwcm94eSBwb3J0XQ0KDQoNCiMjIyMjIyMjIyMjIyMjIyMjIyMjIyMjIyMjIyMjIyMjIyMjIyMjIyMjIyMjIyMjIyMjIyMjIyMjIyMjIyMjIyMjIyMjIyMjIyMjIyMjIyMNCiMgVGhlIGVuY3J5cHRpb24gYW5kIGF1dGhlbnRpY2F0aW9uIGFsZ29yaXRobS4NCiMgDQojIERlZmF1bHQgc2V0dGluZyBpcyBnb29kLiBNb2RpZnkgaXQgYXMgeW91IHByZWZlci4NCiMgV2hlbiB5b3Ugc3BlY2lmeSBhbiB1bnN1cHBvcnRlZCBhbGdvcml0aG0sIHRoZSBlcnJvciB3aWxsIG9jY3VyLg0KIyANCiMgVGhlIHN1cHBvcnRlZCBhbGdvcml0aG1zIGFyZSBhcyBmb2xsb3dzOg0KIyAgY2lwaGVyOiBbTlVMTC1DSVBIRVJdIE5VTEwgQUVTLTEyOC1DQkMgQUVTLTE5Mi1DQkMgQUVTLTI1Ni1DQkMgQkYtQ0JDDQojICAgICAgICAgIENBU1QtQ0JDIENBU1Q1LUNCQyBERVMtQ0JDIERFUy1FREUtQ0JDIERFUy1FREUzLUNCQyBERVNYLUNCQw0KIyAgICAgICAgICBSQzItNDAtQ0JDIFJDMi02NC1DQkMgUkMyLUNCQw0KIyAgYXV0aDogICBTSEEgU0hBMSBNRDUgTUQ0IFJNRDE2MA0KDQpjaXBoZXIgQUVTLTEyOC1DQkMNCmF1dGggU0hBMQ0KDQoNCiMjIyMjIyMjIyMjIyMjIyMjIyMjIyMjIyMjIyMjIyMjIyMjIyMjIyMjIyMjIyMjIyMjIyMjIyMjIyMjIyMjIyMjIyMjIyMjIyMjIyMjIyMNCiMgT3RoZXIgcGFyYW1ldGVycyBuZWNlc3NhcnkgdG8gY29ubmVjdCB0byB0aGUgVlBOIFNlcnZlci4NCiMgDQojIEl0IGlzIG5vdCByZWNvbW1lbmRlZCB0byBtb2RpZnkgaXQgdW5sZXNzIHlvdSBoYXZlIGEgcGFydGljdWxhciBuZWVkLg0KDQpyZXNvbHYtcmV0cnkgaW5maW5pdGUNCm5vYmluZA0KcGVyc2lzdC1rZXkNCnBlcnNpc3QtdHVuDQpjbGllbnQNCnZlcmIgMw0KI2F1dGgtdXNlci1wYXNzDQoNCg0KIyMjIyMjIyMjIyMjIyMjIyMjIyMjIyMjIyMjIyMjIyMjIyMjIyMjIyMjIyMjIyMjIyMjIyMjIyMjIyMjIyMjIyMjIyMjIyMjIyMjIyMjIw0KIyBUaGUgY2VydGlmaWNhdGUgZmlsZSBvZiB0aGUgZGVzdGluYXRpb24gVlBOIFNlcnZlci4NCiMgDQojIFRoZSBDQSBjZXJ0aWZpY2F0ZSBmaWxlIGlzIGVtYmVkZGVkIGluIHRoZSBpbmxpbmUgZm9ybWF0Lg0KIyBZb3UgY2FuIHJlcGxhY2UgdGhpcyBDQSBjb250ZW50cyBpZiBuZWNlc3NhcnkuDQojIFBsZWFzZSBub3RlIHRoYXQgaWYgdGhlIHNlcnZlciBjZXJ0aWZpY2F0ZSBpcyBub3QgYSBzZWxmLXNpZ25lZCwgeW91IGhhdmUgdG8NCiMgc3BlY2lmeSB0aGUgc2lnbmVyJ3Mgcm9vdCBjZXJ0aWZpY2F0ZSAoQ0EpIGhlcmUuDQoNCjxjYT4NCi0tLS0tQkVHSU4gQ0VSVElGSUNBVEUtLS0tLQ0KTUlJRmF6Q0NBMU9nQXdJQkFnSVJBSUlRejdEU1FPTlpSR1BndTJPQ2l3QXdEUVlKS29aSWh2Y05BUUVMQlFBdw0KVHpFTE1Ba0dBMVVFQmhNQ1ZWTXhLVEFuQmdOVkJBb1RJRWx1ZEdWeWJtVjBJRk5sWTNWeWFYUjVJRkpsYzJWaA0KY21Ob0lFZHliM1Z3TVJVd0V3WURWUVFERXd4SlUxSkhJRkp2YjNRZ1dERXdIaGNOTVRVd05qQTBNVEV3TkRNNA0KV2hjTk16VXdOakEwTVRFd05ETTRXakJQTVFzd0NRWURWUVFHRXdKVlV6RXBNQ2NHQTFVRUNoTWdTVzUwWlhKdQ0KWlhRZ1UyVmpkWEpwZEhrZ1VtVnpaV0Z5WTJnZ1IzSnZkWEF4RlRBVEJnTlZCQU1UREVsVFVrY2dVbTl2ZENCWQ0KTVRDQ0FpSXdEUVlKS29aSWh2Y05BUUVCQlFBRGdnSVBBRENDQWdvQ2dnSUJBSzNvSkhQMEZEZnptNTRyVnlnYw0KaDc3Y3Q5ODRrSXh1UE9aWG9IajNkY0tpL3ZWcWJ2WUFUeWpiM21pR2JFU1R0ckZqL1JRU2E3OGYwdW94bXlGKw0KMFRNOHVrajEzWG5mczdqL0V2RWhta3ZCaW9aeGFVcG1abXlQZmp4d3Y2MHBJZ2J6NU1EbWdLN2lTNCszbVg2VQ0KQTUvVFI1ZDhtVWdqVStnNHJrOEtiNE11MFVsWGpJQjB0dG92MERpTmV3TndJUnQxOGpBOCtvK3UzZHBqcStzVw0KVDhLT0VVdCt6d3ZvLzdWM0x2U3llMHJnVEJJbERIQ05BeW1nNFZNazdCUFo3aG0vRUxOS2pEK0pvMkZSM3F5SA0KQjVUMFkzSHNMdUp2VzVpQjRZbGNOSGxzZHU4N2tHSjU1dHVrbWk4bXhkQVE0UTdlMlJDT0Z2dTM5NmozeCtVQw0KQjVpUE5naVY1K0kzbGcwMmRaNzdEbkt4SFp1OEEvbEpCZGlCM1FXMEt0WkI2YXdCZHBVS0Q5amYxYjBTSHpVdg0KS0JkczBwakJxQWxrZDI1SE43ck9yRmxlYUoxL2N0YUp4UVpCS1Q1WlB0MG05U1RKRWFkYW8weEFIMGFobWJXbg0KT2xGdWhqdWVmWEtuRWdWNFdlMCtVWGdWQ3dPUGpkQXZCYkkrZTBvY1MzTUZFdnpHNnVCUUUzeERrM1N6eW5Ubg0Kamg4QkNOQXcxRnR4TnJRSHVzRXdNRnhJdDRJN21LWjlZSXFpb3ltQ3pMcTlnd1Fib29NRFFhSFdCZkVid3Jidw0KcUh5R08wYW9TQ3FJM0hhYWRyOGZhcVU5R1kvck9QTmszc2dyRFFvby8vZmI0aFZDMUNMUUoxM2hlZjRZNTNDSQ0KclU3bTJZczZ4dDBuVVc3L3ZHVDFNME5QQWdNQkFBR2pRakJBTUE0R0ExVWREd0VCL3dRRUF3SUJCakFQQmdOVg0KSFJNQkFmOEVCVEFEQVFIL01CMEdBMVVkRGdRV0JCUjV0Rm5tZTdibDVBRnpnQWlJeUJwWTl1bWJiakFOQmdrcQ0KaGtpRzl3MEJBUXNGQUFPQ0FnRUFWUjlZcWJ5eXFGRFFETEhZR21rZ0p5a0lyR0YxWElwdStJTGxhUy9WOWxaTA0KdWJoekVGblRJWmQrNTB4eCs3TFNZSzA1cUF2cUZ5RldoZkZRRGxucnp1Qlo2YnJKRmUrR25ZK0VnUGJrNlpHUQ0KM0JlYllodEY4R2FWMG54dnd1bzc3eC9QeTlhdUovR3BzTWl1L1gxK212b2lCT3YvMlgvcWtTc2lzUmNPai9LSw0KTkZ0WTJQd0J5VlM1dUNiTWlvZ3ppVXd0aER5QzMrNldWd1c2TEx2M3hMZkhUanVDdmpISUluTnprdEhDZ0tRNQ0KT1JBekk0Sk1QSitHc2xXWUhiNHBob3dpbTU3aWF6dFhPb0p3VGR3Sng0bkxDZ2ROYk9oZGpzbnZ6cXZIdTdVcg0KVGtYV1N0QW16T1Z5eWdocXBaWGpGYUgzcE8zSkxGK2wrLytzS0FJdXZ0ZDd1K054ZTVBVzB3ZGVSbE44TndkQw0Kak5QRWxwelZtYlVxNEpVYWdFaXVURGtIenN4SHBGS1ZLN3E0KzYzU00xTjk1UjFOYmRXaHNjZENiK1pBSnpWYw0Kb3lpM0I0M25qVE9RNXlPZisxQ2NlV3hHMWJRVnM1WnVmcHNNbGpxNFVpMC8xbHZoK3dqQ2hQNGtxS09KMnF4cQ0KNFJncXNhaERZVnZUSDl3N2pYYnlMZWlOZGQ4WE0ydzlVL3Q3eTBGZi85eWkwR0U0NFphNHJGMkxOOWQxMVRQQQ0KbVJHdW5VSEJjbldFdmdKQlFsOW5KRWlVMFpzbnZnYy91YmhQZ1hSUjRYcTM3WjBqNHI3ZzFTZ0VFend4QTU3ZA0KZW15UHhnY1l4bi9lUjQ0L0tKNEVCcytsVkRSM3ZleUptK2tYUTk5YjIxLytqaDVYb3MxQW5YNWlJdHJlR0NjPQ0KLS0tLS1FTkQgQ0VSVElGSUNBVEUtLS0tLQ0KDQo8L2NhPg0KDQoNCiMjIyMjIyMjIyMjIyMjIyMjIyMjIyMjIyMjIyMjIyMjIyMjIyMjIyMjIyMjIyMjIyMjIyMjIyMjIyMjIyMjIyMjIyMjIyMjIyMjIyMjIyMNCiMgVGhlIGNsaWVudCBjZXJ0aWZpY2F0ZSBmaWxlIChkdW1teSkuDQojIA0KIyBJbiBzb21lIGltcGxlbWVudGF0aW9ucyBvZiBPcGVuVlBOIENsaWVudCBzb2Z0d2FyZQ0KIyAoZm9yIGV4YW1wbGU6IE9wZW5WUE4gQ2xpZW50IGZvciBpT1MpLA0KIyBhIHBhaXIgb2YgY2xpZW50IGNlcnRpZmljYXRlIGFuZCBwcml2YXRlIGtleSBtdXN0IGJlIGluY2x1ZGVkIG9uIHRoZQ0KIyBjb25maWd1cmF0aW9uIGZpbGUgZHVlIHRvIHRoZSBsaW1pdGF0aW9uIG9mIHRoZSBjbGllbnQuDQojIFNvIHRoaXMgc2FtcGxlIGNvbmZpZ3VyYXRpb24gZmlsZSBoYXMgYSBkdW1teSBwYWlyIG9mIGNsaWVudCBjZXJ0aWZpY2F0ZQ0KIyBhbmQgcHJpdmF0ZSBrZXkgYXMgZm9sbG93cy4NCg0KPGNlcnQ+DQotLS0tLUJFR0lOIENFUlRJRklDQVRFLS0tLS0NCk1JSUN4akNDQWE0Q0FRQXdEUVlKS29aSWh2Y05BUUVGQlFBd0tURWFNQmdHQTFVRUF4TVJWbEJPUjJGMFpVTnMNCmFXVnVkRU5sY25ReEN6QUpCZ05WQkFZVEFrcFFNQjRYRFRFek1ESXhNVEF6TkRrME9Wb1hEVE0zTURFeE9UQXoNCk1UUXdOMW93S1RFYU1CZ0dBMVVFQXhNUlZsQk9SMkYwWlVOc2FXVnVkRU5sY25ReEN6QUpCZ05WQkFZVEFrcFENCk1JSUJJakFOQmdrcWhraUc5dzBCQVFFRkFBT0NBUThBTUlJQkNnS0NBUUVBNWgybGdRUVlVandvS1lKYnpWWkENCjVWY0lHZDVvdFBjL3FaUk10MEtJdENGQTBzOVJ3UmVOVmE5ZkRSRkxSQmhjSVRPbHYzRkJjVzNFOGgxVXM3UkQNCjRXOEdtSmU4emFwSm5Mc0QzOU9TTVJDelpKbmN6VzRPQ0gxUFpSWldLcUR0amxOY2E5QUY4YTY1alRtbER4Q1ENCkNqbnRMSVdrNU9MTFZrRnQ5L3RTY2MxR0R0Y2k1NW9maGFOQVlNUGlIN1Y4KzFnNjZwR0hYQW9XSzZBUVZINjcNClhDS0puR0I1bmxRK0hzTVlQVi9PNDlMZDkxWk4vMnRIa2NhTEx5TnR5d3hWUFJTc1JoNDgwamp1MGZjQ3N2NmgNCnAvMHlYblRCLy9tV3V0QkdwZFVsSWJ3aUlUYkFtcnNiWW5qaWdSdm5QcVgxUk5KVWJpOUZwNkMyYy9ISUZKR0QNCnl3SURBUUFCTUEwR0NTcUdTSWIzRFFFQkJRVUFBNElCQVFDaE81aGdjdy80b1dmb0VGTHU5a0JhMUIvL2t4SDgNCmhRa0NoVk5uOEJSQzdZMFVSUWl0UGwzREtFZWQ5VVJCRGRnMktPQXo3N2JiNkVOUGlsaUQrYTM4VUpISVJNcWUNClVCSGhsbE9ISXp2RGhIRmJhb3ZBTEJRY2VlQnpka1F4c0tRRVNLbVFtUjgzMjk1MFVDb3ZveVJCNjFVeUFWN2gNCittWmhZUEdSS1hLU0pJNnMwRWdnL0NyaStDd2s0YmpKZnJiNWhWc2UxMXloNEQ5TUhod1NmQ09IKzB6NGhQVVQNCkZrdTdkR2F2VVJPNVNWeE1uL3NMNkVuNUQrb1NlWGthZEhwRHMrQWlyeW0yWUhoMTVoMCtqUFNPb1I2eWlWcC8NCjZ6WmVaa3JONDNrdVM3M0twS0RGamZGUGg4dDRyMWdPSWp0dGtOY1FxQmNjdXNucGxRN0hKcHNrDQotLS0tLUVORCBDRVJUSUZJQ0FURS0tLS0tDQoNCjwvY2VydD4NCg0KPGtleT4NCi0tLS0tQkVHSU4gUlNBIFBSSVZBVEUgS0VZLS0tLS0NCk1JSUVwQUlCQUFLQ0FRRUE1aDJsZ1FRWVVqd29LWUpielZaQTVWY0lHZDVvdFBjL3FaUk10MEtJdENGQTBzOVINCndSZU5WYTlmRFJGTFJCaGNJVE9sdjNGQmNXM0U4aDFVczdSRDRXOEdtSmU4emFwSm5Mc0QzOU9TTVJDelpKbmMNCnpXNE9DSDFQWlJaV0txRHRqbE5jYTlBRjhhNjVqVG1sRHhDUUNqbnRMSVdrNU9MTFZrRnQ5L3RTY2MxR0R0Y2kNCjU1b2ZoYU5BWU1QaUg3VjgrMWc2NnBHSFhBb1dLNkFRVkg2N1hDS0puR0I1bmxRK0hzTVlQVi9PNDlMZDkxWk4NCi8ydEhrY2FMTHlOdHl3eFZQUlNzUmg0ODBqanUwZmNDc3Y2aHAvMHlYblRCLy9tV3V0QkdwZFVsSWJ3aUlUYkENCm1yc2JZbmppZ1J2blBxWDFSTkpVYmk5RnA2QzJjL0hJRkpHRHl3SURBUUFCQW9JQkFFUlY3WDVBdnhBOHVSaUsNCms4U0lwc0QwZFgxcEpPTUl3YWtVVnl2YzRFZk4wRGhLUk5iNHJZb1NpRUdUTHl6THB5QmMvQTI4RGxrbTVlT1kNCmZqelhmWWtHdFlpL0Z0eGtnM085dmNyTVE0KzZpK3VHSGFJTDJyTCtzNE1yZk84djF4djYrV2t5MzNFRUdDb3UNClFpd1ZHUkZRWG5Sb1E2Mk5CQ0ZiVU5MaG1Yd2RqMWFrWnpMVTRwNVI0ekEzUWhkeHdFSWF0Vkx0MCs3b3dMUTMNCmxQOHNmWGhwcFBPWGpUcU1ENFFrWXd6UEFhOC96RjdhY240a3J5clVQN1E2UEFmZDB6RVZxTnk5WkNaOWZmaG8NCnpYZWRGajQ4NklGb2M1Z25UcDJONmpzblZqNExDR0lobFZIbFlHb3pLS0ZxSmNRVkdzSENxcTFvejJ6alc2TFMNCm9SWUlIZ0VDZ1lFQTh6WnJrQ3dOWVNYSnVPREozbS9oT0xWeGN4Z0p1d1hvaUVyV2QwRTQydlBhbmpqVk1obnQNCktZNWw4cUdNSjZGaEs5TFl4MnFDcmYvRTBYdFVBWjJ3VnEzT1JUeUduc01XcmU5dExZczU1WCtaTjEwVGM3NXoNCjRoYWNiVTBocUtOMUhpRG1zTVJZMy8yTmFaSG95N01LbndKSkJhRzQ4bDlDQ1RsVndNSG9jSUVDZ1lFQThqYnkNCmRHanhUSCs2WEhXTml6YjVTUmJaeEFueUVlSmVSd1RNaDBnR3p3R1BwSC9zWllHenl1MFN5U1hXQ25aaDNSZ3ENCjV1TGxOeHRyWHJsalpseWkyblFkUWdzcTJZcldVczAremdVKzIydVFzWnBTQWZ0bWhWcnR2ZXQ2TWpWamJCeVkNCkRBRGNpRVZVZEpZSVhrK3FuRlVKeWVyb0xJa1RqN1dZS1o2Umprc0NnWUJvQ0ZJd1JEZWc0Mm9LODlSRm1uT3INCkx5bU5BcTQrMm9NaHNXbFZiNGVqV0lXZUFrOW5jK0dYVWZyWHN6UmhTMDFtVW5VNXI1eWdVdlJjYXJWL1QzVTcNClRuTVorSTdZNERnV1JJRGQ1MXpuaHhJQnRZVjVqL0MvdDg1SGpxT2tIKzhiNlJUa2JjaGFYM21hdTdmcFVmZHMNCkZxMG5oSXE0MmZoRU84c3JmWVl3Z1FLQmdRQ3loaTFOLzh0YVJ3cGsrMy9JREV6UXdqYmZkelVrV1dTRGs5WHMNCkgvcGt1UkhXZlRNUDNmbFdxRVlnVy9MVzQwcGVXMkhEcTVpbWRWOCtBZ1p4ZS9YTWJhamk5TGd3ZjFSWTAwNW4NCkt4YVpRejd5cUh1cFdsTEdGNjhEUEh4a1pWVlNhZ0RuVi9zenRXWDZTRnNDcUZWbnhJWGlmWEdDNGNXNU5tOWcNCnZhOHE0UUtCZ1FDRWhMVmVVZmR3S3ZrWjk0Zy9HRno3MzFaMmhyZFZoZ01aYVUvdTZ0MFY5NStZZXpQTkNRWkINCndtRTlNbWxicTFlbURlUk9pdmpDZm9HaFIza1pYVzFwVEtsTGg2Wk1VUVVPcHB0ZFh2YThYeGZvcVF3YTNlbkENCk03bXVCYkYwWE43Vk84MGlKUHYrUG1JWmRFSUFrcHdLZmkyMDFZQitCYWZDSXVHeElGNTBWZz09DQotLS0tLUVORCBSU0EgUFJJVkFURSBLRVktLS0tLQ0KDQo8L2tleT4NCg0K
vpn133849853,178.169.86.59,620568,-,85336475,Russian Federation,RU,1,152783507,150163,87103034319,2weeks,DESKTOP-RCV9OPC's owner,,IyMjIyMjIyMjIyMjIyMjIyMjIyMjIyMjIyMjIyMjIyMjIyMjIyMjIyMjIyMjIyMjIyMjIyMjIyMjIyMjIyMjIyMjIyMjIyMjIyMjIyMjIw0KIyBPcGVuVlBOIDIuMCBTYW1wbGUgQ29uZmlndXJhdGlvbiBGaWxlDQojIGZvciBQYWNrZXRpWCBWUE4gLyBTb2Z0RXRoZXIgVlBOIFNlcnZlcg0KIyANCiMgISEhIEFVVE8tR0VORVJBVEVEIEJZIFNPRlRFVEhFUiBWUE4gU0VSVkVSIE1BTkFHRU1FTlQgVE9PTCAhISENCiMgDQojICEhISBZT1UgSEFWRSBUTyBSRVZJRVcgSVQgQkVGT1JFIFVTRSBBTkQgTU9ESUZZIElUIEFTIE5FQ0VTU0FSWSAhISENCiMgDQojIFRoaXMgY29uZmlndXJhdGlvbiBmaWxlIGlzIGF1dG8tZ2VuZXJhdGVkLiBZb3UgbWlnaHQgdXNlIHRoaXMgY29uZmlnIGZpbGUNCiMgaW4gb3JkZXIgdG8gY29ubmVjdCB0byB0aGUgUGFja2V0aVggVlBOIC8gU29mdEV0aGVyIFZQTiBTZXJ2ZXIuDQojIEhvd2V2ZXIsIGJlZm9yZSB5b3UgdHJ5IGl0LCB5b3Ugc2hvdWxkIHJldmlldyB0aGUgZGVzY3JpcHRpb25zIG9mIHRoZSBmaWxlDQojIHRvIGRldGVybWluZSB0aGUgbmVjZXNzaXR5IHRvIG1vZGlmeSB0byBzdWl0YWJsZSBmb3IgeW91ciByZWFsIGVudmlyb25tZW50Lg0KIyBJZiBuZWNlc3NhcnksIHlvdSBoYXZlIHRvIG1vZGlmeSBhIGxpdHRsZSBhZGVxdWF0ZWx5IG9uIHRoZSBmaWxlLg0KIyBGb3IgZXhhbXBsZSwgdGhlIElQIGFkZHJlc3Mgb3IgdGhlIGhvc3RuYW1lIGFzIGEgZGVzdGluYXRpb24gVlBOIFNlcnZlcg0KIyBzaG91bGQgYmUgY29uZmlybWVkLg0KIyANCiMgTm90ZSB0aGF0IHRvIHVzZSBPcGVuVlBOIDIuMCwgeW91IGhhdmUgdG8gcHV0IHRoZSBjZXJ0aWZpY2F0aW9uIGZpbGUgb2YNCiMgdGhlIGRlc3RpbmF0aW9uIFZQTiBTZXJ2ZXIgb24gdGhlIE9wZW5WUE4gQ2xpZW50IGNvbXB1dGVyIHdoZW4geW91IHVzZSB0aGlzDQojIGNvbmZpZyBmaWxlLiBQbGVhc2UgcmVmZXIgdGhlIGJlbG93IGRlc2NyaXB0aW9ucyBjYXJlZnVsbHkuDQoNCg0KIyMjIyMjIyMjIyMjIyMjIyMjIyMjIyMjIyMjIyMjIyMjIyMjIyMjIyMjIyMjIyMjIyMjIyMjIyMjIyMjIyMjIyMjIyMjIyMjIyMjIyMjIw0KIyBTcGVjaWZ5IHRoZSB0eXBlIG9mIHRoZSBsYXllciBvZiB0aGUgVlBOIGNvbm5lY3Rpb24uDQojIA0KIyBUbyBjb25uZWN0IHRvIHRoZSBWUE4gU2VydmVyIGFzIGEgIlJlbW90ZS1BY2Nlc3MgVlBOIENsaWVudCBQQyIsDQojICBzcGVjaWZ5ICdkZXYgdHVuJy4gKExheWVyLTMgSVAgUm91dGluZyBNb2RlKQ0KIw0KIyBUbyBjb25uZWN0IHRvIHRoZSBWUE4gU2VydmVyIGFzIGEgYnJpZGdpbmcgZXF1aXBtZW50IG9mICJTaXRlLXRvLVNpdGUgVlBOIiwNCiMgIHNwZWNpZnkgJ2RldiB0YXAnLiAoTGF5ZXItMiBFdGhlcm5ldCBCcmlkZ2luZSBNb2RlKQ0KDQpkZXYgdHVuDQoNCg0KIyMjIyMjIyMjIyMjIyMjIyMjIyMjIyMjIyMjIyMjIyMjIyMjIyMjIyMjIyMjIyMjIyMjIyMjIyMjIyMjIyMjIyMjIyMjIyMjIyMjIyMjIw0KIyBTcGVjaWZ5IHRoZSB1bmRlcmx5aW5nIHByb3RvY29sIGJleW9uZCB0aGUgSW50ZXJuZXQuDQojIE5vdGUgdGhhdCB0aGlzIHNldHRpbmcgbXVzdCBiZSBjb3JyZXNwb25kIHdpdGggdGhlIGxpc3RlbmluZyBzZXR0aW5nIG9uDQojIHRoZSBWUE4gU2VydmVyLg0KIyANCiMgU3BlY2lmeSBlaXRoZXIgJ3Byb3RvIHRjcCcgb3IgJ3Byb3RvIHVkcCcuDQoNCnByb3RvIHRjcA0KDQoNCiMjIyMjIyMjIyMjIyMjIyMjIyMjIyMjIyMjIyMjIyMjIyMjIyMjIyMjIyMjIyMjIyMjIyMjIyMjIyMjIyMjIyMjIyMjIyMjIyMjIyMjIyMNCiMgVGhlIGRlc3RpbmF0aW9uIGhvc3RuYW1lIC8gSVAgYWRkcmVzcywgYW5kIHBvcnQgbnVtYmVyIG9mDQojIHRoZSB0YXJnZXQgVlBOIFNlcnZlci4NCiMgDQojIFlvdSBoYXZlIHRvIHNwZWNpZnkgYXMgJ3JlbW90ZSA8SE9TVE5BTUU+IDxQT1JUPicuIFlvdSBjYW4gYWxzbw0KIyBzcGVjaWZ5IHRoZSBJUCBhZGRyZXNzIGluc3RlYWQgb2YgdGhlIGhvc3RuYW1lLg0KIyANCiMgTm90ZSB0aGF0IHRoZSBhdXRvLWdlbmVyYXRlZCBiZWxvdyBob3N0bmFtZSBhcmUgYSAiYXV0by1kZXRlY3RlZA0KIyBJUCBhZGRyZXNzIiBvZiB0aGUgVlBOIFNlcnZlci4gWW91IGhhdmUgdG8gY29uZmlybSB0aGUgY29ycmVjdG5lc3MNCiMgYmVmb3JlaGFuZC4NCiMgDQojIFdoZW4geW91IHdhbnQgdG8gY29ubmVjdCB0byB0aGUgVlBOIFNlcnZlciBieSB1c2luZyBUQ1AgcHJvdG9jb2wsDQojIHRoZSBwb3J0IG51bWJlciBvZiB0aGUgZGVzdGluYXRpb24gVENQIHBvcnQgc2hvdWxkIGJlIHNhbWUgYXMgb25lIG9mDQojIHRoZSBhdmFpbGFibGUgVENQIGxpc3RlbmVycyBvbiB0aGUgVlBOIFNlcnZlci4NCiMgDQojIFdoZW4geW91IHVzZSBVRFAgcHJvdG9jb2wsIHRoZSBwb3J0IG51bWJlciBtdXN0IHNhbWUgYXMgdGhlIGNvbmZpZ3VyYXRpb24NCiMgc2V0dGluZyBvZiAiT3BlblZQTiBTZXJ2ZXIgQ29tcGF0aWJsZSBGdW5jdGlvbiIgb24gdGhlIFZQTiBTZXJ2ZXIuDQoNCnJlbW90ZSAxNzguMTY5Ljg2LjU5IDk5NQ0KDQoNCiMjIyMjIyMjIyMjIyMjIyMjIyMjIyMjIyMjIyMjIyMjIyMjIyMjIyMjIyMjIyMjIyMjIyMjIyMjIyMjIyMjIyMjIyMjIyMjIyMjIyMjIyMNCiMgVGhlIEhUVFAvSFRUUFMgcHJveHkgc2V0dGluZy4NCiMgDQojIE9ubHkgaWYgeW91IGhhdmUgdG8gdXNlIHRoZSBJbnRlcm5ldCB2aWEgYSBwcm94eSwgdW5jb21tZW50IHRoZSBiZWxvdw0KIyB0d28gbGluZXMgYW5kIHNwZWNpZnkgdGhlIHByb3h5IGFkZHJlc3MgYW5kIHRoZSBwb3J0IG51bWJlci4NCiMgSW4gdGhlIGNhc2Ugb2YgdXNpbmcgcHJveHktYXV0aGVudGljYXRpb24sIHJlZmVyIHRoZSBPcGVuVlBOIG1hbnVhbC4NCg0KO2h0dHAtcHJveHktcmV0cnkNCjtodHRwLXByb3h5IFtwcm94eSBzZXJ2ZXJdIFtwcm94eSBwb3J0XQ0KDQoNCiMjIyMjIyMjIyMjIyMjIyMjIyMjIyMjIyMjIyMjIyMjIyMjIyMjIyMjIyMjIyMjIyMjIyMjIyMjIyMjIyMjIyMjIyMjIyMjIyMjIyMjIyMNCiMgVGhlIGVuY3J5cHRpb24gYW5kIGF1dGhlbnRpY2F0aW9uIGFsZ29yaXRobS4NCiMgDQojIERlZmF1bHQgc2V0dGluZyBpcyBnb29kLiBNb2RpZnkgaXQgYXMgeW91IHByZWZlci4NCiMgV2hlbiB5b3Ugc3BlY2lmeSBhbiB1bnN1cHBvcnRlZCBhbGdvcml0aG0sIHRoZSBlcnJvciB3aWxsIG9jY3VyLg0KIyANCiMgVGhlIHN1cHBvcnRlZCBhbGdvcml0aG1zIGFyZSBhcyBmb2xsb3dzOg0KIyAgY2lwaGVyOiBbTlVMTC1DSVBIRVJdIE5VTEwgQUVTLTEyOC1DQkMgQUVTLTE5Mi1DQkMgQUVTLTI1Ni1DQkMgQkYtQ0JDDQojICAgICAgICAgIENBU1QtQ0JDIENBU1Q1LUNCQyBERVMtQ0JDIERFUy1FREUtQ0JDIERFUy1FREUzLUNCQyBERVNYLUNCQw0KIyAgICAgICAgICBSQzItNDAtQ0JDIFJDMi02NC1DQkMgUkMyLUNCQw0KIyAgYXV0aDogICBTSEEgU0hBMSBNRDUgTUQ0IFJNRDE2MA0KDQpjaXBoZXIgQUVTLTEyOC1DQkMNCmF1dGggU0hBMQ0KDQoNCiMjIyMjIyMjIyMjIyMjIyMjIyMjIyMjIyMjIyMjIyMjIyMjIyMjIyMjIyMjIyMjIyMjIyMjIyMjIyMjIyMjIyMjIyMjIyMjIyMjIyMjIyMNCiMgT3RoZXIgcGFyYW1ldGVycyBuZWNlc3NhcnkgdG8gY29ubmVjdCB0byB0aGUgVlBOIFNlcnZlci4NCiMgDQojIEl0IGlzIG5vdCByZWNvbW1lbmRlZCB0byBtb2RpZnkgaXQgdW5sZXNzIHlvdSBoYXZlIGEgcGFydGljdWxhciBuZWVkLg0KDQpyZXNvbHYtcmV0cnkgaW5maW5pdGUNCm5vYmluZA0KcGVyc2lzdC1rZXkNCnBlcnNpc3QtdHVuDQpjbGllbnQNCnZlcmIgMw0KI2F1dGgtdXNlci1wYXNzDQoNCg0KIyMjIyMjIyMjIyMjIyMjIyMjIyMjIyMjIyMjIyMjIyMjIyMjIyMjIyMjIyMjIyMjIyMjIyMjIyMjIyMjIyMjIyMjIyMjIyMjIyMjIyMjIw0KIyBUaGUgY2VydGlmaWNhdGUgZmlsZSBvZiB0aGUgZGVzdGluYXRpb24gVlBOIFNlcnZlci4NCiMgDQojIFRoZSBDQSBjZXJ0aWZpY2F0ZSBmaWxlIGlzIGVtYmVkZGVkIGluIHRoZSBpbmxpbmUgZm9ybWF0Lg0KIyBZb3UgY2FuIHJlcGxhY2UgdGhpcyBDQSBjb250ZW50cyBpZiBuZWNlc3NhcnkuDQojIFBsZWFzZSBub3RlIHRoYXQgaWYgdGhlIHNlcnZlciBjZXJ0aWZpY2F0ZSBpcyBub3QgYSBzZWxmLXNpZ25lZCwgeW91IGhhdmUgdG8NCiMgc3BlY2lmeSB0aGUgc2lnbmVyJ3Mgcm9vdCBjZXJ0aWZpY2F0ZSAoQ0EpIGhlcmUuDQoNCjxjYT4NCi0tLS0tQkVHSU4gQ0VSVElGSUNBVEUtLS0tLQ0KTUlJRmF6Q0NBMU9nQXdJQkFnSVJBSUlRejdEU1FPTlpSR1BndTJPQ2l3QXdEUVlKS29aSWh2Y05BUUVMQlFBdw0KVHpFTE1Ba0dBMVVFQmhNQ1ZWTXhLVEFuQmdOVkJBb1RJRWx1ZEdWeWJtVjBJRk5sWTNWeWFYUjVJRkpsYzJWaA0KY21Ob0lFZHliM1Z3TVJVd0V3WURWUVFERXd4SlUxSkhJRkp2YjNRZ1dERXdIaGNOTVRVd05qQTBNVEV3TkRNNA0KV2hjTk16VXdOakEwTVRFd05ETTRXakJQTVFzd0NRWURWUVFHRXdKVlV6RXBNQ2NHQTFVRUNoTWdTVzUwWlhKdQ0KWlhRZ1UyVmpkWEpwZEhrZ1VtVnpaV0Z5WTJnZ1IzSnZkWEF4RlRBVEJnTlZCQU1UREVsVFVrY2dVbTl2ZENCWQ0KTVRDQ0FpSXdEUVlKS29aSWh2Y05BUUVCQlFBRGdnSVBBRENDQWdvQ2dnSUJBSzNvSkhQMEZEZnptNTRyVnlnYw0KaDc3Y3Q5ODRrSXh1UE9aWG9IajNkY0tpL3ZWcWJ2WUFUeWpiM21pR2JFU1R0ckZqL1JRU2E3OGYwdW94bXlGKw0KMFRNOHVrajEzWG5mczdqL0V2RWhta3ZCaW9aeGFVcG1abXlQZmp4d3Y2MHBJZ2J6NU1EbWdLN2lTNCszbVg2VQ0KQTUvVFI1ZDhtVWdqVStnNHJrOEtiNE11MFVsWGpJQjB0dG92MERpTmV3TndJUnQxOGpBOCtvK3UzZHBqcStzVw0KVDhLT0VVdCt6d3ZvLzdWM0x2U3llMHJnVEJJbERIQ05BeW1nNFZNazdCUFo3aG0vRUxOS2pEK0pvMkZSM3F5SA0KQjVUMFkzSHNMdUp2VzVpQjRZbGNOSGxzZHU4N2tHSjU1dHVrbWk4bXhkQVE0UTdlMlJDT0Z2dTM5NmozeCtVQw0KQjVpUE5naVY1K0kzbGcwMmRaNzdEbkt4SFp1OEEvbEpCZGlCM1FXMEt0WkI2YXdCZHBVS0Q5amYxYjBTSHpVdg0KS0JkczBwakJxQWxrZDI1SE43ck9yRmxlYUoxL2N0YUp4UVpCS1Q1WlB0MG05U1RKRWFkYW8weEFIMGFobWJXbg0KT2xGdWhqdWVmWEtuRWdWNFdlMCtVWGdWQ3dPUGpkQXZCYkkrZTBvY1MzTUZFdnpHNnVCUUUzeERrM1N6eW5Ubg0Kamg4QkNOQXcxRnR4TnJRSHVzRXdNRnhJdDRJN21LWjlZSXFpb3ltQ3pMcTlnd1Fib29NRFFhSFdCZkVid3Jidw0KcUh5R08wYW9TQ3FJM0hhYWRyOGZhcVU5R1kvck9QTmszc2dyRFFvby8vZmI0aFZDMUNMUUoxM2hlZjRZNTNDSQ0KclU3bTJZczZ4dDBuVVc3L3ZHVDFNME5QQWdNQkFBR2pRakJBTUE0R0ExVWREd0VCL3dRRUF3SUJCakFQQmdOVg0KSFJNQkFmOEVCVEFEQVFIL01CMEdBMVVkRGdRV0JCUjV0Rm5tZTdibDVBRnpnQWlJeUJwWTl1bWJiakFOQmdrcQ0KaGtpRzl3MEJBUXNGQUFPQ0FnRUFWUjlZcWJ5eXFGRFFETEhZR21rZ0p5a0lyR0YxWElwdStJTGxhUy9WOWxaTA0KdWJoekVGblRJWmQrNTB4eCs3TFNZSzA1cUF2cUZ5RldoZkZRRGxucnp1Qlo2YnJKRmUrR25ZK0VnUGJrNlpHUQ0KM0JlYllodEY4R2FWMG54dnd1bzc3eC9QeTlhdUovR3BzTWl1L1gxK212b2lCT3YvMlgvcWtTc2lzUmNPai9LSw0KTkZ0WTJQd0J5VlM1dUNiTWlvZ3ppVXd0aER5QzMrNldWd1c2TEx2M3hMZkhUanVDdmpISUluTnprdEhDZ0tRNQ0KT1JBekk0Sk1QSitHc2xXWUhiNHBob3dpbTU3aWF6dFhPb0p3VGR3Sng0bkxDZ2ROYk9oZGpzbnZ6cXZIdTdVcg0KVGtYV1N0QW16T1Z5eWdocXBaWGpGYUgzcE8zSkxGK2wrLytzS0FJdXZ0ZDd1K054ZTVBVzB3ZGVSbE44TndkQw0Kak5QRWxwelZtYlVxNEpVYWdFaXVURGtIenN4SHBGS1ZLN3E0KzYzU00xTjk1UjFOYmRXaHNjZENiK1pBSnpWYw0Kb3lpM0I0M25qVE9RNXlPZisxQ2NlV3hHMWJRVnM1WnVmcHNNbGpxNFVpMC8xbHZoK3dqQ2hQNGtxS09KMnF4cQ0KNFJncXNhaERZVnZUSDl3N2pYYnlMZWlOZGQ4WE0ydzlVL3Q3eTBGZi85eWkwR0U0NFphNHJGMkxOOWQxMVRQQQ0KbVJHdW5VSEJjbldFdmdKQlFsOW5KRWlVMFpzbnZnYy91YmhQZ1hSUjRYcTM3WjBqNHI3ZzFTZ0VFend4QTU3ZA0KZW15UHhnY1l4bi9lUjQ0L0tKNEVCcytsVkRSM3ZleUptK2tYUTk5YjIxLytqaDVYb3MxQW5YNWlJdHJlR0NjPQ0KLS0tLS1FTkQgQ0VSVElGSUNBVEUtLS0tLQ0KDQo8L2NhPg0KDQoNCiMjIyMjIyMjIyMjIyMjIyMjIyMjIyMjIyMjIyMjIyMjIyMjIyMjIyMjIyMjIyMjIyMjIyMjIyMjIyMjIyMjIyMjIyMjIyMjIyMjIyMjIyMNCiMgVGhlIGNsaWVudCBjZXJ0aWZpY2F0ZSBmaWxlIChkdW1teSkuDQojIA0KIyBJbiBzb21lIGltcGxlbWVudGF0aW9ucyBvZiBPcGVuVlBOIENsaWVudCBzb2Z0d2FyZQ0KIyAoZm9yIGV4YW1wbGU6IE9wZW5WUE4gQ2xpZW50IGZvciBpT1MpLA0KIyBhIHBhaXIgb2YgY2xpZW50IGNlcnRpZmljYXRlIGFuZCBwcml2YXRlIGtleSBtdXN0IGJlIGluY2x1ZGVkIG9uIHRoZQ0KIyBjb25maWd1cmF0aW9uIGZpbGUgZHVlIHRvIHRoZSBsaW1pdGF0aW9uIG9mIHRoZSBjbGllbnQuDQojIFNvIHRoaXMgc2FtcGxlIGNvbmZpZ3VyYXRpb24gZmlsZSBoYXMgYSBkdW1teSBwYWlyIG9mIGNsaWVudCBjZXJ0aWZpY2F0ZQ0KIyBhbmQgcHJpdmF0ZSBrZXkgYXMgZm9sbG93cy4NCg0KPGNlcnQ+DQotLS0tLUJFR0lOIENFUlRJRklDQVRFLS0tLS0NCk1JSUN4akNDQWE0Q0FRQXdEUVlKS29aSWh2Y05BUUVGQlFBd0tURWFNQmdHQTFVRUF4TVJWbEJPUjJGMFpVTnMNCmFXVnVkRU5sY25ReEN6QUpCZ05WQkFZVEFrcFFNQjRYRFRFek1ESXhNVEF6TkRrME9Wb1hEVE0zTURFeE9UQXoNCk1UUXdOMW93S1RFYU1CZ0dBMVVFQXhNUlZsQk9SMkYwWlVOc2FXVnVkRU5sY25ReEN6QUpCZ05WQkFZVEFrcFENCk1JSUJJakFOQmdrcWhraUc5dzBCQVFFRkFBT0NBUThBTUlJQkNnS0NBUUVBNWgybGdRUVlVandvS1lKYnpWWkENCjVWY0lHZDVvdFBjL3FaUk10MEtJdENGQTBzOVJ3UmVOVmE5ZkRSRkxSQmhjSVRPbHYzRkJjVzNFOGgxVXM3UkQNCjRXOEdtSmU4emFwSm5Mc0QzOU9TTVJDelpKbmN6VzRPQ0gxUFpSWldLcUR0amxOY2E5QUY4YTY1alRtbER4Q1ENCkNqbnRMSVdrNU9MTFZrRnQ5L3RTY2MxR0R0Y2k1NW9maGFOQVlNUGlIN1Y4KzFnNjZwR0hYQW9XSzZBUVZINjcNClhDS0puR0I1bmxRK0hzTVlQVi9PNDlMZDkxWk4vMnRIa2NhTEx5TnR5d3hWUFJTc1JoNDgwamp1MGZjQ3N2NmgNCnAvMHlYblRCLy9tV3V0QkdwZFVsSWJ3aUlUYkFtcnNiWW5qaWdSdm5QcVgxUk5KVWJpOUZwNkMyYy9ISUZKR0QNCnl3SURBUUFCTUEwR0NTcUdTSWIzRFFFQkJRVUFBNElCQVFDaE81aGdjdy80b1dmb0VGTHU5a0JhMUIvL2t4SDgNCmhRa0NoVk5uOEJSQzdZMFVSUWl0UGwzREtFZWQ5VVJCRGRnMktPQXo3N2JiNkVOUGlsaUQrYTM4VUpISVJNcWUNClVCSGhsbE9ISXp2RGhIRmJhb3ZBTEJRY2VlQnpka1F4c0tRRVNLbVFtUjgzMjk1MFVDb3ZveVJCNjFVeUFWN2gNCittWmhZUEdSS1hLU0pJNnMwRWdnL0NyaStDd2s0YmpKZnJiNWhWc2UxMXloNEQ5TUhod1NmQ09IKzB6NGhQVVQNCkZrdTdkR2F2VVJPNVNWeE1uL3NMNkVuNUQrb1NlWGthZEhwRHMrQWlyeW0yWUhoMTVoMCtqUFNPb1I2eWlWcC8NCjZ6WmVaa3JONDNrdVM3M0twS0RGamZGUGg4dDRyMWdPSWp0dGtOY1FxQmNjdXNucGxRN0hKcHNrDQotLS0tLUVORCBDRVJUSUZJQ0FURS0tLS0tDQoNCjwvY2VydD4NCg0KPGtleT4NCi0tLS0tQkVHSU4gUlNBIFBSSVZBVEUgS0VZLS0tLS0NCk1JSUVwQUlCQUFLQ0FRRUE1aDJsZ1FRWVVqd29LWUpielZaQTVWY0lHZDVvdFBjL3FaUk10MEtJdENGQTBzOVINCndSZU5WYTlmRFJGTFJCaGNJVE9sdjNGQmNXM0U4aDFVczdSRDRXOEdtSmU4emFwSm5Mc0QzOU9TTVJDelpKbmMNCnpXNE9DSDFQWlJaV0txRHRqbE5jYTlBRjhhNjVqVG1sRHhDUUNqbnRMSVdrNU9MTFZrRnQ5L3RTY2MxR0R0Y2kNCjU1b2ZoYU5BWU1QaUg3VjgrMWc2NnBHSFhBb1dLNkFRVkg2N1hDS0puR0I1bmxRK0hzTVlQVi9PNDlMZDkxWk4NCi8ydEhrY2FMTHlOdHl3eFZQUlNzUmg0ODBqanUwZmNDc3Y2aHAvMHlYblRCLy9tV3V0QkdwZFVsSWJ3aUlUYkENCm1yc2JZbmppZ1J2blBxWDFSTkpVYmk5RnA2QzJjL0hJRkpHRHl3SURBUUFCQW9JQkFFUlY3WDVBdnhBOHVSaUsNCms4U0lwc0QwZFgxcEpPTUl3YWtVVnl2YzRFZk4wRGhLUk5iNHJZb1NpRUdUTHl6THB5QmMvQTI4RGxrbTVlT1kNCmZqelhmWWtHdFlpL0Z0eGtnM085dmNyTVE0KzZpK3VHSGFJTDJyTCtzNE1yZk84djF4djYrV2t5MzNFRUdDb3UNClFpd1ZHUkZRWG5Sb1E2Mk5CQ0ZiVU5MaG1Yd2RqMWFrWnpMVTRwNVI0ekEzUWhkeHdFSWF0Vkx0MCs3b3dMUTMNCmxQOHNmWGhwcFBPWGpUcU1ENFFrWXd6UEFhOC96RjdhY240a3J5clVQN1E2UEFmZDB6RVZxTnk5WkNaOWZmaG8NCnpYZWRGajQ4NklGb2M1Z25UcDJONmpzblZqNExDR0lobFZIbFlHb3pLS0ZxSmNRVkdzSENxcTFvejJ6alc2TFMNCm9SWUlIZ0VDZ1lFQTh6WnJrQ3dOWVNYSnVPREozbS9oT0xWeGN4Z0p1d1hvaUVyV2QwRTQydlBhbmpqVk1obnQNCktZNWw4cUdNSjZGaEs5TFl4MnFDcmYvRTBYdFVBWjJ3VnEzT1JUeUduc01XcmU5dExZczU1WCtaTjEwVGM3NXoNCjRoYWNiVTBocUtOMUhpRG1zTVJZMy8yTmFaSG95N01LbndKSkJhRzQ4bDlDQ1RsVndNSG9jSUVDZ1lFQThqYnkNCmRHanhUSCs2WEhXTml6YjVTUmJaeEFueUVlSmVSd1RNaDBnR3p3R1BwSC9zWllHenl1MFN5U1hXQ25aaDNSZ3ENCjV1TGxOeHRyWHJsalpseWkyblFkUWdzcTJZcldVczAremdVKzIydVFzWnBTQWZ0bWhWcnR2ZXQ2TWpWamJCeVkNCkRBRGNpRVZVZEpZSVhrK3FuRlVKeWVyb0xJa1RqN1dZS1o2Umprc0NnWUJvQ0ZJd1JEZWc0Mm9LODlSRm1uT3INCkx5bU5BcTQrMm9NaHNXbFZiNGVqV0lXZUFrOW5jK0dYVWZyWHN6UmhTMDFtVW5VNXI1eWdVdlJjYXJWL1QzVTcNClRuTVorSTdZNERnV1JJRGQ1MXpuaHhJQnRZVjVqL0MvdDg1SGpxT2tIKzhiNlJUa2JjaGFYM21hdTdmcFVmZHMNCkZxMG5oSXE0MmZoRU84c3JmWVl3Z1FLQmdRQ3loaTFOLzh0YVJ3cGsrMy9JREV6UXdqYmZkelVrV1dTRGs5WHMNCkgvcGt1UkhXZlRNUDNmbFdxRVlnVy9MVzQwcGVXMkhEcTVpbWRWOCtBZ1p4ZS9YTWJhamk5TGd3ZjFSWTAwNW4NCkt4YVpRejd5cUh1cFdsTEdGNjhEUEh4a1pWVlNhZ0RuVi9zenRXWDZTRnNDcUZWbnhJWGlmWEdDNGNXNU5tOWcNCnZhOHE0UUtCZ1FDRWhMVmVVZmR3S3ZrWjk0Zy9HRno3MzFaMmhyZFZoZ01aYVUvdTZ0MFY5NStZZXpQTkNRWkINCndtRTlNbWxicTFlbURlUk9pdmpDZm9HaFIza1pYVzFwVEtsTGg2Wk1VUVVPcHB0ZFh2YThYeGZvcVF3YTNlbkENCk03bXVCYkYwWE43Vk84MGlKUHYrUG1JWmRFSUFrcHdLZmkyMDFZQitCYWZDSXVHeElGNTBWZz09DQotLS0tLUVORCBSU0EgUFJJVkFURSBLRVktLS0tLQ0KDQo8L2tleT4NCg0K
vpn986625779,171.4.229.67,619886,13,27737835,Thailand,TH,55,34472507,40005,10580261583414,2weeks,DESKTOP-NON5406's owner,,IyMjIyMjIyMjIyMjIyMjIyMjIyMjIyMjIyMjIyMjIyMjIyMjIyMjIyMjIyMjIyMjIyMjIyMjIyMjIyMjIyMjIyMjIyMjIyMjIyMjIyMjIw0KIyBPcGVuVlBOIDIuMCBTYW1wbGUgQ29uZmlndXJhdGlvbiBGaWxlDQojIGZvciBQYWNrZXRpWCBWUE4gLyBTb2Z0RXRoZXIgVlBOIFNlcnZlcg0KIyANCiMgISEhIEFVVE8tR0VORVJBVEVEIEJZIFNPRlRFVEhFUiBWUE4gU0VSVkVSIE1BTkFHRU1FTlQgVE9PTCAhISENCiMgDQojICEhISBZT1UgSEFWRSBUTyBSRVZJRVcgSVQgQkVGT1JFIFVTRSBBTkQgTU9ESUZZIElUIEFTIE5FQ0VTU0FSWSAhISENCiMgDQojIFRoaXMgY29uZmlndXJhdGlvbiBmaWxlIGlzIGF1dG8tZ2VuZXJhdGVkLiBZb3UgbWlnaHQgdXNlIHRoaXMgY29uZmlnIGZpbGUNCiMgaW4gb3JkZXIgdG8gY29ubmVjdCB0byB0aGUgUGFja2V0aVggVlBOIC8gU29mdEV0aGVyIFZQTiBTZXJ2ZXIuDQojIEhvd2V2ZXIsIGJlZm9yZSB5b3UgdHJ5IGl0LCB5b3Ugc2hvdWxkIHJldmlldyB0aGUgZGVzY3JpcHRpb25zIG9mIHRoZSBmaWxlDQojIHRvIGRldGVybWluZSB0aGUgbmVjZXNzaXR5IHRvIG1vZGlmeSB0byBzdWl0YWJsZSBmb3IgeW91ciByZWFsIGVudmlyb25tZW50Lg0KIyBJZiBuZWNlc3NhcnksIHlvdSBoYXZlIHRvIG1vZGlmeSBhIGxpdHRsZSBhZGVxdWF0ZWx5IG9uIHRoZSBmaWxlLg0KIyBGb3IgZXhhbXBsZSwgdGhlIElQIGFkZHJlc3Mgb3IgdGhlIGhvc3RuYW1lIGFzIGEgZGVzdGluYXRpb24gVlBOIFNlcnZlcg0KIyBzaG91bGQgYmUgY29uZmlybWVkLg0KIyANCiMgTm90ZSB0aGF0IHRvIHVzZSBPcGVuVlBOIDIuMCwgeW91IGhhdmUgdG8gcHV0IHRoZSBjZXJ0aWZpY2F0aW9uIGZpbGUgb2YNCiMgdGhlIGRlc3RpbmF0aW9uIFZQTiBTZXJ2ZXIgb24gdGhlIE9wZW5WUE4gQ2xpZW50IGNvbXB1dGVyIHdoZW4geW91IHVzZSB0aGlzDQojIGNvbmZpZyBmaWxlLiBQbGVhc2UgcmVmZXIgdGhlIGJlbG93IGRlc2NyaXB0aW9ucyBjYXJlZnVsbHkuDQoNCg0KIyMjIyMjIyMjIyMjIyMjIyMjIyMjIyMjIyMjIyMjIyMjIyMjIyMjIyMjIyMjIyMjIyMjIyMjIyMjIyMjIyMjIyMjIyMjIyMjIyMjIyMjIw0KIyBTcGVjaWZ5IHRoZSB0eXBlIG9mIHRoZSBsYXllciBvZiB0aGUgVlBOIGNvbm5lY3Rpb24uDQojIA0KIyBUbyBjb25uZWN0IHRvIHRoZSBWUE4gU2VydmVyIGFzIGEgIlJlbW90ZS1BY2Nlc3MgVlBOIENsaWVudCBQQyIsDQojICBzcGVjaWZ5ICdkZXYgdHVuJy4gKExheWVyLTMgSVAgUm91dGluZyBNb2RlKQ0KIw0KIyBUbyBjb25uZWN0IHRvIHRoZSBWUE4gU2VydmVyIGFzIGEgYnJpZGdpbmcgZXF1aXBtZW50IG9mICJTaXRlLXRvLVNpdGUgVlBOIiwNCiMgIHNwZWNpZnkgJ2RldiB0YXAnLiAoTGF5ZXItMiBFdGhlcm5ldCBCcmlkZ2luZSBNb2RlKQ0KDQpkZXYgdHVuDQoNCg0KIyMjIyMjIyMjIyMjIyMjIyMjIyMjIyMjIyMjIyMjIyMjIyMjIyMjIyMjIyMjIyMjIyMjIyMjIyMjIyMjIyMjIyMjIyMjIyMjIyMjIyMjIw0KIyBTcGVjaWZ5IHRoZSB1bmRlcmx5aW5nIHByb3RvY29sIGJleW9uZCB0aGUgSW50ZXJuZXQuDQojIE5vdGUgdGhhdCB0aGlzIHNldHRpbmcgbXVzdCBiZSBjb3JyZXNwb25kIHdpdGggdGhlIGxpc3RlbmluZyBzZXR0aW5nIG9uDQojIHRoZSBWUE4gU2VydmVyLg0KIyANCiMgU3BlY2lmeSBlaXRoZXIgJ3Byb3RvIHRjcCcgb3IgJ3Byb3RvIHVkcCcuDQoNCnByb3RvIHVkcA0KDQoNCiMjIyMjIyMjIyMjIyMjIyMjIyMjIyMjIyMjIyMjIyMjIyMjIyMjIyMjIyMjIyMjIyMjIyMjIyMjIyMjIyMjIyMjIyMjIyMjIyMjIyMjIyMNCiMgVGhlIGRlc3RpbmF0aW9uIGhvc3RuYW1lIC8gSVAgYWRkcmVzcywgYW5kIHBvcnQgbnVtYmVyIG9mDQojIHRoZSB0YXJnZXQgVlBOIFNlcnZlci4NCiMgDQojIFlvdSBoYXZlIHRvIHNwZWNpZnkgYXMgJ3JlbW90ZSA8SE9TVE5BTUU+IDxQT1JUPicuIFlvdSBjYW4gYWxzbw0KIyBzcGVjaWZ5IHRoZSBJUCBhZGRyZXNzIGluc3RlYWQgb2YgdGhlIGhvc3RuYW1lLg0KIyANCiMgTm90ZSB0aGF0IHRoZSBhdXRvLWdlbmVyYXRlZCBiZWxvdyBob3N0bmFtZSBhcmUgYSAiYXV0by1kZXRlY3RlZA0KIyBJUCBhZGRyZXNzIiBvZiB0aGUgVlBOIFNlcnZlci4gWW91IGhhdmUgdG8gY29uZmlybSB0aGUgY29ycmVjdG5lc3MNCiMgYmVmb3JlaGFuZC4NCiMgDQojIFdoZW4geW91IHdhbnQgdG8gY29ubmVjdCB0byB0aGUgVlBOIFNlcnZlciBieSB1c2luZyBUQ1AgcHJvdG9jb2wsDQojIHRoZSBwb3J0IG51bWJlciBvZiB0aGUgZGVzdGluYXRpb24gVENQIHBvcnQgc2hvdWxkIGJlIHNhbWUgYXMgb25lIG9mDQojIHRoZSBhdmFpbGFibGUgVENQIGxpc3RlbmVycyBvbiB0aGUgVlBOIFNlcnZlci4NCiMgDQojIFdoZW4geW91IHVzZSBVRFAgcHJvdG9jb2wsIHRoZSBwb3J0IG51bWJlciBtdXN0IHNhbWUgYXMgdGhlIGNvbmZpZ3VyYXRpb24NCiMgc2V0dGluZyBvZiAiT3BlblZQTiBTZXJ2ZXIgQ29tcGF0aWJsZSBGdW5jdGlvbiIgb24gdGhlIFZQTiBTZXJ2ZXIuDQoNCnJlbW90ZSAxNzEuNC4yMjkuNjcgMTkzOQ0KDQoNCiMjIyMjIyMjIyMjIyMjIyMjIyMjIyMjIyMjIyMjIyMjIyMjIyMjIyMjIyMjIyMjIyMjIyMjIyMjIyMjIyMjIyMjIyMjIyMjIyMjIyMjIyMNCiMgVGhlIEhUVFAvSFRUUFMgcHJveHkgc2V0dGluZy4NCiMgDQojIE9ubHkgaWYgeW91IGhhdmUgdG8gdXNlIHRoZSBJbnRlcm5ldCB2aWEgYSBwcm94eSwgdW5jb21tZW50IHRoZSBiZWxvdw0KIyB0d28gbGluZXMgYW5kIHNwZWNpZnkgdGhlIHByb3h5IGFkZHJlc3MgYW5kIHRoZSBwb3J0IG51bWJlci4NCiMgSW4gdGhlIGNhc2Ugb2YgdXNpbmcgcHJveHktYXV0aGVudGljYXRpb24sIHJlZmVyIHRoZSBPcGVuVlBOIG1hbnVhbC4NCg0KO2h0dHAtcHJveHktcmV0cnkNCjtodHRwLXByb3h5IFtwcm94eSBzZXJ2ZXJdIFtwcm94eSBwb3J0XQ0KDQoNCiMjIyMjIyMjIyMjIyMjIyMjIyMjIyMjIyMjIyMjIyMjIyMjIyMjIyMjIyMjIyMjIyMjIyMjIyMjIyMjIyMjIyMjIyMjIyMjIyMjIyMjIyMNCiMgVGhlIGVuY3J5cHRpb24gYW5kIGF1dGhlbnRpY2F0aW9uIGFsZ29yaXRobS4NCiMgDQojIERlZmF1bHQgc2V0dGluZyBpcyBnb29kLiBNb2RpZnkgaXQgYXMgeW91IHByZWZlci4NCiMgV2hlbiB5b3Ugc3BlY2lmeSBhbiB1bnN1cHBvcnRlZCBhbGdvcml0aG0sIHRoZSBlcnJvciB3aWxsIG9jY3VyLg0KIyANCiMgVGhlIHN1cHBvcnRlZCBhbGdvcml0aG1zIGFyZSBhcyBmb2xsb3dzOg0KIyAgY2lwaGVyOiBbTlVMTC1DSVBIRVJdIE5VTEwgQUVTLTEyOC1DQkMgQUVTLTE5Mi1DQkMgQUVTLTI1Ni1DQkMgQkYtQ0JDDQojICAgICAgICAgIENBU1QtQ0JDIENBU1Q1LUNCQyBERVMtQ0JDIERFUy1FREUtQ0JDIERFUy1FREUzLUNCQyBERVNYLUNCQw0KIyAgICAgICAgICBSQzItNDAtQ0JDIFJDMi02NC1DQkMgUkMyLUNCQw0KIyAgYXV0aDogICBTSEEgU0hBMSBNRDUgTUQ0IFJNRDE2MA0KDQpjaXBoZXIgQUVTLTEyOC1DQkMNCmF1dGggU0hBMQ0KDQoNCiMjIyMjIyMjIyMjIyMjIyMjIyMjIyMjIyMjIyMjIyMjIyMjIyMjIyMjIyMjIyMjIyMjIyMjIyMjIyMjIyMjIyMjIyMjIyMjIyMjIyMjIyMNCiMgT3RoZXIgcGFyYW1ldGVycyBuZWNlc3NhcnkgdG8gY29ubmVjdCB0byB0aGUgVlBOIFNlcnZlci4NCiMgDQojIEl0IGlzIG5vdCByZWNvbW1lbmRlZCB0byBtb2RpZnkgaXQgdW5sZXNzIHlvdSBoYXZlIGEgcGFydGljdWxhciBuZWVkLg0KDQpyZXNvbHYtcmV0cnkgaW5maW5pdGUNCm5vYmluZA0KcGVyc2lzdC1rZXkNCnBlcnNpc3QtdHVuDQpjbGllbnQNCnZlcmIgMw0KI2F1dGgtdXNlci1wYXNzDQoNCg0KIyMjIyMjIyMjIyMjIyMjIyMjIyMjIyMjIyMjIyMjIyMjIyMjIyMjIyMjIyMjIyMjIyMjIyMjIyMjIyMjIyMjIyMjIyMjIyMjIyMjIyMjIw0KIyBUaGUgY2VydGlmaWNhdGUgZmlsZSBvZiB0aGUgZGVzdGluYXRpb24gVlBOIFNlcnZlci4NCiMgDQojIFRoZSBDQSBjZXJ0aWZpY2F0ZSBmaWxlIGlzIGVtYmVkZGVkIGluIHRoZSBpbmxpbmUgZm9ybWF0Lg0KIyBZb3UgY2FuIHJlcGxhY2UgdGhpcyBDQSBjb250ZW50cyBpZiBuZWNlc3NhcnkuDQojIFBsZWFzZSBub3RlIHRoYXQgaWYgdGhlIHNlcnZlciBjZXJ0aWZpY2F0ZSBpcyBub3QgYSBzZWxmLXNpZ25lZCwgeW91IGhhdmUgdG8NCiMgc3BlY2lmeSB0aGUgc2lnbmVyJ3Mgcm9vdCBjZXJ0aWZpY2F0ZSAoQ0EpIGhlcmUuDQoNCjxjYT4NCi0tLS0tQkVHSU4gQ0VSVElGSUNBVEUtLS0tLQ0KTUlJRmF6Q0NBMU9nQXdJQkFnSVJBSUlRejdEU1FPTlpSR1BndTJPQ2l3QXdEUVlKS29aSWh2Y05BUUVMQlFBdw0KVHpFTE1Ba0dBMVVFQmhNQ1ZWTXhLVEFuQmdOVkJBb1RJRWx1ZEdWeWJtVjBJRk5sWTNWeWFYUjVJRkpsYzJWaA0KY21Ob0lFZHliM1Z3TVJVd0V3WURWUVFERXd4SlUxSkhJRkp2YjNRZ1dERXdIaGNOTVRVd05qQTBNVEV3TkRNNA0KV2hjTk16VXdOakEwTVRFd05ETTRXakJQTVFzd0NRWURWUVFHRXdKVlV6RXBNQ2NHQTFVRUNoTWdTVzUwWlhKdQ0KWlhRZ1UyVmpkWEpwZEhrZ1VtVnpaV0Z5WTJnZ1IzSnZkWEF4RlRBVEJnTlZCQU1UREVsVFVrY2dVbTl2ZENCWQ0KTVRDQ0FpSXdEUVlKS29aSWh2Y05BUUVCQlFBRGdnSVBBRENDQWdvQ2dnSUJBSzNvSkhQMEZEZnptNTRyVnlnYw0KaDc3Y3Q5ODRrSXh1UE9aWG9IajNkY0tpL3ZWcWJ2WUFUeWpiM21pR2JFU1R0ckZqL1JRU2E3OGYwdW94bXlGKw0KMFRNOHVrajEzWG5mczdqL0V2RWhta3ZCaW9aeGFVcG1abXlQZmp4d3Y2MHBJZ2J6NU1EbWdLN2lTNCszbVg2VQ0KQTUvVFI1ZDhtVWdqVStnNHJrOEtiNE11MFVsWGpJQjB0dG92MERpTmV3TndJUnQxOGpBOCtvK3UzZHBqcStzVw0KVDhLT0VVdCt6d3ZvLzdWM0x2U3llMHJnVEJJbERIQ05BeW1nNFZNazdCUFo3aG0vRUxOS2pEK0pvMkZSM3F5SA0KQjVUMFkzSHNMdUp2VzVpQjRZbGNOSGxzZHU4N2tHSjU1dHVrbWk4bXhkQVE0UTdlMlJDT0Z2dTM5NmozeCtVQw0KQjVpUE5naVY1K0kzbGcwMmRaNzdEbkt4SFp1OEEvbEpCZGlCM1FXMEt0WkI2YXdCZHBVS0Q5amYxYjBTSHpVdg0KS0JkczBwakJxQWxrZDI1SE43ck9yRmxlYUoxL2N0YUp4UVpCS1Q1WlB0MG05U1RKRWFkYW8weEFIMGFobWJXbg0KT2xGdWhqdWVmWEtuRWdWNFdlMCtVWGdWQ3dPUGpkQXZCYkkrZTBvY1MzTUZFdnpHNnVCUUUzeERrM1N6eW5Ubg0Kamg4QkNOQXcxRnR4TnJRSHVzRXdNRnhJdDRJN21LWjlZSXFpb3ltQ3pMcTlnd1Fib29NRFFhSFdCZkVid3Jidw0KcUh5R08wYW9TQ3FJM0hhYWRyOGZhcVU5R1kvck9QTmszc2dyRFFvby8vZmI0aFZDMUNMUUoxM2hlZjRZNTNDSQ0KclU3bTJZczZ4dDBuVVc3L3ZHVDFNME5QQWdNQkFBR2pRakJBTUE0R0ExVWREd0VCL3dRRUF3SUJCakFQQmdOVg0KSFJNQkFmOEVCVEFEQVFIL01CMEdBMVVkRGdRV0JCUjV0Rm5tZTdibDVBRnpnQWlJeUJwWTl1bWJiakFOQmdrcQ0KaGtpRzl3MEJBUXNGQUFPQ0FnRUFWUjlZcWJ5eXFGRFFETEhZR21rZ0p5a0lyR0YxWElwdStJTGxhUy9WOWxaTA0KdWJoekVGblRJWmQrNTB4eCs3TFNZSzA1cUF2cUZ5RldoZkZRRGxucnp1Qlo2YnJKRmUrR25ZK0VnUGJrNlpHUQ0KM0JlYllodEY4R2FWMG54dnd1bzc3eC9QeTlhdUovR3BzTWl1L1gxK212b2lCT3YvMlgvcWtTc2lzUmNPai9LSw0KTkZ0WTJQd0J5VlM1dUNiTWlvZ3ppVXd0aER5QzMrNldWd1c2TEx2M3hMZkhUanVDdmpISUluTnprdEhDZ0tRNQ0KT1JBekk0Sk1QSitHc2xXWUhiNHBob3dpbTU3aWF6dFhPb0p3VGR3Sng0bkxDZ2ROYk9oZGpzbnZ6cXZIdTdVcg0KVGtYV1N0QW16T1Z5eWdocXBaWGpGYUgzcE8zSkxGK2wrLytzS0FJdXZ0ZDd1K054ZTVBVzB3ZGVSbE44TndkQw0Kak5QRWxwelZtYlVxNEpVYWdFaXVURGtIenN4SHBGS1ZLN3E0KzYzU00xTjk1UjFOYmRXaHNjZENiK1pBSnpWYw0Kb3lpM0I0M25qVE9RNXlPZisxQ2NlV3hHMWJRVnM1WnVmcHNNbGpxNFVpMC8xbHZoK3dqQ2hQNGtxS09KMnF4cQ0KNFJncXNhaERZVnZUSDl3N2pYYnlMZWlOZGQ4WE0ydzlVL3Q3eTBGZi85eWkwR0U0NFphNHJGMkxOOWQxMVRQQQ0KbVJHdW5VSEJjbldFdmdKQlFsOW5KRWlVMFpzbnZnYy91YmhQZ1hSUjRYcTM3WjBqNHI3ZzFTZ0VFend4QTU3ZA0KZW15UHhnY1l4bi9lUjQ0L0tKNEVCcytsVkRSM3ZleUptK2tYUTk5YjIxLytqaDVYb3MxQW5YNWlJdHJlR0NjPQ0KLS0tLS1FTkQgQ0VSVElGSUNBVEUtLS0tLQ0KDQo8L2NhPg0KDQoNCiMjIyMjIyMjIyMjIyMjIyMjIyMjIyMjIyMjIyMjIyMjIyMjIyMjIyMjIyMjIyMjIyMjIyMjIyMjIyMjIyMjIyMjIyMjIyMjIyMjIyMjIyMNCiMgVGhlIGNsaWVudCBjZXJ0aWZpY2F0ZSBmaWxlIChkdW1teSkuDQojIA0KIyBJbiBzb21lIGltcGxlbWVudGF0aW9ucyBvZiBPcGVuVlBOIENsaWVudCBzb2Z0d2FyZQ0KIyAoZm9yIGV4YW1wbGU6IE9wZW5WUE4gQ2xpZW50IGZvciBpT1MpLA0KIyBhIHBhaXIgb2YgY2xpZW50IGNlcnRpZmljYXRlIGFuZCBwcml2YXRlIGtleSBtdXN0IGJlIGluY2x1ZGVkIG9uIHRoZQ0KIyBjb25maWd1cmF0aW9uIGZpbGUgZHVlIHRvIHRoZSBsaW1pdGF0aW9uIG9mIHRoZSBjbGllbnQuDQojIFNvIHRoaXMgc2FtcGxlIGNvbmZpZ3VyYXRpb24gZmlsZSBoYXMgYSBkdW1teSBwYWlyIG9mIGNsaWVudCBjZXJ0aWZpY2F0ZQ0KIyBhbmQgcHJpdmF0ZSBrZXkgYXMgZm9sbG93cy4NCg0KPGNlcnQ+DQotLS0tLUJFR0lOIENFUlRJRklDQVRFLS0tLS0NCk1JSUN4akNDQWE0Q0FRQXdEUVlKS29aSWh2Y05BUUVGQlFBd0tURWFNQmdHQTFVRUF4TVJWbEJPUjJGMFpVTnMNCmFXVnVkRU5sY25ReEN6QUpCZ05WQkFZVEFrcFFNQjRYRFRFek1ESXhNVEF6TkRrME9Wb1hEVE0zTURFeE9UQXoNCk1UUXdOMW93S1RFYU1CZ0dBMVVFQXhNUlZsQk9SMkYwWlVOc2FXVnVkRU5sY25ReEN6QUpCZ05WQkFZVEFrcFENCk1JSUJJakFOQmdrcWhraUc5dzBCQVFFRkFBT0NBUThBTUlJQkNnS0NBUUVBNWgybGdRUVlVandvS1lKYnpWWkENCjVWY0lHZDVvdFBjL3FaUk10MEtJdENGQTBzOVJ3UmVOVmE5ZkRSRkxSQmhjSVRPbHYzRkJjVzNFOGgxVXM3UkQNCjRXOEdtSmU4emFwSm5Mc0QzOU9TTVJDelpKbmN6VzRPQ0gxUFpSWldLcUR0amxOY2E5QUY4YTY1alRtbER4Q1ENCkNqbnRMSVdrNU9MTFZrRnQ5L3RTY2MxR0R0Y2k1NW9maGFOQVlNUGlIN1Y4KzFnNjZwR0hYQW9XSzZBUVZINjcNClhDS0puR0I1bmxRK0hzTVlQVi9PNDlMZDkxWk4vMnRIa2NhTEx5TnR5d3hWUFJTc1JoNDgwamp1MGZjQ3N2NmgNCnAvMHlYblRCLy9tV3V0QkdwZFVsSWJ3aUlUYkFtcnNiWW5qaWdSdm5QcVgxUk5KVWJpOUZwNkMyYy9ISUZKR0QNCnl3SURBUUFCTUEwR0NTcUdTSWIzRFFFQkJRVUFBNElCQVFDaE81aGdjdy80b1dmb0VGTHU5a0JhMUIvL2t4SDgNCmhRa0NoVk5uOEJSQzdZMFVSUWl0UGwzREtFZWQ5VVJCRGRnMktPQXo3N2JiNkVOUGlsaUQrYTM4VUpISVJNcWUNClVCSGhsbE9ISXp2RGhIRmJhb3ZBTEJRY2VlQnpka1F4c0tRRVNLbVFtUjgzMjk1MFVDb3ZveVJCNjFVeUFWN2gNCittWmhZUEdSS1hLU0pJNnMwRWdnL0NyaStDd2s0YmpKZnJiNWhWc2UxMXloNEQ5TUhod1NmQ09IKzB6NGhQVVQNCkZrdTdkR2F2VVJPNVNWeE1uL3NMNkVuNUQrb1NlWGthZEhwRHMrQWlyeW0yWUhoMTVoMCtqUFNPb1I2eWlWcC8NCjZ6WmVaa3JONDNrdVM3M0twS0RGamZGUGg4dDRyMWdPSWp0dGtOY1FxQmNjdXNucGxRN0hKcHNrDQotLS0tLUVORCBDRVJUSUZJQ0FURS0tLS0tDQoNCjwvY2VydD4NCg0KPGtleT4NCi0tLS0tQkVHSU4gUlNBIFBSSVZBVEUgS0VZLS0tLS0NCk1JSUVwQUlCQUFLQ0FRRUE1aDJsZ1FRWVVqd29LWUpielZaQTVWY0lHZDVvdFBjL3FaUk10MEtJdENGQTBzOVINCndSZU5WYTlmRFJGTFJCaGNJVE9sdjNGQmNXM0U4aDFVczdSRDRXOEdtSmU4emFwSm5Mc0QzOU9TTVJDelpKbmMNCnpXNE9DSDFQWlJaV0txRHRqbE5jYTlBRjhhNjVqVG1sRHhDUUNqbnRMSVdrNU9MTFZrRnQ5L3RTY2MxR0R0Y2kNCjU1b2ZoYU5BWU1QaUg3VjgrMWc2NnBHSFhBb1dLNkFRVkg2N1hDS0puR0I1bmxRK0hzTVlQVi9PNDlMZDkxWk4NCi8ydEhrY2FMTHlOdHl3eFZQUlNzUmg0ODBqanUwZmNDc3Y2aHAvMHlYblRCLy9tV3V0QkdwZFVsSWJ3aUlUYkENCm1yc2JZbmppZ1J2blBxWDFSTkpVYmk5RnA2QzJjL0hJRkpHRHl3SURBUUFCQW9JQkFFUlY3WDVBdnhBOHVSaUsNCms4U0lwc0QwZFgxcEpPTUl3YWtVVnl2YzRFZk4wRGhLUk5iNHJZb1NpRUdUTHl6THB5QmMvQTI4RGxrbTVlT1kNCmZqelhmWWtHdFlpL0Z0eGtnM085dmNyTVE0KzZpK3VHSGFJTDJyTCtzNE1yZk84djF4djYrV2t5MzNFRUdDb3UNClFpd1ZHUkZRWG5Sb1E2Mk5CQ0ZiVU5MaG1Yd2RqMWFrWnpMVTRwNVI0ekEzUWhkeHdFSWF0Vkx0MCs3b3dMUTMNCmxQOHNmWGhwcFBPWGpUcU1ENFFrWXd6UEFhOC96RjdhY240a3J5clVQN1E2UEFmZDB6RVZxTnk5WkNaOWZmaG8NCnpYZWRGajQ4NklGb2M1Z25UcDJONmpzblZqNExDR0lobFZIbFlHb3pLS0ZxSmNRVkdzSENxcTFvejJ6alc2TFMNCm9SWUlIZ0VDZ1lFQTh6WnJrQ3dOWVNYSnVPREozbS9oT0xWeGN4Z0p1d1hvaUVyV2QwRTQydlBhbmpqVk1obnQNCktZNWw4cUdNSjZGaEs5TFl4MnFDcmYvRTBYdFVBWjJ3VnEzT1JUeUduc01XcmU5dExZczU1WCtaTjEwVGM3NXoNCjRoYWNiVTBocUtOMUhpRG1zTVJZMy8yTmFaSG95N01LbndKSkJhRzQ4bDlDQ1RsVndNSG9jSUVDZ1lFQThqYnkNCmRHanhUSCs2WEhXTml6YjVTUmJaeEFueUVlSmVSd1RNaDBnR3p3R1BwSC9zWllHenl1MFN5U1hXQ25aaDNSZ3ENCjV1TGxOeHRyWHJsalpseWkyblFkUWdzcTJZcldVczAremdVKzIydVFzWnBTQWZ0bWhWcnR2ZXQ2TWpWamJCeVkNCkRBRGNpRVZVZEpZSVhrK3FuRlVKeWVyb0xJa1RqN1dZS1o2Umprc0NnWUJvQ0ZJd1JEZWc0Mm9LODlSRm1uT3INCkx5bU5BcTQrMm9NaHNXbFZiNGVqV0lXZUFrOW5jK0dYVWZyWHN6UmhTMDFtVW5VNXI1eWdVdlJjYXJWL1QzVTcNClRuTVorSTdZNERnV1JJRGQ1MXpuaHhJQnRZVjVqL0MvdDg1SGpxT2tIKzhiNlJUa2JjaGFYM21hdTdmcFVmZHMNCkZxMG5oSXE0MmZoRU84c3JmWVl3Z1FLQmdRQ3loaTFOLzh0YVJ3cGsrMy9JREV6UXdqYmZkelVrV1dTRGs5WHMNCkgvcGt1UkhXZlRNUDNmbFdxRVlnVy9MVzQwcGVXMkhEcTVpbWRWOCtBZ1p4ZS9YTWJhamk5TGd3ZjFSWTAwNW4NCkt4YVpRejd5cUh1cFdsTEdGNjhEUEh4a1pWVlNhZ0RuVi9zenRXWDZTRnNDcUZWbnhJWGlmWEdDNGNXNU5tOWcNCnZhOHE0UUtCZ1FDRWhMVmVVZmR3S3ZrWjk0Zy9HRno3MzFaMmhyZFZoZ01aYVUvdTZ0MFY5NStZZXpQTkNRWkINCndtRTlNbWxicTFlbURlUk9pdmpDZm9HaFIza1pYVzFwVEtsTGg2Wk1VUVVPcHB0ZFh2YThYeGZvcVF3YTNlbkENCk03bXVCYkYwWE43Vk84MGlKUHYrUG1JWmRFSUFrcHdLZmkyMDFZQitCYWZDSXVHeElGNTBWZz09DQotLS0tLUVORCBSU0EgUFJJVkFURSBLRVktLS0tLQ0KDQo8L2tleT4NCg0K
vpn145652178,125.192.26.194,618842,3,398999667,Japan,JP,3,0,1112,44350645585,2weeks,池神's owner,,IyMjIyMjIyMjIyMjIyMjIyMjIyMjIyMjIyMjIyMjIyMjIyMjIyMjIyMjIyMjIyMjIyMjIyMjIyMjIyMjIyMjIyMjIyMjIyMjIyMjIyMjIw0KIyBPcGVuVlBOIDIuMCBTYW1wbGUgQ29uZmlndXJhdGlvbiBGaWxlDQojIGZvciBQYWNrZXRpWCBWUE4gLyBTb2Z0RXRoZXIgVlBOIFNlcnZlcg0KIyANCiMgISEhIEFVVE8tR0VORVJBVEVEIEJZIFNPRlRFVEhFUiBWUE4gU0VSVkVSIE1BTkFHRU1FTlQgVE9PTCAhISENCiMgDQojICEhISBZT1UgSEFWRSBUTyBSRVZJRVcgSVQgQkVGT1JFIFVTRSBBTkQgTU9ESUZZIElUIEFTIE5FQ0VTU0FSWSAhISENCiMgDQojIFRoaXMgY29uZmlndXJhdGlvbiBmaWxlIGlzIGF1dG8tZ2VuZXJhdGVkLiBZb3UgbWlnaHQgdXNlIHRoaXMgY29uZmlnIGZpbGUNCiMgaW4gb3JkZXIgdG8gY29ubmVjdCB0byB0aGUgUGFja2V0aVggVlBOIC8gU29mdEV0aGVyIFZQTiBTZXJ2ZXIuDQojIEhvd2V2ZXIsIGJlZm9yZSB5b3UgdHJ5IGl0LCB5b3Ugc2hvdWxkIHJldmlldyB0aGUgZGVzY3JpcHRpb25zIG9mIHRoZSBmaWxlDQojIHRvIGRldGVybWluZSB0aGUgbmVjZXNzaXR5IHRvIG1vZGlmeSB0byBzdWl0YWJsZSBmb3IgeW91ciByZWFsIGVudmlyb25tZW50Lg0KIyBJZiBuZWNlc3NhcnksIHlvdSBoYXZlIHRvIG1vZGlmeSBhIGxpdHRsZSBhZGVxdWF0ZWx5IG9uIHRoZSBmaWxlLg0KIyBGb3IgZXhhbXBsZSwgdGhlIElQIGFkZHJlc3Mgb3IgdGhlIGhvc3RuYW1lIGFzIGEgZGVzdGluYXRpb24gVlBOIFNlcnZlcg0KIyBzaG91bGQgYmUgY29uZmlybWVkLg0KIyANCiMgTm90ZSB0aGF0IHRvIHVzZSBPcGVuVlBOIDIuMCwgeW91IGhhdmUgdG8gcHV0IHRoZSBjZXJ0aWZpY2F0aW9uIGZpbGUgb2YNCiMgdGhlIGRlc3RpbmF0aW9uIFZQTiBTZXJ2ZXIgb24gdGhlIE9wZW5WUE4gQ2xpZW50IGNvbXB1dGVyIHdoZW4geW91IHVzZSB0aGlzDQojIGNvbmZpZyBmaWxlLiBQbGVhc2UgcmVmZXIgdGhlIGJlbG93IGRlc2NyaXB0aW9ucyBjYXJlZnVsbHkuDQoNCg0KIyMjIyMjIyMjIyMjIyMjIyMjIyMjIyMjIyMjIyMjIyMjIyMjIyMjIyMjIyMjIyMjIyMjIyMjIyMjIyMjIyMjIyMjIyMjIyMjIyMjIyMjIw0KIyBTcGVjaWZ5IHRoZSB0eXBlIG9mIHRoZSBsYXllciBvZiB0aGUgVlBOIGNvbm5lY3Rpb24uDQojIA0KIyBUbyBjb25uZWN0IHRvIHRoZSBWUE4gU2VydmVyIGFzIGEgIlJlbW90ZS1BY2Nlc3MgVlBOIENsaWVudCBQQyIsDQojICBzcGVjaWZ5ICdkZXYgdHVuJy4gKExheWVyLTMgSVAgUm91dGluZyBNb2RlKQ0KIw0KIyBUbyBjb25uZWN0IHRvIHRoZSBWUE4gU2VydmVyIGFzIGEgYnJpZGdpbmcgZXF1aXBtZW50IG9mICJTaXRlLXRvLVNpdGUgVlBOIiwNCiMgIHNwZWNpZnkgJ2RldiB0YXAnLiAoTGF5ZXItMiBFdGhlcm5ldCBCcmlkZ2luZSBNb2RlKQ0KDQpkZXYgdHVuDQoNCg0KIyMjIyMjIyMjIyMjIyMjIyMjIyMjIyMjIyMjIyMjIyMjIyMjIyMjIyMjIyMjIyMjIyMjIyMjIyMjIyMjIyMjIyMjIyMjIyMjIyMjIyMjIw0KIyBTcGVjaWZ5IHRoZSB1bmRlcmx5aW5nIHByb3RvY29sIGJleW9uZCB0aGUgSW50ZXJuZXQuDQojIE5vdGUgdGhhdCB0aGlzIHNldHRpbmcgbXVzdCBiZSBjb3JyZXNwb25kIHdpdGggdGhlIGxpc3RlbmluZyBzZXR0aW5nIG9uDQojIHRoZSBWUE4gU2VydmVyLg0KIyANCiMgU3BlY2lmeSBlaXRoZXIgJ3Byb3RvIHRjcCcgb3IgJ3Byb3RvIHVkcCcuDQoNCnByb3RvIHRjcA0KDQoNCiMjIyMjIyMjIyMjIyMjIyMjIyMjIyMjIyMjIyMjIyMjIyMjIyMjIyMjIyMjIyMjIyMjIyMjIyMjIyMjIyMjIyMjIyMjIyMjIyMjIyMjIyMNCiMgVGhlIGRlc3RpbmF0aW9uIGhvc3RuYW1lIC8gSVAgYWRkcmVzcywgYW5kIHBvcnQgbnVtYmVyIG9mDQojIHRoZSB0YXJnZXQgVlBOIFNlcnZlci4NCiMgDQojIFlvdSBoYXZlIHRvIHNwZWNpZnkgYXMgJ3JlbW90ZSA8SE9TVE5BTUU+IDxQT1JUPicuIFlvdSBjYW4gYWxzbw0KIyBzcGVjaWZ5IHRoZSBJUCBhZGRyZXNzIGluc3RlYWQgb2YgdGhlIGhvc3RuYW1lLg0KIyANCiMgTm90ZSB0aGF0IHRoZSBhdXRvLWdlbmVyYXRlZCBiZWxvdyBob3N0bmFtZSBhcmUgYSAiYXV0by1kZXRlY3RlZA0KIyBJUCBhZGRyZXNzIiBvZiB0aGUgVlBOIFNlcnZlci4gWW91IGhhdmUgdG8gY29uZmlybSB0aGUgY29ycmVjdG5lc3MNCiMgYmVmb3JlaGFuZC4NCiMgDQojIFdoZW4geW91IHdhbnQgdG8gY29ubmVjdCB0byB0aGUgVlBOIFNlcnZlciBieSB1c2luZyBUQ1AgcHJvdG9jb2wsDQojIHRoZSBwb3J0IG51bWJlciBvZiB0aGUgZGVzdGluYXRpb24gVENQIHBvcnQgc2hvdWxkIGJlIHNhbWUgYXMgb25lIG9mDQojIHRoZSBhdmFpbGFibGUgVENQIGxpc3RlbmVycyBvbiB0aGUgVlBOIFNlcnZlci4NCiMgDQojIFdoZW4geW91IHVzZSBVRFAgcHJvdG9jb2wsIHRoZSBwb3J0IG51bWJlciBtdXN0IHNhbWUgYXMgdGhlIGNvbmZpZ3VyYXRpb24NCiMgc2V0dGluZyBvZiAiT3BlblZQTiBTZXJ2ZXIgQ29tcGF0aWJsZSBGdW5jdGlvbiIgb24gdGhlIFZQTiBTZXJ2ZXIuDQoNCnJlbW90ZSAxMjUuMTkyLjI2LjE5NCAxMjk2DQoNCg0KIyMjIyMjIyMjIyMjIyMjIyMjIyMjIyMjIyMjIyMjIyMjIyMjIyMjIyMjIyMjIyMjIyMjIyMjIyMjIyMjIyMjIyMjIyMjIyMjIyMjIyMjIw0KIyBUaGUgSFRUUC9IVFRQUyBwcm94eSBzZXR0aW5nLg0KIyANCiMgT25seSBpZiB5b3UgaGF2ZSB0byB1c2UgdGhlIEludGVybmV0IHZpYSBhIHByb3h5LCB1bmNvbW1lbnQgdGhlIGJlbG93DQojIHR3byBsaW5lcyBhbmQgc3BlY2lmeSB0aGUgcHJveHkgYWRkcmVzcyBhbmQgdGhlIHBvcnQgbnVtYmVyLg0KIyBJbiB0aGUgY2FzZSBvZiB1c2luZyBwcm94eS1hdXRoZW50aWNhdGlvbiwgcmVmZXIgdGhlIE9wZW5WUE4gbWFudWFsLg0KDQo7aHR0cC1wcm94eS1yZXRyeQ0KO2h0dHAtcHJveHkgW3Byb3h5IHNlcnZlcl0gW3Byb3h5IHBvcnRdDQoNCg0KIyMjIyMjIyMjIyMjIyMjIyMjIyMjIyMjIyMjIyMjIyMjIyMjIyMjIyMjIyMjIyMjIyMjIyMjIyMjIyMjIyMjIyMjIyMjIyMjIyMjIyMjIw0KIyBUaGUgZW5jcnlwdGlvbiBhbmQgYXV0aGVudGljYXRpb24gYWxnb3JpdGhtLg0KIyANCiMgRGVmYXVsdCBzZXR0aW5nIGlzIGdvb2QuIE1vZGlmeSBpdCBhcyB5b3UgcHJlZmVyLg0KIyBXaGVuIHlvdSBzcGVjaWZ5IGFuIHVuc3VwcG9ydGVkIGFsZ29yaXRobSwgdGhlIGVycm9yIHdpbGwgb2NjdXIuDQojIA0KIyBUaGUgc3VwcG9ydGVkIGFsZ29yaXRobXMgYXJlIGFzIGZvbGxvd3M6DQojICBjaXBoZXI6IFtOVUxMLUNJUEhFUl0gTlVMTCBBRVMtMTI4LUNCQyBBRVMtMTkyLUNCQyBBRVMtMjU2LUNCQyBCRi1DQkMNCiMgICAgICAgICAgQ0FTVC1DQkMgQ0FTVDUtQ0JDIERFUy1DQkMgREVTLUVERS1DQkMgREVTLUVERTMtQ0JDIERFU1gtQ0JDDQojICAgICAgICAgIFJDMi00MC1DQkMgUkMyLTY0LUNCQyBSQzItQ0JDDQojICBhdXRoOiAgIFNIQSBTSEExIE1ENSBNRDQgUk1EMTYwDQoNCmNpcGhlciBBRVMtMTI4LUNCQw0KYXV0aCBTSEExDQoNCg0KIyMjIyMjIyMjIyMjIyMjIyMjIyMjIyMjIyMjIyMjIyMjIyMjIyMjIyMjIyMjIyMjIyMjIyMjIyMjIyMjIyMjIyMjIyMjIyMjIyMjIyMjIw0KIyBPdGhlciBwYXJhbWV0ZXJzIG5lY2Vzc2FyeSB0byBjb25uZWN0IHRvIHRoZSBWUE4gU2VydmVyLg0KIyANCiMgSXQgaXMgbm90IHJlY29tbWVuZGVkIHRvIG1vZGlmeSBpdCB1bmxlc3MgeW91IGhhdmUgYSBwYXJ0aWN1bGFyIG5lZWQuDQoNCnJlc29sdi1yZXRyeSBpbmZpbml0ZQ0Kbm9iaW5kDQpwZXJzaXN0LWtleQ0KcGVyc2lzdC10dW4NCmNsaWVudA0KdmVyYiAzDQojYXV0aC11c2VyLXBhc3MNCg0KDQojIyMjIyMjIyMjIyMjIyMjIyMjIyMjIyMjIyMjIyMjIyMjIyMjIyMjIyMjIyMjIyMjIyMjIyMjIyMjIyMjIyMjIyMjIyMjIyMjIyMjIyMjDQojIFRoZSBjZXJ0aWZpY2F0ZSBmaWxlIG9mIHRoZSBkZXN0aW5hdGlvbiBWUE4gU2VydmVyLg0KIyANCiMgVGhlIENBIGNlcnRpZmljYXRlIGZpbGUgaXMgZW1iZWRkZWQgaW4gdGhlIGlubGluZSBmb3JtYXQuDQojIFlvdSBjYW4gcmVwbGFjZSB0aGlzIENBIGNvbnRlbnRzIGlmIG5lY2Vzc2FyeS4NCiMgUGxlYXNlIG5vdGUgdGhhdCBpZiB0aGUgc2VydmVyIGNlcnRpZmljYXRlIGlzIG5vdCBhIHNlbGYtc2lnbmVkLCB5b3UgaGF2ZSB0bw0KIyBzcGVjaWZ5IHRoZSBzaWduZXIncyByb290IGNlcnRpZmljYXRlIChDQSkgaGVyZS4NCg0KPGNhPg0KLS0tLS1CRUdJTiBDRVJUSUZJQ0FURS0tLS0tDQpNSUlGYXpDQ0ExT2dBd0lCQWdJUkFJSVF6N0RTUU9OWlJHUGd1Mk9DaXdBd0RRWUpLb1pJaHZjTkFRRUxCUUF3DQpUekVMTUFrR0ExVUVCaE1DVlZNeEtUQW5CZ05WQkFvVElFbHVkR1Z5Ym1WMElGTmxZM1Z5YVhSNUlGSmxjMlZoDQpjbU5vSUVkeWIzVndNUlV3RXdZRFZRUURFd3hKVTFKSElGSnZiM1FnV0RFd0hoY05NVFV3TmpBME1URXdORE00DQpXaGNOTXpVd05qQTBNVEV3TkRNNFdqQlBNUXN3Q1FZRFZRUUdFd0pWVXpFcE1DY0dBMVVFQ2hNZ1NXNTBaWEp1DQpaWFFnVTJWamRYSnBkSGtnVW1WelpXRnlZMmdnUjNKdmRYQXhGVEFUQmdOVkJBTVRERWxUVWtjZ1VtOXZkQ0JZDQpNVENDQWlJd0RRWUpLb1pJaHZjTkFRRUJCUUFEZ2dJUEFEQ0NBZ29DZ2dJQkFLM29KSFAwRkRmem01NHJWeWdjDQpoNzdjdDk4NGtJeHVQT1pYb0hqM2RjS2kvdlZxYnZZQVR5amIzbWlHYkVTVHRyRmovUlFTYTc4ZjB1b3hteUYrDQowVE04dWtqMTNYbmZzN2ovRXZFaG1rdkJpb1p4YVVwbVpteVBmanh3djYwcElnYno1TURtZ0s3aVM0KzNtWDZVDQpBNS9UUjVkOG1VZ2pVK2c0cms4S2I0TXUwVWxYaklCMHR0b3YwRGlOZXdOd0lSdDE4akE4K28rdTNkcGpxK3NXDQpUOEtPRVV0K3p3dm8vN1YzTHZTeWUwcmdUQklsREhDTkF5bWc0Vk1rN0JQWjdobS9FTE5LakQrSm8yRlIzcXlIDQpCNVQwWTNIc0x1SnZXNWlCNFlsY05IbHNkdTg3a0dKNTV0dWttaThteGRBUTRRN2UyUkNPRnZ1Mzk2ajN4K1VDDQpCNWlQTmdpVjUrSTNsZzAyZFo3N0RuS3hIWnU4QS9sSkJkaUIzUVcwS3RaQjZhd0JkcFVLRDlqZjFiMFNIelV2DQpLQmRzMHBqQnFBbGtkMjVITjdyT3JGbGVhSjEvY3RhSnhRWkJLVDVaUHQwbTlTVEpFYWRhbzB4QUgwYWhtYlduDQpPbEZ1aGp1ZWZYS25FZ1Y0V2UwK1VYZ1ZDd09QamRBdkJiSStlMG9jUzNNRkV2ekc2dUJRRTN4RGszU3p5blRuDQpqaDhCQ05BdzFGdHhOclFIdXNFd01GeEl0NEk3bUtaOVlJcWlveW1DekxxOWd3UWJvb01EUWFIV0JmRWJ3cmJ3DQpxSHlHTzBhb1NDcUkzSGFhZHI4ZmFxVTlHWS9yT1BOazNzZ3JEUW9vLy9mYjRoVkMxQ0xRSjEzaGVmNFk1M0NJDQpyVTdtMllzNnh0MG5VVzcvdkdUMU0wTlBBZ01CQUFHalFqQkFNQTRHQTFVZER3RUIvd1FFQXdJQkJqQVBCZ05WDQpIUk1CQWY4RUJUQURBUUgvTUIwR0ExVWREZ1FXQkJSNXRGbm1lN2JsNUFGemdBaUl5QnBZOXVtYmJqQU5CZ2txDQpoa2lHOXcwQkFRc0ZBQU9DQWdFQVZSOVlxYnl5cUZEUURMSFlHbWtnSnlrSXJHRjFYSXB1K0lMbGFTL1Y5bFpMDQp1Ymh6RUZuVElaZCs1MHh4KzdMU1lLMDVxQXZxRnlGV2hmRlFEbG5yenVCWjZickpGZStHblkrRWdQYms2WkdRDQozQmViWWh0RjhHYVYwbnh2d3VvNzd4L1B5OWF1Si9HcHNNaXUvWDErbXZvaUJPdi8yWC9xa1NzaXNSY09qL0tLDQpORnRZMlB3QnlWUzV1Q2JNaW9nemlVd3RoRHlDMys2V1Z3VzZMTHYzeExmSFRqdUN2akhJSW5Oemt0SENnS1E1DQpPUkF6STRKTVBKK0dzbFdZSGI0cGhvd2ltNTdpYXp0WE9vSndUZHdKeDRuTENnZE5iT2hkanNudnpxdkh1N1VyDQpUa1hXU3RBbXpPVnl5Z2hxcFpYakZhSDNwTzNKTEYrbCsvK3NLQUl1dnRkN3UrTnhlNUFXMHdkZVJsTjhOd2RDDQpqTlBFbHB6Vm1iVXE0SlVhZ0VpdVREa0h6c3hIcEZLVks3cTQrNjNTTTFOOTVSMU5iZFdoc2NkQ2IrWkFKelZjDQpveWkzQjQzbmpUT1E1eU9mKzFDY2VXeEcxYlFWczVadWZwc01sanE0VWkwLzFsdmgrd2pDaFA0a3FLT0oycXhxDQo0Umdxc2FoRFlWdlRIOXc3alhieUxlaU5kZDhYTTJ3OVUvdDd5MEZmLzl5aTBHRTQ0WmE0ckYyTE45ZDExVFBBDQptUkd1blVIQmNuV0V2Z0pCUWw5bkpFaVUwWnNudmdjL3ViaFBnWFJSNFhxMzdaMGo0cjdnMVNnRUV6d3hBNTdkDQplbXlQeGdjWXhuL2VSNDQvS0o0RUJzK2xWRFIzdmV5Sm0ra1hROTliMjEvK2poNVhvczFBblg1aUl0cmVHQ2M9DQotLS0tLUVORCBDRVJUSUZJQ0FURS0tLS0tDQoNCjwvY2E+DQoNCg0KIyMjIyMjIyMjIyMjIyMjIyMjIyMjIyMjIyMjIyMjIyMjIyMjIyMjIyMjIyMjIyMjIyMjIyMjIyMjIyMjIyMjIyMjIyMjIyMjIyMjIyMjIw0KIyBUaGUgY2xpZW50IGNlcnRpZmljYXRlIGZpbGUgKGR1bW15KS4NCiMgDQojIEluIHNvbWUgaW1wbGVtZW50YXRpb25zIG9mIE9wZW5WUE4gQ2xpZW50IHNvZnR3YXJlDQojIChmb3IgZXhhbXBsZTogT3BlblZQTiBDbGllbnQgZm9yIGlPUyksDQojIGEgcGFpciBvZiBjbGllbnQgY2VydGlmaWNhdGUgYW5kIHByaXZhdGUga2V5IG11c3QgYmUgaW5jbHVkZWQgb24gdGhlDQojIGNvbmZpZ3VyYXRpb24gZmlsZSBkdWUgdG8gdGhlIGxpbWl0YXRpb24gb2YgdGhlIGNsaWVudC4NCiMgU28gdGhpcyBzYW1wbGUgY29uZmlndXJhdGlvbiBmaWxlIGhhcyBhIGR1bW15IHBhaXIgb2YgY2xpZW50IGNlcnRpZmljYXRlDQojIGFuZCBwcml2YXRlIGtleSBhcyBmb2xsb3dzLg0KDQo8Y2VydD4NCi0tLS0tQkVHSU4gQ0VSVElGSUNBVEUtLS0tLQ0KTUlJQ3hqQ0NBYTRDQVFBd0RRWUpLb1pJaHZjTkFRRUZCUUF3S1RFYU1CZ0dBMVVFQXhNUlZsQk9SMkYwWlVOcw0KYVdWdWRFTmxjblF4Q3pBSkJnTlZCQVlUQWtwUU1CNFhEVEV6TURJeE1UQXpORGswT1ZvWERUTTNNREV4T1RBeg0KTVRRd04xb3dLVEVhTUJnR0ExVUVBeE1SVmxCT1IyRjBaVU5zYVdWdWRFTmxjblF4Q3pBSkJnTlZCQVlUQWtwUQ0KTUlJQklqQU5CZ2txaGtpRzl3MEJBUUVGQUFPQ0FROEFNSUlCQ2dLQ0FRRUE1aDJsZ1FRWVVqd29LWUpielZaQQ0KNVZjSUdkNW90UGMvcVpSTXQwS0l0Q0ZBMHM5UndSZU5WYTlmRFJGTFJCaGNJVE9sdjNGQmNXM0U4aDFVczdSRA0KNFc4R21KZTh6YXBKbkxzRDM5T1NNUkN6WkpuY3pXNE9DSDFQWlJaV0txRHRqbE5jYTlBRjhhNjVqVG1sRHhDUQ0KQ2pudExJV2s1T0xMVmtGdDkvdFNjYzFHRHRjaTU1b2ZoYU5BWU1QaUg3VjgrMWc2NnBHSFhBb1dLNkFRVkg2Nw0KWENLSm5HQjVubFErSHNNWVBWL080OUxkOTFaTi8ydEhrY2FMTHlOdHl3eFZQUlNzUmg0ODBqanUwZmNDc3Y2aA0KcC8weVhuVEIvL21XdXRCR3BkVWxJYndpSVRiQW1yc2JZbmppZ1J2blBxWDFSTkpVYmk5RnA2QzJjL0hJRkpHRA0KeXdJREFRQUJNQTBHQ1NxR1NJYjNEUUVCQlFVQUE0SUJBUUNoTzVoZ2N3LzRvV2ZvRUZMdTlrQmExQi8va3hIOA0KaFFrQ2hWTm44QlJDN1kwVVJRaXRQbDNES0VlZDlVUkJEZGcyS09Bejc3YmI2RU5QaWxpRCthMzhVSkhJUk1xZQ0KVUJIaGxsT0hJenZEaEhGYmFvdkFMQlFjZWVCemRrUXhzS1FFU0ttUW1SODMyOTUwVUNvdm95UkI2MVV5QVY3aA0KK21aaFlQR1JLWEtTSkk2czBFZ2cvQ3JpK0N3azRiakpmcmI1aFZzZTExeWg0RDlNSGh3U2ZDT0grMHo0aFBVVA0KRmt1N2RHYXZVUk81U1Z4TW4vc0w2RW41RCtvU2VYa2FkSHBEcytBaXJ5bTJZSGgxNWgwK2pQU09vUjZ5aVZwLw0KNnpaZVprck40M2t1UzczS3BLREZqZkZQaDh0NHIxZ09JanR0a05jUXFCY2N1c25wbFE3SEpwc2sNCi0tLS0tRU5EIENFUlRJRklDQVRFLS0tLS0NCg0KPC9jZXJ0Pg0KDQo8a2V5Pg0KLS0tLS1CRUdJTiBSU0EgUFJJVkFURSBLRVktLS0tLQ0KTUlJRXBBSUJBQUtDQVFFQTVoMmxnUVFZVWp3b0tZSmJ6VlpBNVZjSUdkNW90UGMvcVpSTXQwS0l0Q0ZBMHM5Ug0Kd1JlTlZhOWZEUkZMUkJoY0lUT2x2M0ZCY1czRThoMVVzN1JENFc4R21KZTh6YXBKbkxzRDM5T1NNUkN6WkpuYw0Kelc0T0NIMVBaUlpXS3FEdGpsTmNhOUFGOGE2NWpUbWxEeENRQ2pudExJV2s1T0xMVmtGdDkvdFNjYzFHRHRjaQ0KNTVvZmhhTkFZTVBpSDdWOCsxZzY2cEdIWEFvV0s2QVFWSDY3WENLSm5HQjVubFErSHNNWVBWL080OUxkOTFaTg0KLzJ0SGtjYUxMeU50eXd4VlBSU3NSaDQ4MGpqdTBmY0NzdjZocC8weVhuVEIvL21XdXRCR3BkVWxJYndpSVRiQQ0KbXJzYlluamlnUnZuUHFYMVJOSlViaTlGcDZDMmMvSElGSkdEeXdJREFRQUJBb0lCQUVSVjdYNUF2eEE4dVJpSw0KazhTSXBzRDBkWDFwSk9NSXdha1VWeXZjNEVmTjBEaEtSTmI0cllvU2lFR1RMeXpMcHlCYy9BMjhEbGttNWVPWQ0KZmp6WGZZa0d0WWkvRnR4a2czTzl2Y3JNUTQrNmkrdUdIYUlMMnJMK3M0TXJmTzh2MXh2NitXa3kzM0VFR0NvdQ0KUWl3VkdSRlFYblJvUTYyTkJDRmJVTkxobVh3ZGoxYWtaekxVNHA1UjR6QTNRaGR4d0VJYXRWTHQwKzdvd0xRMw0KbFA4c2ZYaHBwUE9YalRxTUQ0UWtZd3pQQWE4L3pGN2FjbjRrcnlyVVA3UTZQQWZkMHpFVnFOeTlaQ1o5ZmZobw0KelhlZEZqNDg2SUZvYzVnblRwMk42anNuVmo0TENHSWhsVkhsWUdvektLRnFKY1FWR3NIQ3FxMW96MnpqVzZMUw0Kb1JZSUhnRUNnWUVBOHpacmtDd05ZU1hKdU9ESjNtL2hPTFZ4Y3hnSnV3WG9pRXJXZDBFNDJ2UGFuampWTWhudA0KS1k1bDhxR01KNkZoSzlMWXgycUNyZi9FMFh0VUFaMndWcTNPUlR5R25zTVdyZTl0TFlzNTVYK1pOMTBUYzc1eg0KNGhhY2JVMGhxS04xSGlEbXNNUlkzLzJOYVpIb3k3TUtud0pKQmFHNDhsOUNDVGxWd01Ib2NJRUNnWUVBOGpieQ0KZEdqeFRIKzZYSFdOaXpiNVNSYlp4QW55RWVKZVJ3VE1oMGdHendHUHBIL3NaWUd6eXUwU3lTWFdDblpoM1JncQ0KNXVMbE54dHJYcmxqWmx5aTJuUWRRZ3NxMllyV1VzMCt6Z1UrMjJ1UXNacFNBZnRtaFZydHZldDZNalZqYkJ5WQ0KREFEY2lFVlVkSllJWGsrcW5GVUp5ZXJvTElrVGo3V1lLWjZSamtzQ2dZQm9DRkl3UkRlZzQyb0s4OVJGbW5Pcg0KTHltTkFxNCsyb01oc1dsVmI0ZWpXSVdlQWs5bmMrR1hVZnJYc3pSaFMwMW1VblU1cjV5Z1V2UmNhclYvVDNVNw0KVG5NWitJN1k0RGdXUklEZDUxem5oeElCdFlWNWovQy90ODVIanFPa0grOGI2UlRrYmNoYVgzbWF1N2ZwVWZkcw0KRnEwbmhJcTQyZmhFTzhzcmZZWXdnUUtCZ1FDeWhpMU4vOHRhUndwayszL0lERXpRd2piZmR6VWtXV1NEazlYcw0KSC9wa3VSSFdmVE1QM2ZsV3FFWWdXL0xXNDBwZVcySERxNWltZFY4K0FnWnhlL1hNYmFqaTlMZ3dmMVJZMDA1bg0KS3hhWlF6N3lxSHVwV2xMR0Y2OERQSHhrWlZWU2FnRG5WL3N6dFdYNlNGc0NxRlZueElYaWZYR0M0Y1c1Tm05Zw0KdmE4cTRRS0JnUUNFaExWZVVmZHdLdmtaOTRnL0dGejczMVoyaHJkVmhnTVphVS91NnQwVjk1K1llelBOQ1FaQg0Kd21FOU1tbGJxMWVtRGVST2l2akNmb0doUjNrWlhXMXBUS2xMaDZaTVVRVU9wcHRkWHZhOFh4Zm9xUXdhM2VuQQ0KTTdtdUJiRjBYTjdWTzgwaUpQditQbUlaZEVJQWtwd0tmaTIwMVlCK0JhZkNJdUd4SUY1MFZnPT0NCi0tLS0tRU5EIFJTQSBQUklWQVRFIEtFWS0tLS0tDQoNCjwva2V5Pg0KDQo=
vpn480764562,42.150.129.56,614035,32,114911556,Japan,JP,0,46378507,245827,10977045534130,2weeks,DESKTOP-KACN5HM's owner,,IyMjIyMjIyMjIyMjIyMjIyMjIyMjIyMjIyMjIyMjIyMjIyMjIyMjIyMjIyMjIyMjIyMjIyMjIyMjIyMjIyMjIyMjIyMjIyMjIyMjIyMjIw0KIyBPcGVuVlBOIDIuMCBTYW1wbGUgQ29uZmlndXJhdGlvbiBGaWxlDQojIGZvciBQYWNrZXRpWCBWUE4gLyBTb2Z0RXRoZXIgVlBOIFNlcnZlcg0KIyANCiMgISEhIEFVVE8tR0VORVJBVEVEIEJZIFNPRlRFVEhFUiBWUE4gU0VSVkVSIE1BTkFHRU1FTlQgVE9PTCAhISENCiMgDQojICEhISBZT1UgSEFWRSBUTyBSRVZJRVcgSVQgQkVGT1JFIFVTRSBBTkQgTU9ESUZZIElUIEFTIE5FQ0VTU0FSWSAhISENCiMgDQojIFRoaXMgY29uZmlndXJhdGlvbiBmaWxlIGlzIGF1dG8tZ2VuZXJhdGVkLiBZb3UgbWlnaHQgdXNlIHRoaXMgY29uZmlnIGZpbGUNCiMgaW4gb3JkZXIgdG8gY29ubmVjdCB0byB0aGUgUGFja2V0aVggVlBOIC8gU29mdEV0aGVyIFZQTiBTZXJ2ZXIuDQojIEhvd2V2ZXIsIGJlZm9yZSB5b3UgdHJ5IGl0LCB5b3Ugc2hvdWxkIHJldmlldyB0aGUgZGVzY3JpcHRpb25zIG9mIHRoZSBmaWxlDQojIHRvIGRldGVybWluZSB0aGUgbmVjZXNzaXR5IHRvIG1vZGlmeSB0byBzdWl0YWJsZSBmb3IgeW91ciByZWFsIGVudmlyb25tZW50Lg0KIyBJZiBuZWNlc3NhcnksIHlvdSBoYXZlIHRvIG1vZGlmeSBhIGxpdHRsZSBhZGVxdWF0ZWx5IG9uIHRoZSBmaWxlLg0KIyBGb3IgZXhhbXBsZSwgdGhlIElQIGFkZHJlc3Mgb3IgdGhlIGhvc3RuYW1lIGFzIGEgZGVzdGluYXRpb24gVlBOIFNlcnZlcg0KIyBzaG91bGQgYmUgY29uZmlybWVkLg0KIyANCiMgTm90ZSB0aGF0IHRvIHVzZSBPcGVuVlBOIDIuMCwgeW91IGhhdmUgdG8gcHV0IHRoZSBjZXJ0aWZpY2F0aW9uIGZpbGUgb2YNCiMgdGhlIGRlc3RpbmF0aW9uIFZQTiBTZXJ2ZXIgb24gdGhlIE9wZW5WUE4gQ2xpZW50IGNvbXB1dGVyIHdoZW4geW91IHVzZSB0aGlzDQojIGNvbmZpZyBmaWxlLiBQbGVhc2UgcmVmZXIgdGhlIGJlbG93IGRlc2NyaXB0aW9ucyBjYXJlZnVsbHkuDQoNCg0KIyMjIyMjIyMjIyMjIyMjIyMjIyMjIyMjIyMjIyMjIyMjIyMjIyMjIyMjIyMjIyMjIyMjIyMjIyMjIyMjIyMjIyMjIyMjIyMjIyMjIyMjIw0KIyBTcGVjaWZ5IHRoZSB0eXBlIG9mIHRoZSBsYXllciBvZiB0aGUgVlBOIGNvbm5lY3Rpb24uDQojIA0KIyBUbyBjb25uZWN0IHRvIHRoZSBWUE4gU2VydmVyIGFzIGEgIlJlbW90ZS1BY2Nlc3MgVlBOIENsaWVudCBQQyIsDQojICBzcGVjaWZ5ICdkZXYgdHVuJy4gKExheWVyLTMgSVAgUm91dGluZyBNb2RlKQ0KIw0KIyBUbyBjb25uZWN0IHRvIHRoZSBWUE4gU2VydmVyIGFzIGEgYnJpZGdpbmcgZXF1aXBtZW50IG9mICJTaXRlLXRvLVNpdGUgVlBOIiwNCiMgIHNwZWNpZnkgJ2RldiB0YXAnLiAoTGF5ZXItMiBFdGhlcm5ldCBCcmlkZ2luZSBNb2RlKQ0KDQpkZXYgdHVuDQoNCg0KIyMjIyMjIyMjIyMjIyMjIyMjIyMjIyMjIyMjIyMjIyMjIyMjIyMjIyMjIyMjIyMjIyMjIyMjIyMjIyMjIyMjIyMjIyMjIyMjIyMjIyMjIw0KIyBTcGVjaWZ5IHRoZSB1bmRlcmx5aW5nIHByb3RvY29sIGJleW9uZCB0aGUgSW50ZXJuZXQuDQojIE5vdGUgdGhhdCB0aGlzIHNldHRpbmcgbXVzdCBiZSBjb3JyZXNwb25kIHdpdGggdGhlIGxpc3RlbmluZyBzZXR0aW5nIG9uDQojIHRoZSBWUE4gU2VydmVyLg0KIyANCiMgU3BlY2lmeSBlaXRoZXIgJ3Byb3RvIHRjcCcgb3IgJ3Byb3RvIHVkcCcuDQoNCnByb3RvIHRjcA0KDQoNCiMjIyMjIyMjIyMjIyMjIyMjIyMjIyMjIyMjIyMjIyMjIyMjIyMjIyMjIyMjIyMjIyMjIyMjIyMjIyMjIyMjIyMjIyMjIyMjIyMjIyMjIyMNCiMgVGhlIGRlc3RpbmF0aW9uIGhvc3RuYW1lIC8gSVAgYWRkcmVzcywgYW5kIHBvcnQgbnVtYmVyIG9mDQojIHRoZSB0YXJnZXQgVlBOIFNlcnZlci4NCiMgDQojIFlvdSBoYXZlIHRvIHNwZWNpZnkgYXMgJ3JlbW90ZSA8SE9TVE5BTUU+IDxQT1JUPicuIFlvdSBjYW4gYWxzbw0KIyBzcGVjaWZ5IHRoZSBJUCBhZGRyZXNzIGluc3RlYWQgb2YgdGhlIGhvc3RuYW1lLg0KIyANCiMgTm90ZSB0aGF0IHRoZSBhdXRvLWdlbmVyYXRlZCBiZWxvdyBob3N0bmFtZSBhcmUgYSAiYXV0by1kZXRlY3RlZA0KIyBJUCBhZGRyZXNzIiBvZiB0aGUgVlBOIFNlcnZlci4gWW91IGhhdmUgdG8gY29uZmlybSB0aGUgY29ycmVjdG5lc3MNCiMgYmVmb3JlaGFuZC4NCiMgDQojIFdoZW4geW91IHdhbnQgdG8gY29ubmVjdCB0byB0aGUgVlBOIFNlcnZlciBieSB1c2luZyBUQ1AgcHJvdG9jb2wsDQojIHRoZSBwb3J0IG51bWJlciBvZiB0aGUgZGVzdGluYXRpb24gVENQIHBvcnQgc2hvdWxkIGJlIHNhbWUgYXMgb25lIG9mDQojIHRoZSBhdmFpbGFibGUgVENQIGxpc3RlbmVycyBvbiB0aGUgVlBOIFNlcnZlci4NCiMgDQojIFdoZW4geW91IHVzZSBVRFAgcHJvdG9jb2wsIHRoZSBwb3J0IG51bWJlciBtdXN0IHNhbWUgYXMgdGhlIGNvbmZpZ3VyYXRpb24NCiMgc2V0dGluZyBvZiAiT3BlblZQTiBTZXJ2ZXIgQ29tcGF0aWJsZSBGdW5jdGlvbiIgb24gdGhlIFZQTiBTZXJ2ZXIuDQoNCnJlbW90ZSA0Mi4xNTAuMTI5LjU2IDEzOTUNCg0KDQojIyMjIyMjIyMjIyMjIyMjIyMjIyMjIyMjIyMjIyMjIyMjIyMjIyMjIyMjIyMjIyMjIyMjIyMjIyMjIyMjIyMjIyMjIyMjIyMjIyMjIyMjDQojIFRoZSBIVFRQL0hUVFBTIHByb3h5IHNldHRpbmcuDQojIA0KIyBPbmx5IGlmIHlvdSBoYXZlIHRvIHVzZSB0aGUgSW50ZXJuZXQgdmlhIGEgcHJveHksIHVuY29tbWVudCB0aGUgYmVsb3cNCiMgdHdvIGxpbmVzIGFuZCBzcGVjaWZ5IHRoZSBwcm94eSBhZGRyZXNzIGFuZCB0aGUgcG9ydCBudW1iZXIuDQojIEluIHRoZSBjYXNlIG9mIHVzaW5nIHByb3h5LWF1dGhlbnRpY2F0aW9uLCByZWZlciB0aGUgT3BlblZQTiBtYW51YWwuDQoNCjtodHRwLXByb3h5LXJldHJ5DQo7aHR0cC1wcm94eSBbcHJveHkgc2VydmVyXSBbcHJveHkgcG9ydF0NCg0KDQojIyMjIyMjIyMjIyMjIyMjIyMjIyMjIyMjIyMjIyMjIyMjIyMjIyMjIyMjIyMjIyMjIyMjIyMjIyMjIyMjIyMjIyMjIyMjIyMjIyMjIyMjDQojIFRoZSBlbmNyeXB0aW9uIGFuZCBhdXRoZW50aWNhdGlvbiBhbGdvcml0aG0uDQojIA0KIyBEZWZhdWx0IHNldHRpbmcgaXMgZ29vZC4gTW9kaWZ5IGl0IGFzIHlvdSBwcmVmZXIuDQojIFdoZW4geW91IHNwZWNpZnkgYW4gdW5zdXBwb3J0ZWQgYWxnb3JpdGhtLCB0aGUgZXJyb3Igd2lsbCBvY2N1ci4NCiMgDQojIFRoZSBzdXBwb3J0ZWQgYWxnb3JpdGhtcyBhcmUgYXMgZm9sbG93czoNCiMgIGNpcGhlcjogW05VTEwtQ0lQSEVSXSBOVUxMIEFFUy0xMjgtQ0JDIEFFUy0xOTItQ0JDIEFFUy0yNTYtQ0JDIEJGLUNCQw0KIyAgICAgICAgICBDQVNULUNCQyBDQVNUNS1DQkMgREVTLUNCQyBERVMtRURFLUNCQyBERVMtRURFMy1DQkMgREVTWC1DQkMNCiMgICAgICAgICAgUkMyLTQwLUNCQyBSQzItNjQtQ0JDIFJDMi1DQkMNCiMgIGF1dGg6ICAgU0hBIFNIQTEgTUQ1IE1ENCBSTUQxNjANCg0KY2lwaGVyIEFFUy0xMjgtQ0JDDQphdXRoIFNIQTENCg0KDQojIyMjIyMjIyMjIyMjIyMjIyMjIyMjIyMjIyMjIyMjIyMjIyMjIyMjIyMjIyMjIyMjIyMjIyMjIyMjIyMjIyMjIyMjIyMjIyMjIyMjIyMjDQojIE90aGVyIHBhcmFtZXRlcnMgbmVjZXNzYXJ5IHRvIGNvbm5lY3QgdG8gdGhlIFZQTiBTZXJ2ZXIuDQojIA0KIyBJdCBpcyBub3QgcmVjb21tZW5kZWQgdG8gbW9kaWZ5IGl0IHVubGVzcyB5b3UgaGF2ZSBhIHBhcnRpY3VsYXIgbmVlZC4NCg0KcmVzb2x2LXJldHJ5IGluZmluaXRlDQpub2JpbmQNCnBlcnNpc3Qta2V5DQpwZXJzaXN0LXR1bg0KY2xpZW50DQp2ZXJiIDMNCiNhdXRoLXVzZXItcGFzcw0KDQoNCiMjIyMjIyMjIyMjIyMjIyMjIyMjIyMjIyMjIyMjIyMjIyMjIyMjIyMjIyMjIyMjIyMjIyMjIyMjIyMjIyMjIyMjIyMjIyMjIyMjIyMjIyMNCiMgVGhlIGNlcnRpZmljYXRlIGZpbGUgb2YgdGhlIGRlc3RpbmF0aW9uIFZQTiBTZXJ2ZXIuDQojIA0KIyBUaGUgQ0EgY2VydGlmaWNhdGUgZmlsZSBpcyBlbWJlZGRlZCBpbiB0aGUgaW5saW5lIGZvcm1hdC4NCiMgWW91IGNhbiByZXBsYWNlIHRoaXMgQ0EgY29udGVudHMgaWYgbmVjZXNzYXJ5Lg0KIyBQbGVhc2Ugbm90ZSB0aGF0IGlmIHRoZSBzZXJ2ZXIgY2VydGlmaWNhdGUgaXMgbm90IGEgc2VsZi1zaWduZWQsIHlvdSBoYXZlIHRvDQojIHNwZWNpZnkgdGhlIHNpZ25lcidzIHJvb3QgY2VydGlmaWNhdGUgKENBKSBoZXJlLg0KDQo8Y2E+DQotLS0tLUJFR0lOIENFUlRJRklDQVRFLS0tLS0NCk1JSUZhekNDQTFPZ0F3SUJBZ0lSQUlJUXo3RFNRT05aUkdQZ3UyT0Npd0F3RFFZSktvWklodmNOQVFFTEJRQXcNClR6RUxNQWtHQTFVRUJoTUNWVk14S1RBbkJnTlZCQW9USUVsdWRHVnlibVYwSUZObFkzVnlhWFI1SUZKbGMyVmgNCmNtTm9JRWR5YjNWd01SVXdFd1lEVlFRREV3eEpVMUpISUZKdmIzUWdXREV3SGhjTk1UVXdOakEwTVRFd05ETTQNCldoY05NelV3TmpBME1URXdORE00V2pCUE1Rc3dDUVlEVlFRR0V3SlZVekVwTUNjR0ExVUVDaE1nU1c1MFpYSnUNClpYUWdVMlZqZFhKcGRIa2dVbVZ6WldGeVkyZ2dSM0p2ZFhBeEZUQVRCZ05WQkFNVERFbFRVa2NnVW05dmRDQlkNCk1UQ0NBaUl3RFFZSktvWklodmNOQVFFQkJRQURnZ0lQQURDQ0Fnb0NnZ0lCQUszb0pIUDBGRGZ6bTU0clZ5Z2MNCmg3N2N0OTg0a0l4dVBPWlhvSGozZGNLaS92VnFidllBVHlqYjNtaUdiRVNUdHJGai9SUVNhNzhmMHVveG15RisNCjBUTTh1a2oxM1huZnM3ai9FdkVobWt2QmlvWnhhVXBtWm15UGZqeHd2NjBwSWdiejVNRG1nSzdpUzQrM21YNlUNCkE1L1RSNWQ4bVVnalUrZzRyazhLYjRNdTBVbFhqSUIwdHRvdjBEaU5ld053SVJ0MThqQTgrbyt1M2RwanErc1cNClQ4S09FVXQrend2by83VjNMdlN5ZTByZ1RCSWxESENOQXltZzRWTWs3QlBaN2htL0VMTktqRCtKbzJGUjNxeUgNCkI1VDBZM0hzTHVKdlc1aUI0WWxjTkhsc2R1ODdrR0o1NXR1a21pOG14ZEFRNFE3ZTJSQ09GdnUzOTZqM3grVUMNCkI1aVBOZ2lWNStJM2xnMDJkWjc3RG5LeEhadThBL2xKQmRpQjNRVzBLdFpCNmF3QmRwVUtEOWpmMWIwU0h6VXYNCktCZHMwcGpCcUFsa2QyNUhON3JPckZsZWFKMS9jdGFKeFFaQktUNVpQdDBtOVNUSkVhZGFvMHhBSDBhaG1iV24NCk9sRnVoanVlZlhLbkVnVjRXZTArVVhnVkN3T1BqZEF2QmJJK2Uwb2NTM01GRXZ6RzZ1QlFFM3hEazNTenluVG4NCmpoOEJDTkF3MUZ0eE5yUUh1c0V3TUZ4SXQ0STdtS1o5WUlxaW95bUN6THE5Z3dRYm9vTURRYUhXQmZFYndyYncNCnFIeUdPMGFvU0NxSTNIYWFkcjhmYXFVOUdZL3JPUE5rM3NnckRRb28vL2ZiNGhWQzFDTFFKMTNoZWY0WTUzQ0kNCnJVN20yWXM2eHQwblVXNy92R1QxTTBOUEFnTUJBQUdqUWpCQU1BNEdBMVVkRHdFQi93UUVBd0lCQmpBUEJnTlYNCkhSTUJBZjhFQlRBREFRSC9NQjBHQTFVZERnUVdCQlI1dEZubWU3Ymw1QUZ6Z0FpSXlCcFk5dW1iYmpBTkJna3ENCmhraUc5dzBCQVFzRkFBT0NBZ0VBVlI5WXFieXlxRkRRRExIWUdta2dKeWtJckdGMVhJcHUrSUxsYVMvVjlsWkwNCnViaHpFRm5USVpkKzUweHgrN0xTWUswNXFBdnFGeUZXaGZGUURsbnJ6dUJaNmJySkZlK0duWStFZ1BiazZaR1ENCjNCZWJZaHRGOEdhVjBueHZ3dW83N3gvUHk5YXVKL0dwc01pdS9YMSttdm9pQk92LzJYL3FrU3Npc1JjT2ovS0sNCk5GdFkyUHdCeVZTNXVDYk1pb2d6aVV3dGhEeUMzKzZXVndXNkxMdjN4TGZIVGp1Q3ZqSElJbk56a3RIQ2dLUTUNCk9SQXpJNEpNUEorR3NsV1lIYjRwaG93aW01N2lhenRYT29Kd1Rkd0p4NG5MQ2dkTmJPaGRqc252enF2SHU3VXINClRrWFdTdEFtek9WeXlnaHFwWlhqRmFIM3BPM0pMRitsKy8rc0tBSXV2dGQ3dStOeGU1QVcwd2RlUmxOOE53ZEMNCmpOUEVscHpWbWJVcTRKVWFnRWl1VERrSHpzeEhwRktWSzdxNCs2M1NNMU45NVIxTmJkV2hzY2RDYitaQUp6VmMNCm95aTNCNDNualRPUTV5T2YrMUNjZVd4RzFiUVZzNVp1ZnBzTWxqcTRVaTAvMWx2aCt3akNoUDRrcUtPSjJxeHENCjRSZ3FzYWhEWVZ2VEg5dzdqWGJ5TGVpTmRkOFhNMnc5VS90N3kwRmYvOXlpMEdFNDRaYTRyRjJMTjlkMTFUUEENCm1SR3VuVUhCY25XRXZnSkJRbDluSkVpVTBac252Z2MvdWJoUGdYUlI0WHEzN1owajRyN2cxU2dFRXp3eEE1N2QNCmVteVB4Z2NZeG4vZVI0NC9LSjRFQnMrbFZEUjN2ZXlKbStrWFE5OWIyMS8ramg1WG9zMUFuWDVpSXRyZUdDYz0NCi0tLS0tRU5EIENFUlRJRklDQVRFLS0tLS0NCg0KPC9jYT4NCg0KDQojIyMjIyMjIyMjIyMjIyMjIyMjIyMjIyMjIyMjIyMjIyMjIyMjIyMjIyMjIyMjIyMjIyMjIyMjIyMjIyMjIyMjIyMjIyMjIyMjIyMjIyMjDQojIFRoZSBjbGllbnQgY2VydGlmaWNhdGUgZmlsZSAoZHVtbXkpLg0KIyANCiMgSW4gc29tZSBpbXBsZW1lbnRhdGlvbnMgb2YgT3BlblZQTiBDbGllbnQgc29mdHdhcmUNCiMgKGZvciBleGFtcGxlOiBPcGVuVlBOIENsaWVudCBmb3IgaU9TKSwNCiMgYSBwYWlyIG9mIGNsaWVudCBjZXJ0aWZpY2F0ZSBhbmQgcHJpdmF0ZSBrZXkgbXVzdCBiZSBpbmNsdWRlZCBvbiB0aGUNCiMgY29uZmlndXJhdGlvbiBmaWxlIGR1ZSB0byB0aGUgbGltaXRhdGlvbiBvZiB0aGUgY2xpZW50Lg0KIyBTbyB0aGlzIHNhbXBsZSBjb25maWd1cmF0aW9uIGZpbGUgaGFzIGEgZHVtbXkgcGFpciBvZiBjbGllbnQgY2VydGlmaWNhdGUNCiMgYW5kIHByaXZhdGUga2V5IGFzIGZvbGxvd3MuDQoNCjxjZXJ0Pg0KLS0tLS1CRUdJTiBDRVJUSUZJQ0FURS0tLS0tDQpNSUlDeGpDQ0FhNENBUUF3RFFZSktvWklodmNOQVFFRkJRQXdLVEVhTUJnR0ExVUVBeE1SVmxCT1IyRjBaVU5zDQphV1Z1ZEVObGNuUXhDekFKQmdOVkJBWVRBa3BRTUI0WERURXpNREl4TVRBek5EazBPVm9YRFRNM01ERXhPVEF6DQpNVFF3TjFvd0tURWFNQmdHQTFVRUF4TVJWbEJPUjJGMFpVTnNhV1Z1ZEVObGNuUXhDekFKQmdOVkJBWVRBa3BRDQpNSUlCSWpBTkJna3Foa2lHOXcwQkFRRUZBQU9DQVE4QU1JSUJDZ0tDQVFFQTVoMmxnUVFZVWp3b0tZSmJ6VlpBDQo1VmNJR2Q1b3RQYy9xWlJNdDBLSXRDRkEwczlSd1JlTlZhOWZEUkZMUkJoY0lUT2x2M0ZCY1czRThoMVVzN1JEDQo0VzhHbUplOHphcEpuTHNEMzlPU01SQ3paSm5jelc0T0NIMVBaUlpXS3FEdGpsTmNhOUFGOGE2NWpUbWxEeENRDQpDam50TElXazVPTExWa0Z0OS90U2NjMUdEdGNpNTVvZmhhTkFZTVBpSDdWOCsxZzY2cEdIWEFvV0s2QVFWSDY3DQpYQ0tKbkdCNW5sUStIc01ZUFYvTzQ5TGQ5MVpOLzJ0SGtjYUxMeU50eXd4VlBSU3NSaDQ4MGpqdTBmY0NzdjZoDQpwLzB5WG5UQi8vbVd1dEJHcGRVbElid2lJVGJBbXJzYlluamlnUnZuUHFYMVJOSlViaTlGcDZDMmMvSElGSkdEDQp5d0lEQVFBQk1BMEdDU3FHU0liM0RRRUJCUVVBQTRJQkFRQ2hPNWhnY3cvNG9XZm9FRkx1OWtCYTFCLy9reEg4DQpoUWtDaFZObjhCUkM3WTBVUlFpdFBsM0RLRWVkOVVSQkRkZzJLT0F6NzdiYjZFTlBpbGlEK2EzOFVKSElSTXFlDQpVQkhobGxPSEl6dkRoSEZiYW92QUxCUWNlZUJ6ZGtReHNLUUVTS21RbVI4MzI5NTBVQ292b3lSQjYxVXlBVjdoDQorbVpoWVBHUktYS1NKSTZzMEVnZy9DcmkrQ3drNGJqSmZyYjVoVnNlMTF5aDREOU1IaHdTZkNPSCswejRoUFVUDQpGa3U3ZEdhdlVSTzVTVnhNbi9zTDZFbjVEK29TZVhrYWRIcERzK0FpcnltMllIaDE1aDAralBTT29SNnlpVnAvDQo2elplWmtyTjQza3VTNzNLcEtERmpmRlBoOHQ0cjFnT0lqdHRrTmNRcUJjY3VzbnBsUTdISnBzaw0KLS0tLS1FTkQgQ0VSVElGSUNBVEUtLS0tLQ0KDQo8L2NlcnQ+DQoNCjxrZXk+DQotLS0tLUJFR0lOIFJTQSBQUklWQVRFIEtFWS0tLS0tDQpNSUlFcEFJQkFBS0NBUUVBNWgybGdRUVlVandvS1lKYnpWWkE1VmNJR2Q1b3RQYy9xWlJNdDBLSXRDRkEwczlSDQp3UmVOVmE5ZkRSRkxSQmhjSVRPbHYzRkJjVzNFOGgxVXM3UkQ0VzhHbUplOHphcEpuTHNEMzlPU01SQ3paSm5jDQp6VzRPQ0gxUFpSWldLcUR0amxOY2E5QUY4YTY1alRtbER4Q1FDam50TElXazVPTExWa0Z0OS90U2NjMUdEdGNpDQo1NW9maGFOQVlNUGlIN1Y4KzFnNjZwR0hYQW9XSzZBUVZINjdYQ0tKbkdCNW5sUStIc01ZUFYvTzQ5TGQ5MVpODQovMnRIa2NhTEx5TnR5d3hWUFJTc1JoNDgwamp1MGZjQ3N2NmhwLzB5WG5UQi8vbVd1dEJHcGRVbElid2lJVGJBDQptcnNiWW5qaWdSdm5QcVgxUk5KVWJpOUZwNkMyYy9ISUZKR0R5d0lEQVFBQkFvSUJBRVJWN1g1QXZ4QTh1UmlLDQprOFNJcHNEMGRYMXBKT01Jd2FrVVZ5dmM0RWZOMERoS1JOYjRyWW9TaUVHVEx5ekxweUJjL0EyOERsa201ZU9ZDQpmanpYZllrR3RZaS9GdHhrZzNPOXZjck1RNCs2aSt1R0hhSUwyckwrczRNcmZPOHYxeHY2K1dreTMzRUVHQ291DQpRaXdWR1JGUVhuUm9RNjJOQkNGYlVOTGhtWHdkajFha1p6TFU0cDVSNHpBM1FoZHh3RUlhdFZMdDArN293TFEzDQpsUDhzZlhocHBQT1hqVHFNRDRRa1l3elBBYTgvekY3YWNuNGtyeXJVUDdRNlBBZmQwekVWcU55OVpDWjlmZmhvDQp6WGVkRmo0ODZJRm9jNWduVHAyTjZqc25WajRMQ0dJaGxWSGxZR296S0tGcUpjUVZHc0hDcXExb3oyempXNkxTDQpvUllJSGdFQ2dZRUE4elpya0N3TllTWEp1T0RKM20vaE9MVnhjeGdKdXdYb2lFcldkMEU0MnZQYW5qalZNaG50DQpLWTVsOHFHTUo2RmhLOUxZeDJxQ3JmL0UwWHRVQVoyd1ZxM09SVHlHbnNNV3JlOXRMWXM1NVgrWk4xMFRjNzV6DQo0aGFjYlUwaHFLTjFIaURtc01SWTMvMk5hWkhveTdNS253SkpCYUc0OGw5Q0NUbFZ3TUhvY0lFQ2dZRUE4amJ5DQpkR2p4VEgrNlhIV05pemI1U1JiWnhBbnlFZUplUndUTWgwZ0d6d0dQcEgvc1pZR3p5dTBTeVNYV0NuWmgzUmdxDQo1dUxsTnh0clhybGpabHlpMm5RZFFnc3EyWXJXVXMwK3pnVSsyMnVRc1pwU0FmdG1oVnJ0dmV0Nk1qVmpiQnlZDQpEQURjaUVWVWRKWUlYaytxbkZVSnllcm9MSWtUajdXWUtaNlJqa3NDZ1lCb0NGSXdSRGVnNDJvSzg5UkZtbk9yDQpMeW1OQXE0KzJvTWhzV2xWYjRlaldJV2VBazluYytHWFVmclhzelJoUzAxbVVuVTVyNXlnVXZSY2FyVi9UM1U3DQpUbk1aK0k3WTREZ1dSSURkNTF6bmh4SUJ0WVY1ai9DL3Q4NUhqcU9rSCs4YjZSVGtiY2hhWDNtYXU3ZnBVZmRzDQpGcTBuaElxNDJmaEVPOHNyZllZd2dRS0JnUUN5aGkxTi84dGFSd3BrKzMvSURFelF3amJmZHpVa1dXU0RrOVhzDQpIL3BrdVJIV2ZUTVAzZmxXcUVZZ1cvTFc0MHBlVzJIRHE1aW1kVjgrQWdaeGUvWE1iYWppOUxnd2YxUlkwMDVuDQpLeGFaUXo3eXFIdXBXbExHRjY4RFBIeGtaVlZTYWdEblYvc3p0V1g2U0ZzQ3FGVm54SVhpZlhHQzRjVzVObTlnDQp2YThxNFFLQmdRQ0VoTFZlVWZkd0t2a1o5NGcvR0Z6NzMxWjJocmRWaGdNWmFVL3U2dDBWOTUrWWV6UE5DUVpCDQp3bUU5TW1sYnExZW1EZVJPaXZqQ2ZvR2hSM2taWFcxcFRLbExoNlpNVVFVT3BwdGRYdmE4WHhmb3FRd2EzZW5BDQpNN211QmJGMFhON1ZPODBpSlB2K1BtSVpkRUlBa3B3S2ZpMjAxWUIrQmFmQ0l1R3hJRjUwVmc9PQ0KLS0tLS1FTkQgUlNBIFBSSVZBVEUgS0VZLS0tLS0NCg0KPC9rZXk+DQoNCg==
vpn375812868,138.64.212.183,610302,9,71542502,Japan,JP,3,21947507,27168,3820997204710,2weeks,DESKTOP-ETC6V1V's owner,,IyMjIyMjIyMjIyMjIyMjIyMjIyMjIyMjIyMjIyMjIyMjIyMjIyMjIyMjIyMjIyMjIyMjIyMjIyMjIyMjIyMjIyMjIyMjIyMjIyMjIyMjIw0KIyBPcGVuVlBOIDIuMCBTYW1wbGUgQ29uZmlndXJhdGlvbiBGaWxlDQojIGZvciBQYWNrZXRpWCBWUE4gLyBTb2Z0RXRoZXIgVlBOIFNlcnZlcg0KIyANCiMgISEhIEFVVE8tR0VORVJBVEVEIEJZIFNPRlRFVEhFUiBWUE4gU0VSVkVSIE1BTkFHRU1FTlQgVE9PTCAhISENCiMgDQojICEhISBZT1UgSEFWRSBUTyBSRVZJRVcgSVQgQkVGT1JFIFVTRSBBTkQgTU9ESUZZIElUIEFTIE5FQ0VTU0FSWSAhISENCiMgDQojIFRoaXMgY29uZmlndXJhdGlvbiBmaWxlIGlzIGF1dG8tZ2VuZXJhdGVkLiBZb3UgbWlnaHQgdXNlIHRoaXMgY29uZmlnIGZpbGUNCiMgaW4gb3JkZXIgdG8gY29ubmVjdCB0byB0aGUgUGFja2V0aVggVlBOIC8gU29mdEV0aGVyIFZQTiBTZXJ2ZXIuDQojIEhvd2V2ZXIsIGJlZm9yZSB5b3UgdHJ5IGl0LCB5b3Ugc2hvdWxkIHJldmlldyB0aGUgZGVzY3JpcHRpb25zIG9mIHRoZSBmaWxlDQojIHRvIGRldGVybWluZSB0aGUgbmVjZXNzaXR5IHRvIG1vZGlmeSB0byBzdWl0YWJsZSBmb3IgeW91ciByZWFsIGVudmlyb25tZW50Lg0KIyBJZiBuZWNlc3NhcnksIHlvdSBoYXZlIHRvIG1vZGlmeSBhIGxpdHRsZSBhZGVxdWF0ZWx5IG9uIHRoZSBmaWxlLg0KIyBGb3IgZXhhbXBsZSwgdGhlIElQIGFkZHJlc3Mgb3IgdGhlIGhvc3RuYW1lIGFzIGEgZGVzdGluYXRpb24gVlBOIFNlcnZlcg0KIyBzaG91bGQgYmUgY29uZmlybWVkLg0KIyANCiMgTm90ZSB0aGF0IHRvIHVzZSBPcGVuVlBOIDIuMCwgeW91IGhhdmUgdG8gcHV0IHRoZSBjZXJ0aWZpY2F0aW9uIGZpbGUgb2YNCiMgdGhlIGRlc3RpbmF0aW9uIFZQTiBTZXJ2ZXIgb24gdGhlIE9wZW5WUE4gQ2xpZW50IGNvbXB1dGVyIHdoZW4geW91IHVzZSB0aGlzDQojIGNvbmZpZyBmaWxlLiBQbGVhc2UgcmVmZXIgdGhlIGJlbG93IGRlc2NyaXB0aW9ucyBjYXJlZnVsbHkuDQoNCg0KIyMjIyMjIyMjIyMjIyMjIyMjIyMjIyMjIyMjIyMjIyMjIyMjIyMjIyMjIyMjIyMjIyMjIyMjIyMjIyMjIyMjIyMjIyMjIyMjIyMjIyMjIw0KIyBTcGVjaWZ5IHRoZSB0eXBlIG9mIHRoZSBsYXllciBvZiB0aGUgVlBOIGNvbm5lY3Rpb24uDQojIA0KIyBUbyBjb25uZWN0IHRvIHRoZSBWUE4gU2VydmVyIGFzIGEgIlJlbW90ZS1BY2Nlc3MgVlBOIENsaWVudCBQQyIsDQojICBzcGVjaWZ5ICdkZXYgdHVuJy4gKExheWVyLTMgSVAgUm91dGluZyBNb2RlKQ0KIw0KIyBUbyBjb25uZWN0IHRvIHRoZSBWUE4gU2VydmVyIGFzIGEgYnJpZGdpbmcgZXF1aXBtZW50IG9mICJTaXRlLXRvLVNpdGUgVlBOIiwNCiMgIHNwZWNpZnkgJ2RldiB0YXAnLiAoTGF5ZXItMiBFdGhlcm5ldCBCcmlkZ2luZSBNb2RlKQ0KDQpkZXYgdHVuDQoNCg0KIyMjIyMjIyMjIyMjIyMjIyMjIyMjIyMjIyMjIyMjIyMjIyMjIyMjIyMjIyMjIyMjIyMjIyMjIyMjIyMjIyMjIyMjIyMjIyMjIyMjIyMjIw0KIyBTcGVjaWZ5IHRoZSB1bmRlcmx5aW5nIHByb3RvY29sIGJleW9uZCB0aGUgSW50ZXJuZXQuDQojIE5vdGUgdGhhdCB0aGlzIHNldHRpbmcgbXVzdCBiZSBjb3JyZXNwb25kIHdpdGggdGhlIGxpc3RlbmluZyBzZXR0aW5nIG9uDQojIHRoZSBWUE4gU2VydmVyLg0KIyANCiMgU3BlY2lmeSBlaXRoZXIgJ3Byb3RvIHRjcCcgb3IgJ3Byb3RvIHVkcCcuDQoNCnByb3RvIHVkcA0KDQoNCiMjIyMjIyMjIyMjIyMjIyMjIyMjIyMjIyMjIyMjIyMjIyMjIyMjIyMjIyMjIyMjIyMjIyMjIyMjIyMjIyMjIyMjIyMjIyMjIyMjIyMjIyMNCiMgVGhlIGRlc3RpbmF0aW9uIGhvc3RuYW1lIC8gSVAgYWRkcmVzcywgYW5kIHBvcnQgbnVtYmVyIG9mDQojIHRoZSB0YXJnZXQgVlBOIFNlcnZlci4NCiMgDQojIFlvdSBoYXZlIHRvIHNwZWNpZnkgYXMgJ3JlbW90ZSA8SE9TVE5BTUU+IDxQT1JUPicuIFlvdSBjYW4gYWxzbw0KIyBzcGVjaWZ5IHRoZSBJUCBhZGRyZXNzIGluc3RlYWQgb2YgdGhlIGhvc3RuYW1lLg0KIyANCiMgTm90ZSB0aGF0IHRoZSBhdXRvLWdlbmVyYXRlZCBiZWxvdyBob3N0bmFtZSBhcmUgYSAiYXV0by1kZXRlY3RlZA0KIyBJUCBhZGRyZXNzIiBvZiB0aGUgVlBOIFNlcnZlci4gWW91IGhhdmUgdG8gY29uZmlybSB0aGUgY29ycmVjdG5lc3MNCiMgYmVmb3JlaGFuZC4NCiMgDQojIFdoZW4geW91IHdhbnQgdG8gY29ubmVjdCB0byB0aGUgVlBOIFNlcnZlciBieSB1c2luZyBUQ1AgcHJvdG9jb2wsDQojIHRoZSBwb3J0IG51bWJlciBvZiB0aGUgZGVzdGluYXRpb24gVENQIHBvcnQgc2hvdWxkIGJlIHNhbWUgYXMgb25lIG9mDQojIHRoZSBhdmFpbGFibGUgVENQIGxpc3RlbmVycyBvbiB0aGUgVlBOIFNlcnZlci4NCiMgDQojIFdoZW4geW91IHVzZSBVRFAgcHJvdG9jb2wsIHRoZSBwb3J0IG51bWJlciBtdXN0IHNhbWUgYXMgdGhlIGNvbmZpZ3VyYXRpb24NCiMgc2V0dGluZyBvZiAiT3BlblZQTiBTZXJ2ZXIgQ29tcGF0aWJsZSBGdW5jdGlvbiIgb24gdGhlIFZQTiBTZXJ2ZXIuDQoNCnJlbW90ZSAxMzguNjQuMjEyLjE4MyAxNDEzNQ0KDQoNCiMjIyMjIyMjIyMjIyMjIyMjIyMjIyMjIyMjIyMjIyMjIyMjIyMjIyMjIyMjIyMjIyMjIyMjIyMjIyMjIyMjIyMjIyMjIyMjIyMjIyMjIyMNCiMgVGhlIEhUVFAvSFRUUFMgcHJveHkgc2V0dGluZy4NCiMgDQojIE9ubHkgaWYgeW91IGhhdmUgdG8gdXNlIHRoZSBJbnRlcm5ldCB2aWEgYSBwcm94eSwgdW5jb21tZW50IHRoZSBiZWxvdw0KIyB0d28gbGluZXMgYW5kIHNwZWNpZnkgdGhlIHByb3h5IGFkZHJlc3MgYW5kIHRoZSBwb3J0IG51bWJlci4NCiMgSW4gdGhlIGNhc2Ugb2YgdXNpbmcgcHJveHktYXV0aGVudGljYXRpb24sIHJlZmVyIHRoZSBPcGVuVlBOIG1hbnVhbC4NCg0KO2h0dHAtcHJveHktcmV0cnkNCjtodHRwLXByb3h5IFtwcm94eSBzZXJ2ZXJdIFtwcm94eSBwb3J0XQ0KDQoNCiMjIyMjIyMjIyMjIyMjIyMjIyMjIyMjIyMjIyMjIyMjIyMjIyMjIyMjIyMjIyMjIyMjIyMjIyMjIyMjIyMjIyMjIyMjIyMjIyMjIyMjIyMNCiMgVGhlIGVuY3J5cHRpb24gYW5kIGF1dGhlbnRpY2F0aW9uIGFsZ29yaXRobS4NCiMgDQojIERlZmF1bHQgc2V0dGluZyBpcyBnb29kLiBNb2RpZnkgaXQgYXMgeW91IHByZWZlci4NCiMgV2hlbiB5b3Ugc3BlY2lmeSBhbiB1bnN1cHBvcnRlZCBhbGdvcml0aG0sIHRoZSBlcnJvciB3aWxsIG9jY3VyLg0KIyANCiMgVGhlIHN1cHBvcnRlZCBhbGdvcml0aG1zIGFyZSBhcyBmb2xsb3dzOg0KIyAgY2lwaGVyOiBbTlVMTC1DSVBIRVJdIE5VTEwgQUVTLTEyOC1DQkMgQUVTLTE5Mi1DQkMgQUVTLTI1Ni1DQkMgQkYtQ0JDDQojICAgICAgICAgIENBU1QtQ0JDIENBU1Q1LUNCQyBERVMtQ0JDIERFUy1FREUtQ0JDIERFUy1FREUzLUNCQyBERVNYLUNCQw0KIyAgICAgICAgICBSQzItNDAtQ0JDIFJDMi02NC1DQkMgUkMyLUNCQw0KIyAgYXV0aDogICBTSEEgU0hBMSBNRDUgTUQ0IFJNRDE2MA0KDQpjaXBoZXIgQUVTLTEyOC1DQkMNCmF1dGggU0hBMQ0KDQoNCiMjIyMjIyMjIyMjIyMjIyMjIyMjIyMjIyMjIyMjIyMjIyMjIyMjIyMjIyMjIyMjIyMjIyMjIyMjIyMjIyMjIyMjIyMjIyMjIyMjIyMjIyMNCiMgT3RoZXIgcGFyYW1ldGVycyBuZWNlc3NhcnkgdG8gY29ubmVjdCB0byB0aGUgVlBOIFNlcnZlci4NCiMgDQojIEl0IGlzIG5vdCByZWNvbW1lbmRlZCB0byBtb2RpZnkgaXQgdW5sZXNzIHlvdSBoYXZlIGEgcGFydGljdWxhciBuZWVkLg0KDQpyZXNvbHYtcmV0cnkgaW5maW5pdGUNCm5vYmluZA0KcGVyc2lzdC1rZXkNCnBlcnNpc3QtdHVuDQpjbGllbnQNCnZlcmIgMw0KI2F1dGgtdXNlci1wYXNzDQoNCg0KIyMjIyMjIyMjIyMjIyMjIyMjIyMjIyMjIyMjIyMjIyMjIyMjIyMjIyMjIyMjIyMjIyMjIyMjIyMjIyMjIyMjIyMjIyMjIyMjIyMjIyMjIw0KIyBUaGUgY2VydGlmaWNhdGUgZmlsZSBvZiB0aGUgZGVzdGluYXRpb24gVlBOIFNlcnZlci4NCiMgDQojIFRoZSBDQSBjZXJ0aWZpY2F0ZSBmaWxlIGlzIGVtYmVkZGVkIGluIHRoZSBpbmxpbmUgZm9ybWF0Lg0KIyBZb3UgY2FuIHJlcGxhY2UgdGhpcyBDQSBjb250ZW50cyBpZiBuZWNlc3NhcnkuDQojIFBsZWFzZSBub3RlIHRoYXQgaWYgdGhlIHNlcnZlciBjZXJ0aWZpY2F0ZSBpcyBub3QgYSBzZWxmLXNpZ25lZCwgeW91IGhhdmUgdG8NCiMgc3BlY2lmeSB0aGUgc2lnbmVyJ3Mgcm9vdCBjZXJ0aWZpY2F0ZSAoQ0EpIGhlcmUuDQoNCjxjYT4NCi0tLS0tQkVHSU4gQ0VSVElGSUNBVEUtLS0tLQ0KTUlJRmF6Q0NBMU9nQXdJQkFnSVJBSUlRejdEU1FPTlpSR1BndTJPQ2l3QXdEUVlKS29aSWh2Y05BUUVMQlFBdw0KVHpFTE1Ba0dBMVVFQmhNQ1ZWTXhLVEFuQmdOVkJBb1RJRWx1ZEdWeWJtVjBJRk5sWTNWeWFYUjVJRkpsYzJWaA0KY21Ob0lFZHliM1Z3TVJVd0V3WURWUVFERXd4SlUxSkhJRkp2YjNRZ1dERXdIaGNOTVRVd05qQTBNVEV3TkRNNA0KV2hjTk16VXdOakEwTVRFd05ETTRXakJQTVFzd0NRWURWUVFHRXdKVlV6RXBNQ2NHQTFVRUNoTWdTVzUwWlhKdQ0KWlhRZ1UyVmpkWEpwZEhrZ1VtVnpaV0Z5WTJnZ1IzSnZkWEF4RlRBVEJnTlZCQU1UREVsVFVrY2dVbTl2ZENCWQ0KTVRDQ0FpSXdEUVlKS29aSWh2Y05BUUVCQlFBRGdnSVBBRENDQWdvQ2dnSUJBSzNvSkhQMEZEZnptNTRyVnlnYw0KaDc3Y3Q5ODRrSXh1UE9aWG9IajNkY0tpL3ZWcWJ2WUFUeWpiM21pR2JFU1R0ckZqL1JRU2E3OGYwdW94bXlGKw0KMFRNOHVrajEzWG5mczdqL0V2RWhta3ZCaW9aeGFVcG1abXlQZmp4d3Y2MHBJZ2J6NU1EbWdLN2lTNCszbVg2VQ0KQTUvVFI1ZDhtVWdqVStnNHJrOEtiNE11MFVsWGpJQjB0dG92MERpTmV3TndJUnQxOGpBOCtvK3UzZHBqcStzVw0KVDhLT0VVdCt6d3ZvLzdWM0x2U3llMHJnVEJJbERIQ05BeW1nNFZNazdCUFo3aG0vRUxOS2pEK0pvMkZSM3F5SA0KQjVUMFkzSHNMdUp2VzVpQjRZbGNOSGxzZHU4N2tHSjU1dHVrbWk4bXhkQVE0UTdlMlJDT0Z2dTM5NmozeCtVQw0KQjVpUE5naVY1K0kzbGcwMmRaNzdEbkt4SFp1OEEvbEpCZGlCM1FXMEt0WkI2YXdCZHBVS0Q5amYxYjBTSHpVdg0KS0JkczBwakJxQWxrZDI1SE43ck9yRmxlYUoxL2N0YUp4UVpCS1Q1WlB0MG05U1RKRWFkYW8weEFIMGFobWJXbg0KT2xGdWhqdWVmWEtuRWdWNFdlMCtVWGdWQ3dPUGpkQXZCYkkrZTBvY1MzTUZFdnpHNnVCUUUzeERrM1N6eW5Ubg0Kamg4QkNOQXcxRnR4TnJRSHVzRXdNRnhJdDRJN21LWjlZSXFpb3ltQ3pMcTlnd1Fib29NRFFhSFdCZkVid3Jidw0KcUh5R08wYW9TQ3FJM0hhYWRyOGZhcVU5R1kvck9QTmszc2dyRFFvby8vZmI0aFZDMUNMUUoxM2hlZjRZNTNDSQ0KclU3bTJZczZ4dDBuVVc3L3ZHVDFNME5QQWdNQkFBR2pRakJBTUE0R0ExVWREd0VCL3dRRUF3SUJCakFQQmdOVg0KSFJNQkFmOEVCVEFEQVFIL01CMEdBMVVkRGdRV0JCUjV0Rm5tZTdibDVBRnpnQWlJeUJwWTl1bWJiakFOQmdrcQ0KaGtpRzl3MEJBUXNGQUFPQ0FnRUFWUjlZcWJ5eXFGRFFETEhZR21rZ0p5a0lyR0YxWElwdStJTGxhUy9WOWxaTA0KdWJoekVGblRJWmQrNTB4eCs3TFNZSzA1cUF2cUZ5RldoZkZRRGxucnp1Qlo2YnJKRmUrR25ZK0VnUGJrNlpHUQ0KM0JlYllodEY4R2FWMG54dnd1bzc3eC9QeTlhdUovR3BzTWl1L1gxK212b2lCT3YvMlgvcWtTc2lzUmNPai9LSw0KTkZ0WTJQd0J5VlM1dUNiTWlvZ3ppVXd0aER5QzMrNldWd1c2TEx2M3hMZkhUanVDdmpISUluTnprdEhDZ0tRNQ0KT1JBekk0Sk1QSitHc2xXWUhiNHBob3dpbTU3aWF6dFhPb0p3VGR3Sng0bkxDZ2ROYk9oZGpzbnZ6cXZIdTdVcg0KVGtYV1N0QW16T1Z5eWdocXBaWGpGYUgzcE8zSkxGK2wrLytzS0FJdXZ0ZDd1K054ZTVBVzB3ZGVSbE44TndkQw0Kak5QRWxwelZtYlVxNEpVYWdFaXVURGtIenN4SHBGS1ZLN3E0KzYzU00xTjk1UjFOYmRXaHNjZENiK1pBSnpWYw0Kb3lpM0I0M25qVE9RNXlPZisxQ2NlV3hHMWJRVnM1WnVmcHNNbGpxNFVpMC8xbHZoK3dqQ2hQNGtxS09KMnF4cQ0KNFJncXNhaERZVnZUSDl3N2pYYnlMZWlOZGQ4WE0ydzlVL3Q3eTBGZi85eWkwR0U0NFphNHJGMkxOOWQxMVRQQQ0KbVJHdW5VSEJjbldFdmdKQlFsOW5KRWlVMFpzbnZnYy91YmhQZ1hSUjRYcTM3WjBqNHI3ZzFTZ0VFend4QTU3ZA0KZW15UHhnY1l4bi9lUjQ0L0tKNEVCcytsVkRSM3ZleUptK2tYUTk5YjIxLytqaDVYb3MxQW5YNWlJdHJlR0NjPQ0KLS0tLS1FTkQgQ0VSVElGSUNBVEUtLS0tLQ0KDQo8L2NhPg0KDQoNCiMjIyMjIyMjIyMjIyMjIyMjIyMjIyMjIyMjIyMjIyMjIyMjIyMjIyMjIyMjIyMjIyMjIyMjIyMjIyMjIyMjIyMjIyMjIyMjIyMjIyMjIyMNCiMgVGhlIGNsaWVudCBjZXJ0aWZpY2F0ZSBmaWxlIChkdW1teSkuDQojIA0KIyBJbiBzb21lIGltcGxlbWVudGF0aW9ucyBvZiBPcGVuVlBOIENsaWVudCBzb2Z0d2FyZQ0KIyAoZm9yIGV4YW1wbGU6IE9wZW5WUE4gQ2xpZW50IGZvciBpT1MpLA0KIyBhIHBhaXIgb2YgY2xpZW50IGNlcnRpZmljYXRlIGFuZCBwcml2YXRlIGtleSBtdXN0IGJlIGluY2x1ZGVkIG9uIHRoZQ0KIyBjb25maWd1cmF0aW9uIGZpbGUgZHVlIHRvIHRoZSBsaW1pdGF0aW9uIG9mIHRoZSBjbGllbnQuDQojIFNvIHRoaXMgc2FtcGxlIGNvbmZpZ3VyYXRpb24gZmlsZSBoYXMgYSBkdW1teSBwYWlyIG9mIGNsaWVudCBjZXJ0aWZpY2F0ZQ0KIyBhbmQgcHJpdmF0ZSBrZXkgYXMgZm9sbG93cy4NCg0KPGNlcnQ+DQotLS0tLUJFR0lOIENFUlRJRklDQVRFLS0tLS0NCk1JSUN4akNDQWE0Q0FRQXdEUVlKS29aSWh2Y05BUUVGQlFBd0tURWFNQmdHQTFVRUF4TVJWbEJPUjJGMFpVTnMNCmFXVnVkRU5sY25ReEN6QUpCZ05WQkFZVEFrcFFNQjRYRFRFek1ESXhNVEF6TkRrME9Wb1hEVE0zTURFeE9UQXoNCk1UUXdOMW93S1RFYU1CZ0dBMVVFQXhNUlZsQk9SMkYwWlVOc2FXVnVkRU5sY25ReEN6QUpCZ05WQkFZVEFrcFENCk1JSUJJakFOQmdrcWhraUc5dzBCQVFFRkFBT0NBUThBTUlJQkNnS0NBUUVBNWgybGdRUVlVandvS1lKYnpWWkENCjVWY0lHZDVvdFBjL3FaUk10MEtJdENGQTBzOVJ3UmVOVmE5ZkRSRkxSQmhjSVRPbHYzRkJjVzNFOGgxVXM3UkQNCjRXOEdtSmU4emFwSm5Mc0QzOU9TTVJDelpKbmN6VzRPQ0gxUFpSWldLcUR0amxOY2E5QUY4YTY1alRtbER4Q1ENCkNqbnRMSVdrNU9MTFZrRnQ5L3RTY2MxR0R0Y2k1NW9maGFOQVlNUGlIN1Y4KzFnNjZwR0hYQW9XSzZBUVZINjcNClhDS0puR0I1bmxRK0hzTVlQVi9PNDlMZDkxWk4vMnRIa2NhTEx5TnR5d3hWUFJTc1JoNDgwamp1MGZjQ3N2NmgNCnAvMHlYblRCLy9tV3V0QkdwZFVsSWJ3aUlUYkFtcnNiWW5qaWdSdm5QcVgxUk5KVWJpOUZwNkMyYy9ISUZKR0QNCnl3SURBUUFCTUEwR0NTcUdTSWIzRFFFQkJRVUFBNElCQVFDaE81aGdjdy80b1dmb0VGTHU5a0JhMUIvL2t4SDgNCmhRa0NoVk5uOEJSQzdZMFVSUWl0UGwzREtFZWQ5VVJCRGRnMktPQXo3N2JiNkVOUGlsaUQrYTM4VUpISVJNcWUNClVCSGhsbE9ISXp2RGhIRmJhb3ZBTEJRY2VlQnpka1F4c0tRRVNLbVFtUjgzMjk1MFVDb3ZveVJCNjFVeUFWN2gNCittWmhZUEdSS1hLU0pJNnMwRWdnL0NyaStDd2s0YmpKZnJiNWhWc2UxMXloNEQ5TUhod1NmQ09IKzB6NGhQVVQNCkZrdTdkR2F2VVJPNVNWeE1uL3NMNkVuNUQrb1NlWGthZEhwRHMrQWlyeW0yWUhoMTVoMCtqUFNPb1I2eWlWcC8NCjZ6WmVaa3JONDNrdVM3M0twS0RGamZGUGg4dDRyMWdPSWp0dGtOY1FxQmNjdXNucGxRN0hKcHNrDQotLS0tLUVORCBDRVJUSUZJQ0FURS0tLS0tDQoNCjwvY2VydD4NCg0KPGtleT4NCi0tLS0tQkVHSU4gUlNBIFBSSVZBVEUgS0VZLS0tLS0NCk1JSUVwQUlCQUFLQ0FRRUE1aDJsZ1FRWVVqd29LWUpielZaQTVWY0lHZDVvdFBjL3FaUk10MEtJdENGQTBzOVINCndSZU5WYTlmRFJGTFJCaGNJVE9sdjNGQmNXM0U4aDFVczdSRDRXOEdtSmU4emFwSm5Mc0QzOU9TTVJDelpKbmMNCnpXNE9DSDFQWlJaV0txRHRqbE5jYTlBRjhhNjVqVG1sRHhDUUNqbnRMSVdrNU9MTFZrRnQ5L3RTY2MxR0R0Y2kNCjU1b2ZoYU5BWU1QaUg3VjgrMWc2NnBHSFhBb1dLNkFRVkg2N1hDS0puR0I1bmxRK0hzTVlQVi9PNDlMZDkxWk4NCi8ydEhrY2FMTHlOdHl3eFZQUlNzUmg0ODBqanUwZmNDc3Y2aHAvMHlYblRCLy9tV3V0QkdwZFVsSWJ3aUlUYkENCm1yc2JZbmppZ1J2blBxWDFSTkpVYmk5RnA2QzJjL0hJRkpHRHl3SURBUUFCQW9JQkFFUlY3WDVBdnhBOHVSaUsNCms4U0lwc0QwZFgxcEpPTUl3YWtVVnl2YzRFZk4wRGhLUk5iNHJZb1NpRUdUTHl6THB5QmMvQTI4RGxrbTVlT1kNCmZqelhmWWtHdFlpL0Z0eGtnM085dmNyTVE0KzZpK3VHSGFJTDJyTCtzNE1yZk84djF4djYrV2t5MzNFRUdDb3UNClFpd1ZHUkZRWG5Sb1E2Mk5CQ0ZiVU5MaG1Yd2RqMWFrWnpMVTRwNVI0ekEzUWhkeHdFSWF0Vkx0MCs3b3dMUTMNCmxQOHNmWGhwcFBPWGpUcU1ENFFrWXd6UEFhOC96RjdhY240a3J5clVQN1E2UEFmZDB6RVZxTnk5WkNaOWZmaG8NCnpYZWRGajQ4NklGb2M1Z25UcDJONmpzblZqNExDR0lobFZIbFlHb3pLS0ZxSmNRVkdzSENxcTFvejJ6alc2TFMNCm9SWUlIZ0VDZ1lFQTh6WnJrQ3dOWVNYSnVPREozbS9oT0xWeGN4Z0p1d1hvaUVyV2QwRTQydlBhbmpqVk1obnQNCktZNWw4cUdNSjZGaEs5TFl4MnFDcmYvRTBYdFVBWjJ3VnEzT1JUeUduc01XcmU5dExZczU1WCtaTjEwVGM3NXoNCjRoYWNiVTBocUtOMUhpRG1zTVJZMy8yTmFaSG95N01LbndKSkJhRzQ4bDlDQ1RsVndNSG9jSUVDZ1lFQThqYnkNCmRHanhUSCs2WEhXTml6YjVTUmJaeEFueUVlSmVSd1RNaDBnR3p3R1BwSC9zWllHenl1MFN5U1hXQ25aaDNSZ3ENCjV1TGxOeHRyWHJsalpseWkyblFkUWdzcTJZcldVczAremdVKzIydVFzWnBTQWZ0bWhWcnR2ZXQ2TWpWamJCeVkNCkRBRGNpRVZVZEpZSVhrK3FuRlVKeWVyb0xJa1RqN1dZS1o2Umprc0NnWUJvQ0ZJd1JEZWc0Mm9LODlSRm1uT3INCkx5bU5BcTQrMm9NaHNXbFZiNGVqV0lXZUFrOW5jK0dYVWZyWHN6UmhTMDFtVW5VNXI1eWdVdlJjYXJWL1QzVTcNClRuTVorSTdZNERnV1JJRGQ1MXpuaHhJQnRZVjVqL0MvdDg1SGpxT2tIKzhiNlJUa2JjaGFYM21hdTdmcFVmZHMNCkZxMG5oSXE0MmZoRU84c3JmWVl3Z1FLQmdRQ3loaTFOLzh0YVJ3cGsrMy9JREV6UXdqYmZkelVrV1dTRGs5WHMNCkgvcGt1UkhXZlRNUDNmbFdxRVlnVy9MVzQwcGVXMkhEcTVpbWRWOCtBZ1p4ZS9YTWJhamk5TGd3ZjFSWTAwNW4NCkt4YVpRejd5cUh1cFdsTEdGNjhEUEh4a1pWVlNhZ0RuVi9zenRXWDZTRnNDcUZWbnhJWGlmWEdDNGNXNU5tOWcNCnZhOHE0UUtCZ1FDRWhMVmVVZmR3S3ZrWjk0Zy9HRno3MzFaMmhyZFZoZ01aYVUvdTZ0MFY5NStZZXpQTkNRWkINCndtRTlNbWxicTFlbURlUk9pdmpDZm9HaFIza1pYVzFwVEtsTGg2Wk1VUVVPcHB0ZFh2YThYeGZvcVF3YTNlbkENCk03bXVCYkYwWE43Vk84MGlKUHYrUG1JWmRFSUFrcHdLZmkyMDFZQitCYWZDSXVHeElGNTBWZz09DQotLS0tLUVORCBSU0EgUFJJVkFURSBLRVktLS0tLQ0KDQo8L2tleT4NCg0K
vpn520752344,175.196.221.41,610076,37,60121713,Korea Republic of,KR,23,46378507,38197,2517786728927,2weeks,DESKTOP-C1JRSSL's owner,,IyMjIyMjIyMjIyMjIyMjIyMjIyMjIyMjIyMjIyMjIyMjIyMjIyMjIyMjIyMjIyMjIyMjIyMjIyMjIyMjIyMjIyMjIyMjIyMjIyMjIyMjIw0KIyBPcGVuVlBOIDIuMCBTYW1wbGUgQ29uZmlndXJhdGlvbiBGaWxlDQojIGZvciBQYWNrZXRpWCBWUE4gLyBTb2Z0RXRoZXIgVlBOIFNlcnZlcg0KIyANCiMgISEhIEFVVE8tR0VORVJBVEVEIEJZIFNPRlRFVEhFUiBWUE4gU0VSVkVSIE1BTkFHRU1FTlQgVE9PTCAhISENCiMgDQojICEhISBZT1UgSEFWRSBUTyBSRVZJRVcgSVQgQkVGT1JFIFVTRSBBTkQgTU9ESUZZIElUIEFTIE5FQ0VTU0FSWSAhISENCiMgDQojIFRoaXMgY29uZmlndXJhdGlvbiBmaWxlIGlzIGF1dG8tZ2VuZXJhdGVkLiBZb3UgbWlnaHQgdXNlIHRoaXMgY29uZmlnIGZpbGUNCiMgaW4gb3JkZXIgdG8gY29ubmVjdCB0byB0aGUgUGFja2V0aVggVlBOIC8gU29mdEV0aGVyIFZQTiBTZXJ2ZXIuDQojIEhvd2V2ZXIsIGJlZm9yZSB5b3UgdHJ5IGl0LCB5b3Ugc2hvdWxkIHJldmlldyB0aGUgZGVzY3JpcHRpb25zIG9mIHRoZSBmaWxlDQojIHRvIGRldGVybWluZSB0aGUgbmVjZXNzaXR5IHRvIG1vZGlmeSB0byBzdWl0YWJsZSBmb3IgeW91ciByZWFsIGVudmlyb25tZW50Lg0KIyBJZiBuZWNlc3NhcnksIHlvdSBoYXZlIHRvIG1vZGlmeSBhIGxpdHRsZSBhZGVxdWF0ZWx5IG9uIHRoZSBmaWxlLg0KIyBGb3IgZXhhbXBsZSwgdGhlIElQIGFkZHJlc3Mgb3IgdGhlIGhvc3RuYW1lIGFzIGEgZGVzdGluYXRpb24gVlBOIFNlcnZlcg0KIyBzaG91bGQgYmUgY29uZmlybWVkLg0KIyANCiMgTm90ZSB0aGF0IHRvIHVzZSBPcGVuVlBOIDIuMCwgeW91IGhhdmUgdG8gcHV0IHRoZSBjZXJ0aWZpY2F0aW9uIGZpbGUgb2YNCiMgdGhlIGRlc3RpbmF0aW9uIFZQTiBTZXJ2ZXIgb24gdGhlIE9wZW5WUE4gQ2xpZW50IGNvbXB1dGVyIHdoZW4geW91IHVzZSB0aGlzDQojIGNvbmZpZyBmaWxlLiBQbGVhc2UgcmVmZXIgdGhlIGJlbG93IGRlc2NyaXB0aW9ucyBjYXJlZnVsbHkuDQoNCg0KIyMjIyMjIyMjIyMjIyMjIyMjIyMjIyMjIyMjIyMjIyMjIyMjIyMjIyMjIyMjIyMjIyMjIyMjIyMjIyMjIyMjIyMjIyMjIyMjIyMjIyMjIw0KIyBTcGVjaWZ5IHRoZSB0eXBlIG9mIHRoZSBsYXllciBvZiB0aGUgVlBOIGNvbm5lY3Rpb24uDQojIA0KIyBUbyBjb25uZWN0IHRvIHRoZSBWUE4gU2VydmVyIGFzIGEgIlJlbW90ZS1BY2Nlc3MgVlBOIENsaWVudCBQQyIsDQojICBzcGVjaWZ5ICdkZXYgdHVuJy4gKExheWVyLTMgSVAgUm91dGluZyBNb2RlKQ0KIw0KIyBUbyBjb25uZWN0IHRvIHRoZSBWUE4gU2VydmVyIGFzIGEgYnJpZGdpbmcgZXF1aXBtZW50IG9mICJTaXRlLXRvLVNpdGUgVlBOIiwNCiMgIHNwZWNpZnkgJ2RldiB0YXAnLiAoTGF5ZXItMiBFdGhlcm5ldCBCcmlkZ2luZSBNb2RlKQ0KDQpkZXYgdHVuDQoNCg0KIyMjIyMjIyMjIyMjIyMjIyMjIyMjIyMjIyMjIyMjIyMjIyMjIyMjIyMjIyMjIyMjIyMjIyMjIyMjIyMjIyMjIyMjIyMjIyMjIyMjIyMjIw0KIyBTcGVjaWZ5IHRoZSB1bmRlcmx5aW5nIHByb3RvY29sIGJleW9uZCB0aGUgSW50ZXJuZXQuDQojIE5vdGUgdGhhdCB0aGlzIHNldHRpbmcgbXVzdCBiZSBjb3JyZXNwb25kIHdpdGggdGhlIGxpc3RlbmluZyBzZXR0aW5nIG9uDQojIHRoZSBWUE4gU2VydmVyLg0KIyANCiMgU3BlY2lmeSBlaXRoZXIgJ3Byb3RvIHRjcCcgb3IgJ3Byb3RvIHVkcCcuDQoNCnByb3RvIHRjcA0KDQoNCiMjIyMjIyMjIyMjIyMjIyMjIyMjIyMjIyMjIyMjIyMjIyMjIyMjIyMjIyMjIyMjIyMjIyMjIyMjIyMjIyMjIyMjIyMjIyMjIyMjIyMjIyMNCiMgVGhlIGRlc3RpbmF0aW9uIGhvc3RuYW1lIC8gSVAgYWRkcmVzcywgYW5kIHBvcnQgbnVtYmVyIG9mDQojIHRoZSB0YXJnZXQgVlBOIFNlcnZlci4NCiMgDQojIFlvdSBoYXZlIHRvIHNwZWNpZnkgYXMgJ3JlbW90ZSA8SE9TVE5BTUU+IDxQT1JUPicuIFlvdSBjYW4gYWxzbw0KIyBzcGVjaWZ5IHRoZSBJUCBhZGRyZXNzIGluc3RlYWQgb2YgdGhlIGhvc3RuYW1lLg0KIyANCiMgTm90ZSB0aGF0IHRoZSBhdXRvLWdlbmVyYXRlZCBiZWxvdyBob3N0bmFtZSBhcmUgYSAiYXV0by1kZXRlY3RlZA0KIyBJUCBhZGRyZXNzIiBvZiB0aGUgVlBOIFNlcnZlci4gWW91IGhhdmUgdG8gY29uZmlybSB0aGUgY29ycmVjdG5lc3MNCiMgYmVmb3JlaGFuZC4NCiMgDQojIFdoZW4geW91IHdhbnQgdG8gY29ubmVjdCB0byB0aGUgVlBOIFNlcnZlciBieSB1c2luZyBUQ1AgcHJvdG9jb2wsDQojIHRoZSBwb3J0IG51bWJlciBvZiB0aGUgZGVzdGluYXRpb24gVENQIHBvcnQgc2hvdWxkIGJlIHNhbWUgYXMgb25lIG9mDQojIHRoZSBhdmFpbGFibGUgVENQIGxpc3RlbmVycyBvbiB0aGUgVlBOIFNlcnZlci4NCiMgDQojIFdoZW4geW91IHVzZSBVRFAgcHJvdG9jb2wsIHRoZSBwb3J0IG51bWJlciBtdXN0IHNhbWUgYXMgdGhlIGNvbmZpZ3VyYXRpb24NCiMgc2V0dGluZyBvZiAiT3BlblZQTiBTZXJ2ZXIgQ29tcGF0aWJsZSBGdW5jdGlvbiIgb24gdGhlIFZQTiBTZXJ2ZXIuDQoNCnJlbW90ZSAxNzUuMTk2LjIyMS40MSAxNzM2DQoNCg0KIyMjIyMjIyMjIyMjIyMjIyMjIyMjIyMjIyMjIyMjIyMjIyMjIyMjIyMjIyMjIyMjIyMjIyMjIyMjIyMjIyMjIyMjIyMjIyMjIyMjIyMjIw0KIyBUaGUgSFRUUC9IVFRQUyBwcm94eSBzZXR0aW5nLg0KIyANCiMgT25seSBpZiB5b3UgaGF2ZSB0byB1c2UgdGhlIEludGVybmV0IHZpYSBhIHByb3h5LCB1bmNvbW1lbnQgdGhlIGJlbG93DQojIHR3byBsaW5lcyBhbmQgc3BlY2lmeSB0aGUgcHJveHkgYWRkcmVzcyBhbmQgdGhlIHBvcnQgbnVtYmVyLg0KIyBJbiB0aGUgY2FzZSBvZiB1c2luZyBwcm94eS1hdXRoZW50aWNhdGlvbiwgcmVmZXIgdGhlIE9wZW5WUE4gbWFudWFsLg0KDQo7aHR0cC1wcm94eS1yZXRyeQ0KO2h0dHAtcHJveHkgW3Byb3h5IHNlcnZlcl0gW3Byb3h5IHBvcnRdDQoNCg0KIyMjIyMjIyMjIyMjIyMjIyMjIyMjIyMjIyMjIyMjIyMjIyMjIyMjIyMjIyMjIyMjIyMjIyMjIyMjIyMjIyMjIyMjIyMjIyMjIyMjIyMjIw0KIyBUaGUgZW5jcnlwdGlvbiBhbmQgYXV0aGVudGljYXRpb24gYWxnb3JpdGhtLg0KIyANCiMgRGVmYXVsdCBzZXR0aW5nIGlzIGdvb2QuIE1vZGlmeSBpdCBhcyB5b3UgcHJlZmVyLg0KIyBXaGVuIHlvdSBzcGVjaWZ5IGFuIHVuc3VwcG9ydGVkIGFsZ29yaXRobSwgdGhlIGVycm9yIHdpbGwgb2NjdXIuDQojIA0KIyBUaGUgc3VwcG9ydGVkIGFsZ29yaXRobXMgYXJlIGFzIGZvbGxvd3M6DQojICBjaXBoZXI6IFtOVUxMLUNJUEhFUl0gTlVMTCBBRVMtMTI4LUNCQyBBRVMtMTkyLUNCQyBBRVMtMjU2LUNCQyBCRi1DQkMNCiMgICAgICAgICAgQ0FTVC1DQkMgQ0FTVDUtQ0JDIERFUy1DQkMgREVTLUVERS1DQkMgREVTLUVERTMtQ0JDIERFU1gtQ0JDDQojICAgICAgICAgIFJDMi00MC1DQkMgUkMyLTY0LUNCQyBSQzItQ0JDDQojICBhdXRoOiAgIFNIQSBTSEExIE1ENSBNRDQgUk1EMTYwDQoNCmNpcGhlciBBRVMtMTI4LUNCQw0KYXV0aCBTSEExDQoNCg0KIyMjIyMjIyMjIyMjIyMjIyMjIyMjIyMjIyMjIyMjIyMjIyMjIyMjIyMjIyMjIyMjIyMjIyMjIyMjIyMjIyMjIyMjIyMjIyMjIyMjIyMjIw0KIyBPdGhlciBwYXJhbWV0ZXJzIG5lY2Vzc2FyeSB0byBjb25uZWN0IHRvIHRoZSBWUE4gU2VydmVyLg0KIyANCiMgSXQgaXMgbm90IHJlY29tbWVuZGVkIHRvIG1vZGlmeSBpdCB1bmxlc3MgeW91IGhhdmUgYSBwYXJ0aWN1bGFyIG5lZWQuDQoNCnJlc29sdi1yZXRyeSBpbmZpbml0ZQ0Kbm9iaW5kDQpwZXJzaXN0LWtleQ0KcGVyc2lzdC10dW4NCmNsaWVudA0KdmVyYiAzDQojYXV0aC11c2VyLXBhc3MNCg0KDQojIyMjIyMjIyMjIyMjIyMjIyMjIyMjIyMjIyMjIyMjIyMjIyMjIyMjIyMjIyMjIyMjIyMjIyMjIyMjIyMjIyMjIyMjIyMjIyMjIyMjIyMjDQojIFRoZSBjZXJ0aWZpY2F0ZSBmaWxlIG9mIHRoZSBkZXN0aW5hdGlvbiBWUE4gU2VydmVyLg0KIyANCiMgVGhlIENBIGNlcnRpZmljYXRlIGZpbGUgaXMgZW1iZWRkZWQgaW4gdGhlIGlubGluZSBmb3JtYXQuDQojIFlvdSBjYW4gcmVwbGFjZSB0aGlzIENBIGNvbnRlbnRzIGlmIG5lY2Vzc2FyeS4NCiMgUGxlYXNlIG5vdGUgdGhhdCBpZiB0aGUgc2VydmVyIGNlcnRpZmljYXRlIGlzIG5vdCBhIHNlbGYtc2lnbmVkLCB5b3UgaGF2ZSB0bw0KIyBzcGVjaWZ5IHRoZSBzaWduZXIncyByb290IGNlcnRpZmljYXRlIChDQSkgaGVyZS4NCg0KPGNhPg0KLS0tLS1CRUdJTiBDRVJUSUZJQ0FURS0tLS0tDQpNSUlGYXpDQ0ExT2dBd0lCQWdJUkFJSVF6N0RTUU9OWlJHUGd1Mk9DaXdBd0RRWUpLb1pJaHZjTkFRRUxCUUF3DQpUekVMTUFrR0ExVUVCaE1DVlZNeEtUQW5CZ05WQkFvVElFbHVkR1Z5Ym1WMElGTmxZM1Z5YVhSNUlGSmxjMlZoDQpjbU5vSUVkeWIzVndNUlV3RXdZRFZRUURFd3hKVTFKSElGSnZiM1FnV0RFd0hoY05NVFV3TmpBME1URXdORE00DQpXaGNOTXpVd05qQTBNVEV3TkRNNFdqQlBNUXN3Q1FZRFZRUUdFd0pWVXpFcE1DY0dBMVVFQ2hNZ1NXNTBaWEp1DQpaWFFnVTJWamRYSnBkSGtnVW1WelpXRnlZMmdnUjNKdmRYQXhGVEFUQmdOVkJBTVRERWxUVWtjZ1VtOXZkQ0JZDQpNVENDQWlJd0RRWUpLb1pJaHZjTkFRRUJCUUFEZ2dJUEFEQ0NBZ29DZ2dJQkFLM29KSFAwRkRmem01NHJWeWdjDQpoNzdjdDk4NGtJeHVQT1pYb0hqM2RjS2kvdlZxYnZZQVR5amIzbWlHYkVTVHRyRmovUlFTYTc4ZjB1b3hteUYrDQowVE04dWtqMTNYbmZzN2ovRXZFaG1rdkJpb1p4YVVwbVpteVBmanh3djYwcElnYno1TURtZ0s3aVM0KzNtWDZVDQpBNS9UUjVkOG1VZ2pVK2c0cms4S2I0TXUwVWxYaklCMHR0b3YwRGlOZXdOd0lSdDE4akE4K28rdTNkcGpxK3NXDQpUOEtPRVV0K3p3dm8vN1YzTHZTeWUwcmdUQklsREhDTkF5bWc0Vk1rN0JQWjdobS9FTE5LakQrSm8yRlIzcXlIDQpCNVQwWTNIc0x1SnZXNWlCNFlsY05IbHNkdTg3a0dKNTV0dWttaThteGRBUTRRN2UyUkNPRnZ1Mzk2ajN4K1VDDQpCNWlQTmdpVjUrSTNsZzAyZFo3N0RuS3hIWnU4QS9sSkJkaUIzUVcwS3RaQjZhd0JkcFVLRDlqZjFiMFNIelV2DQpLQmRzMHBqQnFBbGtkMjVITjdyT3JGbGVhSjEvY3RhSnhRWkJLVDVaUHQwbTlTVEpFYWRhbzB4QUgwYWhtYlduDQpPbEZ1aGp1ZWZYS25FZ1Y0V2UwK1VYZ1ZDd09QamRBdkJiSStlMG9jUzNNRkV2ekc2dUJRRTN4RGszU3p5blRuDQpqaDhCQ05BdzFGdHhOclFIdXNFd01GeEl0NEk3bUtaOVlJcWlveW1DekxxOWd3UWJvb01EUWFIV0JmRWJ3cmJ3DQpxSHlHTzBhb1NDcUkzSGFhZHI4ZmFxVTlHWS9yT1BOazNzZ3JEUW9vLy9mYjRoVkMxQ0xRSjEzaGVmNFk1M0NJDQpyVTdtMllzNnh0MG5VVzcvdkdUMU0wTlBBZ01CQUFHalFqQkFNQTRHQTFVZER3RUIvd1FFQXdJQkJqQVBCZ05WDQpIUk1CQWY4RUJUQURBUUgvTUIwR0ExVWREZ1FXQkJSNXRGbm1lN2JsNUFGemdBaUl5QnBZOXVtYmJqQU5CZ2txDQpoa2lHOXcwQkFRc0ZBQU9DQWdFQVZSOVlxYnl5cUZEUURMSFlHbWtnSnlrSXJHRjFYSXB1K0lMbGFTL1Y5bFpMDQp1Ymh6RUZuVElaZCs1MHh4KzdMU1lLMDVxQXZxRnlGV2hmRlFEbG5yenVCWjZickpGZStHblkrRWdQYms2WkdRDQozQmViWWh0RjhHYVYwbnh2d3VvNzd4L1B5OWF1Si9HcHNNaXUvWDErbXZvaUJPdi8yWC9xa1NzaXNSY09qL0tLDQpORnRZMlB3QnlWUzV1Q2JNaW9nemlVd3RoRHlDMys2V1Z3VzZMTHYzeExmSFRqdUN2akhJSW5Oemt0SENnS1E1DQpPUkF6STRKTVBKK0dzbFdZSGI0cGhvd2ltNTdpYXp0WE9vSndUZHdKeDRuTENnZE5iT2hkanNudnpxdkh1N1VyDQpUa1hXU3RBbXpPVnl5Z2hxcFpYakZhSDNwTzNKTEYrbCsvK3NLQUl1dnRkN3UrTnhlNUFXMHdkZVJsTjhOd2RDDQpqTlBFbHB6Vm1iVXE0SlVhZ0VpdVREa0h6c3hIcEZLVks3cTQrNjNTTTFOOTVSMU5iZFdoc2NkQ2IrWkFKelZjDQpveWkzQjQzbmpUT1E1eU9mKzFDY2VXeEcxYlFWczVadWZwc01sanE0VWkwLzFsdmgrd2pDaFA0a3FLT0oycXhxDQo0Umdxc2FoRFlWdlRIOXc3alhieUxlaU5kZDhYTTJ3OVUvdDd5MEZmLzl5aTBHRTQ0WmE0ckYyTE45ZDExVFBBDQptUkd1blVIQmNuV0V2Z0pCUWw5bkpFaVUwWnNudmdjL3ViaFBnWFJSNFhxMzdaMGo0cjdnMVNnRUV6d3hBNTdkDQplbXlQeGdjWXhuL2VSNDQvS0o0RUJzK2xWRFIzdmV5Sm0ra1hROTliMjEvK2poNVhvczFBblg1aUl0cmVHQ2M9DQotLS0tLUVORCBDRVJUSUZJQ0FURS0tLS0tDQoNCjwvY2E+DQoNCg0KIyMjIyMjIyMjIyMjIyMjIyMjIyMjIyMjIyMjIyMjIyMjIyMjIyMjIyMjIyMjIyMjIyMjIyMjIyMjIyMjIyMjIyMjIyMjIyMjIyMjIyMjIw0KIyBUaGUgY2xpZW50IGNlcnRpZmljYXRlIGZpbGUgKGR1bW15KS4NCiMgDQojIEluIHNvbWUgaW1wbGVtZW50YXRpb25zIG9mIE9wZW5WUE4gQ2xpZW50IHNvZnR3YXJlDQojIChmb3IgZXhhbXBsZTogT3BlblZQTiBDbGllbnQgZm9yIGlPUyksDQojIGEgcGFpciBvZiBjbGllbnQgY2VydGlmaWNhdGUgYW5kIHByaXZhdGUga2V5IG11c3QgYmUgaW5jbHVkZWQgb24gdGhlDQojIGNvbmZpZ3VyYXRpb24gZmlsZSBkdWUgdG8gdGhlIGxpbWl0YXRpb24gb2YgdGhlIGNsaWVudC4NCiMgU28gdGhpcyBzYW1wbGUgY29uZmlndXJhdGlvbiBmaWxlIGhhcyBhIGR1bW15IHBhaXIgb2YgY2xpZW50IGNlcnRpZmljYXRlDQojIGFuZCBwcml2YXRlIGtleSBhcyBmb2xsb3dzLg0KDQo8Y2VydD4NCi0tLS0tQkVHSU4gQ0VSVElGSUNBVEUtLS0tLQ0KTUlJQ3hqQ0NBYTRDQVFBd0RRWUpLb1pJaHZjTkFRRUZCUUF3S1RFYU1CZ0dBMVVFQXhNUlZsQk9SMkYwWlVOcw0KYVdWdWRFTmxjblF4Q3pBSkJnTlZCQVlUQWtwUU1CNFhEVEV6TURJeE1UQXpORGswT1ZvWERUTTNNREV4T1RBeg0KTVRRd04xb3dLVEVhTUJnR0ExVUVBeE1SVmxCT1IyRjBaVU5zYVdWdWRFTmxjblF4Q3pBSkJnTlZCQVlUQWtwUQ0KTUlJQklqQU5CZ2txaGtpRzl3MEJBUUVGQUFPQ0FROEFNSUlCQ2dLQ0FRRUE1aDJsZ1FRWVVqd29LWUpielZaQQ0KNVZjSUdkNW90UGMvcVpSTXQwS0l0Q0ZBMHM5UndSZU5WYTlmRFJGTFJCaGNJVE9sdjNGQmNXM0U4aDFVczdSRA0KNFc4R21KZTh6YXBKbkxzRDM5T1NNUkN6WkpuY3pXNE9DSDFQWlJaV0txRHRqbE5jYTlBRjhhNjVqVG1sRHhDUQ0KQ2pudExJV2s1T0xMVmtGdDkvdFNjYzFHRHRjaTU1b2ZoYU5BWU1QaUg3VjgrMWc2NnBHSFhBb1dLNkFRVkg2Nw0KWENLSm5HQjVubFErSHNNWVBWL080OUxkOTFaTi8ydEhrY2FMTHlOdHl3eFZQUlNzUmg0ODBqanUwZmNDc3Y2aA0KcC8weVhuVEIvL21XdXRCR3BkVWxJYndpSVRiQW1yc2JZbmppZ1J2blBxWDFSTkpVYmk5RnA2QzJjL0hJRkpHRA0KeXdJREFRQUJNQTBHQ1NxR1NJYjNEUUVCQlFVQUE0SUJBUUNoTzVoZ2N3LzRvV2ZvRUZMdTlrQmExQi8va3hIOA0KaFFrQ2hWTm44QlJDN1kwVVJRaXRQbDNES0VlZDlVUkJEZGcyS09Bejc3YmI2RU5QaWxpRCthMzhVSkhJUk1xZQ0KVUJIaGxsT0hJenZEaEhGYmFvdkFMQlFjZWVCemRrUXhzS1FFU0ttUW1SODMyOTUwVUNvdm95UkI2MVV5QVY3aA0KK21aaFlQR1JLWEtTSkk2czBFZ2cvQ3JpK0N3azRiakpmcmI1aFZzZTExeWg0RDlNSGh3U2ZDT0grMHo0aFBVVA0KRmt1N2RHYXZVUk81U1Z4TW4vc0w2RW41RCtvU2VYa2FkSHBEcytBaXJ5bTJZSGgxNWgwK2pQU09vUjZ5aVZwLw0KNnpaZVprck40M2t1UzczS3BLREZqZkZQaDh0NHIxZ09JanR0a05jUXFCY2N1c25wbFE3SEpwc2sNCi0tLS0tRU5EIENFUlRJRklDQVRFLS0tLS0NCg0KPC9jZXJ0Pg0KDQo8a2V5Pg0KLS0tLS1CRUdJTiBSU0EgUFJJVkFURSBLRVktLS0tLQ0KTUlJRXBBSUJBQUtDQVFFQTVoMmxnUVFZVWp3b0tZSmJ6VlpBNVZjSUdkNW90UGMvcVpSTXQwS0l0Q0ZBMHM5Ug0Kd1JlTlZhOWZEUkZMUkJoY0lUT2x2M0ZCY1czRThoMVVzN1JENFc4R21KZTh6YXBKbkxzRDM5T1NNUkN6WkpuYw0Kelc0T0NIMVBaUlpXS3FEdGpsTmNhOUFGOGE2NWpUbWxEeENRQ2pudExJV2s1T0xMVmtGdDkvdFNjYzFHRHRjaQ0KNTVvZmhhTkFZTVBpSDdWOCsxZzY2cEdIWEFvV0s2QVFWSDY3WENLSm5HQjVubFErSHNNWVBWL080OUxkOTFaTg0KLzJ0SGtjYUxMeU50eXd4VlBSU3NSaDQ4MGpqdTBmY0NzdjZocC8weVhuVEIvL21XdXRCR3BkVWxJYndpSVRiQQ0KbXJzYlluamlnUnZuUHFYMVJOSlViaTlGcDZDMmMvSElGSkdEeXdJREFRQUJBb0lCQUVSVjdYNUF2eEE4dVJpSw0KazhTSXBzRDBkWDFwSk9NSXdha1VWeXZjNEVmTjBEaEtSTmI0cllvU2lFR1RMeXpMcHlCYy9BMjhEbGttNWVPWQ0KZmp6WGZZa0d0WWkvRnR4a2czTzl2Y3JNUTQrNmkrdUdIYUlMMnJMK3M0TXJmTzh2MXh2NitXa3kzM0VFR0NvdQ0KUWl3VkdSRlFYblJvUTYyTkJDRmJVTkxobVh3ZGoxYWtaekxVNHA1UjR6QTNRaGR4d0VJYXRWTHQwKzdvd0xRMw0KbFA4c2ZYaHBwUE9YalRxTUQ0UWtZd3pQQWE4L3pGN2FjbjRrcnlyVVA3UTZQQWZkMHpFVnFOeTlaQ1o5ZmZobw0KelhlZEZqNDg2SUZvYzVnblRwMk42anNuVmo0TENHSWhsVkhsWUdvektLRnFKY1FWR3NIQ3FxMW96MnpqVzZMUw0Kb1JZSUhnRUNnWUVBOHpacmtDd05ZU1hKdU9ESjNtL2hPTFZ4Y3hnSnV3WG9pRXJXZDBFNDJ2UGFuampWTWhudA0KS1k1bDhxR01KNkZoSzlMWXgycUNyZi9FMFh0VUFaMndWcTNPUlR5R25zTVdyZTl0TFlzNTVYK1pOMTBUYzc1eg0KNGhhY2JVMGhxS04xSGlEbXNNUlkzLzJOYVpIb3k3TUtud0pKQmFHNDhsOUNDVGxWd01Ib2NJRUNnWUVBOGpieQ0KZEdqeFRIKzZYSFdOaXpiNVNSYlp4QW55RWVKZVJ3VE1oMGdHendHUHBIL3NaWUd6eXUwU3lTWFdDblpoM1JncQ0KNXVMbE54dHJYcmxqWmx5aTJuUWRRZ3NxMllyV1VzMCt6Z1UrMjJ1UXNacFNBZnRtaFZydHZldDZNalZqYkJ5WQ0KREFEY2lFVlVkSllJWGsrcW5GVUp5ZXJvTElrVGo3V1lLWjZSamtzQ2dZQm9DRkl3UkRlZzQyb0s4OVJGbW5Pcg0KTHltTkFxNCsyb01oc1dsVmI0ZWpXSVdlQWs5bmMrR1hVZnJYc3pSaFMwMW1VblU1cjV5Z1V2UmNhclYvVDNVNw0KVG5NWitJN1k0RGdXUklEZDUxem5oeElCdFlWNWovQy90ODVIanFPa0grOGI2UlRrYmNoYVgzbWF1N2ZwVWZkcw0KRnEwbmhJcTQyZmhFTzhzcmZZWXdnUUtCZ1FDeWhpMU4vOHRhUndwayszL0lERXpRd2piZmR6VWtXV1NEazlYcw0KSC9wa3VSSFdmVE1QM2ZsV3FFWWdXL0xXNDBwZVcySERxNWltZFY4K0FnWnhlL1hNYmFqaTlMZ3dmMVJZMDA1bg0KS3hhWlF6N3lxSHVwV2xMR0Y2OERQSHhrWlZWU2FnRG5WL3N6dFdYNlNGc0NxRlZueElYaWZYR0M0Y1c1Tm05Zw0KdmE4cTRRS0JnUUNFaExWZVVmZHdLdmtaOTRnL0dGejczMVoyaHJkVmhnTVphVS91NnQwVjk1K1llelBOQ1FaQg0Kd21FOU1tbGJxMWVtRGVST2l2akNmb0doUjNrWlhXMXBUS2xMaDZaTVVRVU9wcHRkWHZhOFh4Zm9xUXdhM2VuQQ0KTTdtdUJiRjBYTjdWTzgwaUpQditQbUlaZEVJQWtwd0tmaTIwMVlCK0JhZkNJdUd4SUY1MFZnPT0NCi0tLS0tRU5EIFJTQSBQUklWQVRFIEtFWS0tLS0tDQoNCjwva2V5Pg0KDQo=
vpn777678685,121.162.94.40,604457,28,376612214,Korea Republic of,KR,29,21947507,42118,4774401895959,2weeks,DESKTOP-63AHBNG's owner,,IyMjIyMjIyMjIyMjIyMjIyMjIyMjIyMjIyMjIyMjIyMjIyMjIyMjIyMjIyMjIyMjIyMjIyMjIyMjIyMjIyMjIyMjIyMjIyMjIyMjIyMjIw0KIyBPcGVuVlBOIDIuMCBTYW1wbGUgQ29uZmlndXJhdGlvbiBGaWxlDQojIGZvciBQYWNrZXRpWCBWUE4gLyBTb2Z0RXRoZXIgVlBOIFNlcnZlcg0KIyANCiMgISEhIEFVVE8tR0VORVJBVEVEIEJZIFNPRlRFVEhFUiBWUE4gU0VSVkVSIE1BTkFHRU1FTlQgVE9PTCAhISENCiMgDQojICEhISBZT1UgSEFWRSBUTyBSRVZJRVcgSVQgQkVGT1JFIFVTRSBBTkQgTU9ESUZZIElUIEFTIE5FQ0VTU0FSWSAhISENCiMgDQojIFRoaXMgY29uZmlndXJhdGlvbiBmaWxlIGlzIGF1dG8tZ2VuZXJhdGVkLiBZb3UgbWlnaHQgdXNlIHRoaXMgY29uZmlnIGZpbGUNCiMgaW4gb3JkZXIgdG8gY29ubmVjdCB0byB0aGUgUGFja2V0aVggVlBOIC8gU29mdEV0aGVyIFZQTiBTZXJ2ZXIuDQojIEhvd2V2ZXIsIGJlZm9yZSB5b3UgdHJ5IGl0LCB5b3Ugc2hvdWxkIHJldmlldyB0aGUgZGVzY3JpcHRpb25zIG9mIHRoZSBmaWxlDQojIHRvIGRldGVybWluZSB0aGUgbmVjZXNzaXR5IHRvIG1vZGlmeSB0byBzdWl0YWJsZSBmb3IgeW91ciByZWFsIGVudmlyb25tZW50Lg0KIyBJZiBuZWNlc3NhcnksIHlvdSBoYXZlIHRvIG1vZGlmeSBhIGxpdHRsZSBhZGVxdWF0ZWx5IG9uIHRoZSBmaWxlLg0KIyBGb3IgZXhhbXBsZSwgdGhlIElQIGFkZHJlc3Mgb3IgdGhlIGhvc3RuYW1lIGFzIGEgZGVzdGluYXRpb24gVlBOIFNlcnZlcg0KIyBzaG91bGQgYmUgY29uZmlybWVkLg0KIyANCiMgTm90ZSB0aGF0IHRvIHVzZSBPcGVuVlBOIDIuMCwgeW91IGhhdmUgdG8gcHV0IHRoZSBjZXJ0aWZpY2F0aW9uIGZpbGUgb2YNCiMgdGhlIGRlc3RpbmF0aW9uIFZQTiBTZXJ2ZXIgb24gdGhlIE9wZW5WUE4gQ2xpZW50IGNvbXB1dGVyIHdoZW4geW91IHVzZSB0aGlzDQojIGNvbmZpZyBmaWxlLiBQbGVhc2UgcmVmZXIgdGhlIGJlbG93IGRlc2NyaXB0aW9ucyBjYXJlZnVsbHkuDQoNCg0KIyMjIyMjIyMjIyMjIyMjIyMjIyMjIyMjIyMjIyMjIyMjIyMjIyMjIyMjIyMjIyMjIyMjIyMjIyMjIyMjIyMjIyMjIyMjIyMjIyMjIyMjIw0KIyBTcGVjaWZ5IHRoZSB0eXBlIG9mIHRoZSBsYXllciBvZiB0aGUgVlBOIGNvbm5lY3Rpb24uDQojIA0KIyBUbyBjb25uZWN0IHRvIHRoZSBWUE4gU2VydmVyIGFzIGEgIlJlbW90ZS1BY2Nlc3MgVlBOIENsaWVudCBQQyIsDQojICBzcGVjaWZ5ICdkZXYgdHVuJy4gKExheWVyLTMgSVAgUm91dGluZyBNb2RlKQ0KIw0KIyBUbyBjb25uZWN0IHRvIHRoZSBWUE4gU2VydmVyIGFzIGEgYnJpZGdpbmcgZXF1aXBtZW50IG9mICJTaXRlLXRvLVNpdGUgVlBOIiwNCiMgIHNwZWNpZnkgJ2RldiB0YXAnLiAoTGF5ZXItMiBFdGhlcm5ldCBCcmlkZ2luZSBNb2RlKQ0KDQpkZXYgdHVuDQoNCg0KIyMjIyMjIyMjIyMjIyMjIyMjIyMjIyMjIyMjIyMjIyMjIyMjIyMjIyMjIyMjIyMjIyMjIyMjIyMjIyMjIyMjIyMjIyMjIyMjIyMjIyMjIw0KIyBTcGVjaWZ5IHRoZSB1bmRlcmx5aW5nIHByb3RvY29sIGJleW9uZCB0aGUgSW50ZXJuZXQuDQojIE5vdGUgdGhhdCB0aGlzIHNldHRpbmcgbXVzdCBiZSBjb3JyZXNwb25kIHdpdGggdGhlIGxpc3RlbmluZyBzZXR0aW5nIG9uDQojIHRoZSBWUE4gU2VydmVyLg0KIyANCiMgU3BlY2lmeSBlaXRoZXIgJ3Byb3RvIHRjcCcgb3IgJ3Byb3RvIHVkcCcuDQoNCnByb3RvIHRjcA0KDQoNCiMjIyMjIyMjIyMjIyMjIyMjIyMjIyMjIyMjIyMjIyMjIyMjIyMjIyMjIyMjIyMjIyMjIyMjIyMjIyMjIyMjIyMjIyMjIyMjIyMjIyMjIyMNCiMgVGhlIGRlc3RpbmF0aW9uIGhvc3RuYW1lIC8gSVAgYWRkcmVzcywgYW5kIHBvcnQgbnVtYmVyIG9mDQojIHRoZSB0YXJnZXQgVlBOIFNlcnZlci4NCiMgDQojIFlvdSBoYXZlIHRvIHNwZWNpZnkgYXMgJ3JlbW90ZSA8SE9TVE5BTUU+IDxQT1JUPicuIFlvdSBjYW4gYWxzbw0KIyBzcGVjaWZ5IHRoZSBJUCBhZGRyZXNzIGluc3RlYWQgb2YgdGhlIGhvc3RuYW1lLg0KIyANCiMgTm90ZSB0aGF0IHRoZSBhdXRvLWdlbmVyYXRlZCBiZWxvdyBob3N0bmFtZSBhcmUgYSAiYXV0by1kZXRlY3RlZA0KIyBJUCBhZGRyZXNzIiBvZiB0aGUgVlBOIFNlcnZlci4gWW91IGhhdmUgdG8gY29uZmlybSB0aGUgY29ycmVjdG5lc3MNCiMgYmVmb3JlaGFuZC4NCiMgDQojIFdoZW4geW91IHdhbnQgdG8gY29ubmVjdCB0byB0aGUgVlBOIFNlcnZlciBieSB1c2luZyBUQ1AgcHJvdG9jb2wsDQojIHRoZSBwb3J0IG51bWJlciBvZiB0aGUgZGVzdGluYXRpb24gVENQIHBvcnQgc2hvdWxkIGJlIHNhbWUgYXMgb25lIG9mDQojIHRoZSBhdmFpbGFibGUgVENQIGxpc3RlbmVycyBvbiB0aGUgVlBOIFNlcnZlci4NCiMgDQojIFdoZW4geW91IHVzZSBVRFAgcHJvdG9jb2wsIHRoZSBwb3J0IG51bWJlciBtdXN0IHNhbWUgYXMgdGhlIGNvbmZpZ3VyYXRpb24NCiMgc2V0dGluZyBvZiAiT3BlblZQTiBTZXJ2ZXIgQ29tcGF0aWJsZSBGdW5jdGlvbiIgb24gdGhlIFZQTiBTZXJ2ZXIuDQoNCnJlbW90ZSAxMjEuMTYyLjk0LjQwIDk5NQ0KDQoNCiMjIyMjIyMjIyMjIyMjIyMjIyMjIyMjIyMjIyMjIyMjIyMjIyMjIyMjIyMjIyMjIyMjIyMjIyMjIyMjIyMjIyMjIyMjIyMjIyMjIyMjIyMNCiMgVGhlIEhUVFAvSFRUUFMgcHJveHkgc2V0dGluZy4NCiMgDQojIE9ubHkgaWYgeW91IGhhdmUgdG8gdXNlIHRoZSBJbnRlcm5ldCB2aWEgYSBwcm94eSwgdW5jb21tZW50IHRoZSBiZWxvdw0KIyB0d28gbGluZXMgYW5kIHNwZWNpZnkgdGhlIHByb3h5IGFkZHJlc3MgYW5kIHRoZSBwb3J0IG51bWJlci4NCiMgSW4gdGhlIGNhc2Ugb2YgdXNpbmcgcHJveHktYXV0aGVudGljYXRpb24sIHJlZmVyIHRoZSBPcGVuVlBOIG1hbnVhbC4NCg0KO2h0dHAtcHJveHktcmV0cnkNCjtodHRwLXByb3h5IFtwcm94eSBzZXJ2ZXJdIFtwcm94eSBwb3J0XQ0KDQoNCiMjIyMjIyMjIyMjIyMjIyMjIyMjIyMjIyMjIyMjIyMjIyMjIyMjIyMjIyMjIyMjIyMjIyMjIyMjIyMjIyMjIyMjIyMjIyMjIyMjIyMjIyMNCiMgVGhlIGVuY3J5cHRpb24gYW5kIGF1dGhlbnRpY2F0aW9uIGFsZ29yaXRobS4NCiMgDQojIERlZmF1bHQgc2V0dGluZyBpcyBnb29kLiBNb2RpZnkgaXQgYXMgeW91IHByZWZlci4NCiMgV2hlbiB5b3Ugc3BlY2lmeSBhbiB1bnN1cHBvcnRlZCBhbGdvcml0aG0sIHRoZSBlcnJvciB3aWxsIG9jY3VyLg0KIyANCiMgVGhlIHN1cHBvcnRlZCBhbGdvcml0aG1zIGFyZSBhcyBmb2xsb3dzOg0KIyAgY2lwaGVyOiBbTlVMTC1DSVBIRVJdIE5VTEwgQUVTLTEyOC1DQkMgQUVTLTE5Mi1DQkMgQUVTLTI1Ni1DQkMgQkYtQ0JDDQojICAgICAgICAgIENBU1QtQ0JDIENBU1Q1LUNCQyBERVMtQ0JDIERFUy1FREUtQ0JDIERFUy1FREUzLUNCQyBERVNYLUNCQw0KIyAgICAgICAgICBSQzItNDAtQ0JDIFJDMi02NC1DQkMgUkMyLUNCQw0KIyAgYXV0aDogICBTSEEgU0hBMSBNRDUgTUQ0IFJNRDE2MA0KDQpjaXBoZXIgQUVTLTEyOC1DQkMNCmF1dGggU0hBMQ0KDQoNCiMjIyMjIyMjIyMjIyMjIyMjIyMjIyMjIyMjIyMjIyMjIyMjIyMjIyMjIyMjIyMjIyMjIyMjIyMjIyMjIyMjIyMjIyMjIyMjIyMjIyMjIyMNCiMgT3RoZXIgcGFyYW1ldGVycyBuZWNlc3NhcnkgdG8gY29ubmVjdCB0byB0aGUgVlBOIFNlcnZlci4NCiMgDQojIEl0IGlzIG5vdCByZWNvbW1lbmRlZCB0byBtb2RpZnkgaXQgdW5sZXNzIHlvdSBoYXZlIGEgcGFydGljdWxhciBuZWVkLg0KDQpyZXNvbHYtcmV0cnkgaW5maW5pdGUNCm5vYmluZA0KcGVyc2lzdC1rZXkNCnBlcnNpc3QtdHVuDQpjbGllbnQNCnZlcmIgMw0KI2F1dGgtdXNlci1wYXNzDQoNCg0KIyMjIyMjIyMjIyMjIyMjIyMjIyMjIyMjIyMjIyMjIyMjIyMjIyMjIyMjIyMjIyMjIyMjIyMjIyMjIyMjIyMjIyMjIyMjIyMjIyMjIyMjIw0KIyBUaGUgY2VydGlmaWNhdGUgZmlsZSBvZiB0aGUgZGVzdGluYXRpb24gVlBOIFNlcnZlci4NCiMgDQojIFRoZSBDQSBjZXJ0aWZpY2F0ZSBmaWxlIGlzIGVtYmVkZGVkIGluIHRoZSBpbmxpbmUgZm9ybWF0Lg0KIyBZb3UgY2FuIHJlcGxhY2UgdGhpcyBDQSBjb250ZW50cyBpZiBuZWNlc3NhcnkuDQojIFBsZWFzZSBub3RlIHRoYXQgaWYgdGhlIHNlcnZlciBjZXJ0aWZpY2F0ZSBpcyBub3QgYSBzZWxmLXNpZ25lZCwgeW91IGhhdmUgdG8NCiMgc3BlY2lmeSB0aGUgc2lnbmVyJ3Mgcm9vdCBjZXJ0aWZpY2F0ZSAoQ0EpIGhlcmUuDQoNCjxjYT4NCi0tLS0tQkVHSU4gQ0VSVElGSUNBVEUtLS0tLQ0KTUlJRmF6Q0NBMU9nQXdJQkFnSVJBSUlRejdEU1FPTlpSR1BndTJPQ2l3QXdEUVlKS29aSWh2Y05BUUVMQlFBdw0KVHpFTE1Ba0dBMVVFQmhNQ1ZWTXhLVEFuQmdOVkJBb1RJRWx1ZEdWeWJtVjBJRk5sWTNWeWFYUjVJRkpsYzJWaA0KY21Ob0lFZHliM1Z3TVJVd0V3WURWUVFERXd4SlUxSkhJRkp2YjNRZ1dERXdIaGNOTVRVd05qQTBNVEV3TkRNNA0KV2hjTk16VXdOakEwTVRFd05ETTRXakJQTVFzd0NRWURWUVFHRXdKVlV6RXBNQ2NHQTFVRUNoTWdTVzUwWlhKdQ0KWlhRZ1UyVmpkWEpwZEhrZ1VtVnpaV0Z5WTJnZ1IzSnZkWEF4RlRBVEJnTlZCQU1UREVsVFVrY2dVbTl2ZENCWQ0KTVRDQ0FpSXdEUVlKS29aSWh2Y05BUUVCQlFBRGdnSVBBRENDQWdvQ2dnSUJBSzNvSkhQMEZEZnptNTRyVnlnYw0KaDc3Y3Q5ODRrSXh1UE9aWG9IajNkY0tpL3ZWcWJ2WUFUeWpiM21pR2JFU1R0ckZqL1JRU2E3OGYwdW94bXlGKw0KMFRNOHVrajEzWG5mczdqL0V2RWhta3ZCaW9aeGFVcG1abXlQZmp4d3Y2MHBJZ2J6NU1EbWdLN2lTNCszbVg2VQ0KQTUvVFI1ZDhtVWdqVStnNHJrOEtiNE11MFVsWGpJQjB0dG92MERpTmV3TndJUnQxOGpBOCtvK3UzZHBqcStzVw0KVDhLT0VVdCt6d3ZvLzdWM0x2U3llMHJnVEJJbERIQ05BeW1nNFZNazdCUFo3aG0vRUxOS2pEK0pvMkZSM3F5SA0KQjVUMFkzSHNMdUp2VzVpQjRZbGNOSGxzZHU4N2tHSjU1dHVrbWk4bXhkQVE0UTdlMlJDT0Z2dTM5NmozeCtVQw0KQjVpUE5naVY1K0kzbGcwMmRaNzdEbkt4SFp1OEEvbEpCZGlCM1FXMEt0WkI2YXdCZHBVS0Q5amYxYjBTSHpVdg0KS0JkczBwakJxQWxrZDI1SE43ck9yRmxlYUoxL2N0YUp4UVpCS1Q1WlB0MG05U1RKRWFkYW8weEFIMGFobWJXbg0KT2xGdWhqdWVmWEtuRWdWNFdlMCtVWGdWQ3dPUGpkQXZCYkkrZTBvY1MzTUZFdnpHNnVCUUUzeERrM1N6eW5Ubg0Kamg4QkNOQXcxRnR4TnJRSHVzRXdNRnhJdDRJN21LWjlZSXFpb3ltQ3pMcTlnd1Fib29NRFFhSFdCZkVid3Jidw0KcUh5R08wYW9TQ3FJM0hhYWRyOGZhcVU5R1kvck9QTmszc2dyRFFvby8vZmI0aFZDMUNMUUoxM2hlZjRZNTNDSQ0KclU3bTJZczZ4dDBuVVc3L3ZHVDFNME5QQWdNQkFBR2pRakJBTUE0R0ExVWREd0VCL3dRRUF3SUJCakFQQmdOVg0KSFJNQkFmOEVCVEFEQVFIL01CMEdBMVVkRGdRV0JCUjV0Rm5tZTdibDVBRnpnQWlJeUJwWTl1bWJiakFOQmdrcQ0KaGtpRzl3MEJBUXNGQUFPQ0FnRUFWUjlZcWJ5eXFGRFFETEhZR21rZ0p5a0lyR0YxWElwdStJTGxhUy9WOWxaTA0KdWJoekVGblRJWmQrNTB4eCs3TFNZSzA1cUF2cUZ5RldoZkZRRGxucnp1Qlo2YnJKRmUrR25ZK0VnUGJrNlpHUQ0KM0JlYllodEY4R2FWMG54dnd1bzc3eC9QeTlhdUovR3BzTWl1L1gxK212b2lCT3YvMlgvcWtTc2lzUmNPai9LSw0KTkZ0WTJQd0J5VlM1dUNiTWlvZ3ppVXd0aER5QzMrNldWd1c2TEx2M3hMZkhUanVDdmpISUluTnprdEhDZ0tRNQ0KT1JBekk0Sk1QSitHc2xXWUhiNHBob3dpbTU3aWF6dFhPb0p3VGR3Sng0bkxDZ2ROYk9oZGpzbnZ6cXZIdTdVcg0KVGtYV1N0QW16T1Z5eWdocXBaWGpGYUgzcE8zSkxGK2wrLytzS0FJdXZ0ZDd1K054ZTVBVzB3ZGVSbE44TndkQw0Kak5QRWxwelZtYlVxNEpVYWdFaXVURGtIenN4SHBGS1ZLN3E0KzYzU00xTjk1UjFOYmRXaHNjZENiK1pBSnpWYw0Kb3lpM0I0M25qVE9RNXlPZisxQ2NlV3hHMWJRVnM1WnVmcHNNbGpxNFVpMC8xbHZoK3dqQ2hQNGtxS09KMnF4cQ0KNFJncXNhaERZVnZUSDl3N2pYYnlMZWlOZGQ4WE0ydzlVL3Q3eTBGZi85eWkwR0U0NFphNHJGMkxOOWQxMVRQQQ0KbVJHdW5VSEJjbldFdmdKQlFsOW5KRWlVMFpzbnZnYy91YmhQZ1hSUjRYcTM3WjBqNHI3ZzFTZ0VFend4QTU3ZA0KZW15UHhnY1l4bi9lUjQ0L0tKNEVCcytsVkRSM3ZleUptK2tYUTk5YjIxLytqaDVYb3MxQW5YNWlJdHJlR0NjPQ0KLS0tLS1FTkQgQ0VSVElGSUNBVEUtLS0tLQ0KDQo8L2NhPg0KDQoNCiMjIyMjIyMjIyMjIyMjIyMjIyMjIyMjIyMjIyMjIyMjIyMjIyMjIyMjIyMjIyMjIyMjIyMjIyMjIyMjIyMjIyMjIyMjIyMjIyMjIyMjIyMNCiMgVGhlIGNsaWVudCBjZXJ0aWZpY2F0ZSBmaWxlIChkdW1teSkuDQojIA0KIyBJbiBzb21lIGltcGxlbWVudGF0aW9ucyBvZiBPcGVuVlBOIENsaWVudCBzb2Z0d2FyZQ0KIyAoZm9yIGV4YW1wbGU6IE9wZW5WUE4gQ2xpZW50IGZvciBpT1MpLA0KIyBhIHBhaXIgb2YgY2xpZW50IGNlcnRpZmljYXRlIGFuZCBwcml2YXRlIGtleSBtdXN0IGJlIGluY2x1ZGVkIG9uIHRoZQ0KIyBjb25maWd1cmF0aW9uIGZpbGUgZHVlIHRvIHRoZSBsaW1pdGF0aW9uIG9mIHRoZSBjbGllbnQuDQojIFNvIHRoaXMgc2FtcGxlIGNvbmZpZ3VyYXRpb24gZmlsZSBoYXMgYSBkdW1teSBwYWlyIG9mIGNsaWVudCBjZXJ0aWZpY2F0ZQ0KIyBhbmQgcHJpdmF0ZSBrZXkgYXMgZm9sbG93cy4NCg0KPGNlcnQ+DQotLS0tLUJFR0lOIENFUlRJRklDQVRFLS0tLS0NCk1JSUN4akNDQWE0Q0FRQXdEUVlKS29aSWh2Y05BUUVGQlFBd0tURWFNQmdHQTFVRUF4TVJWbEJPUjJGMFpVTnMNCmFXVnVkRU5sY25ReEN6QUpCZ05WQkFZVEFrcFFNQjRYRFRFek1ESXhNVEF6TkRrME9Wb1hEVE0zTURFeE9UQXoNCk1UUXdOMW93S1RFYU1CZ0dBMVVFQXhNUlZsQk9SMkYwWlVOc2FXVnVkRU5sY25ReEN6QUpCZ05WQkFZVEFrcFENCk1JSUJJakFOQmdrcWhraUc5dzBCQVFFRkFBT0NBUThBTUlJQkNnS0NBUUVBNWgybGdRUVlVandvS1lKYnpWWkENCjVWY0lHZDVvdFBjL3FaUk10MEtJdENGQTBzOVJ3UmVOVmE5ZkRSRkxSQmhjSVRPbHYzRkJjVzNFOGgxVXM3UkQNCjRXOEdtSmU4emFwSm5Mc0QzOU9TTVJDelpKbmN6VzRPQ0gxUFpSWldLcUR0amxOY2E5QUY4YTY1alRtbER4Q1ENCkNqbnRMSVdrNU9MTFZrRnQ5L3RTY2MxR0R0Y2k1NW9maGFOQVlNUGlIN1Y4KzFnNjZwR0hYQW9XSzZBUVZINjcNClhDS0puR0I1bmxRK0hzTVlQVi9PNDlMZDkxWk4vMnRIa2NhTEx5TnR5d3hWUFJTc1JoNDgwamp1MGZjQ3N2NmgNCnAvMHlYblRCLy9tV3V0QkdwZFVsSWJ3aUlUYkFtcnNiWW5qaWdSdm5QcVgxUk5KVWJpOUZwNkMyYy9ISUZKR0QNCnl3SURBUUFCTUEwR0NTcUdTSWIzRFFFQkJRVUFBNElCQVFDaE81aGdjdy80b1dmb0VGTHU5a0JhMUIvL2t4SDgNCmhRa0NoVk5uOEJSQzdZMFVSUWl0UGwzREtFZWQ5VVJCRGRnMktPQXo3N2JiNkVOUGlsaUQrYTM4VUpISVJNcWUNClVCSGhsbE9ISXp2RGhIRmJhb3ZBTEJRY2VlQnpka1F4c0tRRVNLbVFtUjgzMjk1MFVDb3ZveVJCNjFVeUFWN2gNCittWmhZUEdSS1hLU0pJNnMwRWdnL0NyaStDd2s0YmpKZnJiNWhWc2UxMXloNEQ5TUhod1NmQ09IKzB6NGhQVVQNCkZrdTdkR2F2VVJPNVNWeE1uL3NMNkVuNUQrb1NlWGthZEhwRHMrQWlyeW0yWUhoMTVoMCtqUFNPb1I2eWlWcC8NCjZ6WmVaa3JONDNrdVM3M0twS0RGamZGUGg4dDRyMWdPSWp0dGtOY1FxQmNjdXNucGxRN0hKcHNrDQotLS0tLUVORCBDRVJUSUZJQ0FURS0tLS0tDQoNCjwvY2VydD4NCg0KPGtleT4NCi0tLS0tQkVHSU4gUlNBIFBSSVZBVEUgS0VZLS0tLS0NCk1JSUVwQUlCQUFLQ0FRRUE1aDJsZ1FRWVVqd29LWUpielZaQTVWY0lHZDVvdFBjL3FaUk10MEtJdENGQTBzOVINCndSZU5WYTlmRFJGTFJCaGNJVE9sdjNGQmNXM0U4aDFVczdSRDRXOEdtSmU4emFwSm5Mc0QzOU9TTVJDelpKbmMNCnpXNE9DSDFQWlJaV0txRHRqbE5jYTlBRjhhNjVqVG1sRHhDUUNqbnRMSVdrNU9MTFZrRnQ5L3RTY2MxR0R0Y2kNCjU1b2ZoYU5BWU1QaUg3VjgrMWc2NnBHSFhBb1dLNkFRVkg2N1hDS0puR0I1bmxRK0hzTVlQVi9PNDlMZDkxWk4NCi8ydEhrY2FMTHlOdHl3eFZQUlNzUmg0ODBqanUwZmNDc3Y2aHAvMHlYblRCLy9tV3V0QkdwZFVsSWJ3aUlUYkENCm1yc2JZbmppZ1J2blBxWDFSTkpVYmk5RnA2QzJjL0hJRkpHRHl3SURBUUFCQW9JQkFFUlY3WDVBdnhBOHVSaUsNCms4U0lwc0QwZFgxcEpPTUl3YWtVVnl2YzRFZk4wRGhLUk5iNHJZb1NpRUdUTHl6THB5QmMvQTI4RGxrbTVlT1kNCmZqelhmWWtHdFlpL0Z0eGtnM085dmNyTVE0KzZpK3VHSGFJTDJyTCtzNE1yZk84djF4djYrV2t5MzNFRUdDb3UNClFpd1ZHUkZRWG5Sb1E2Mk5CQ0ZiVU5MaG1Yd2RqMWFrWnpMVTRwNVI0ekEzUWhkeHdFSWF0Vkx0MCs3b3dMUTMNCmxQOHNmWGhwcFBPWGpUcU1ENFFrWXd6UEFhOC96RjdhY240a3J5clVQN1E2UEFmZDB6RVZxTnk5WkNaOWZmaG8NCnpYZWRGajQ4NklGb2M1Z25UcDJONmpzblZqNExDR0lobFZIbFlHb3pLS0ZxSmNRVkdzSENxcTFvejJ6alc2TFMNCm9SWUlIZ0VDZ1lFQTh6WnJrQ3dOWVNYSnVPREozbS9oT0xWeGN4Z0p1d1hvaUVyV2QwRTQydlBhbmpqVk1obnQNCktZNWw4cUdNSjZGaEs5TFl4MnFDcmYvRTBYdFVBWjJ3VnEzT1JUeUduc01XcmU5dExZczU1WCtaTjEwVGM3NXoNCjRoYWNiVTBocUtOMUhpRG1zTVJZMy8yTmFaSG95N01LbndKSkJhRzQ4bDlDQ1RsVndNSG9jSUVDZ1lFQThqYnkNCmRHanhUSCs2WEhXTml6YjVTUmJaeEFueUVlSmVSd1RNaDBnR3p3R1BwSC9zWllHenl1MFN5U1hXQ25aaDNSZ3ENCjV1TGxOeHRyWHJsalpseWkyblFkUWdzcTJZcldVczAremdVKzIydVFzWnBTQWZ0bWhWcnR2ZXQ2TWpWamJCeVkNCkRBRGNpRVZVZEpZSVhrK3FuRlVKeWVyb0xJa1RqN1dZS1o2Umprc0NnWUJvQ0ZJd1JEZWc0Mm9LODlSRm1uT3INCkx5bU5BcTQrMm9NaHNXbFZiNGVqV0lXZUFrOW5jK0dYVWZyWHN6UmhTMDFtVW5VNXI1eWdVdlJjYXJWL1QzVTcNClRuTVorSTdZNERnV1JJRGQ1MXpuaHhJQnRZVjVqL0MvdDg1SGpxT2tIKzhiNlJUa2JjaGFYM21hdTdmcFVmZHMNCkZxMG5oSXE0MmZoRU84c3JmWVl3Z1FLQmdRQ3loaTFOLzh0YVJ3cGsrMy9JREV6UXdqYmZkelVrV1dTRGs5WHMNCkgvcGt1UkhXZlRNUDNmbFdxRVlnVy9MVzQwcGVXMkhEcTVpbWRWOCtBZ1p4ZS9YTWJhamk5TGd3ZjFSWTAwNW4NCkt4YVpRejd5cUh1cFdsTEdGNjhEUEh4a1pWVlNhZ0RuVi9zenRXWDZTRnNDcUZWbnhJWGlmWEdDNGNXNU5tOWcNCnZhOHE0UUtCZ1FDRWhMVmVVZmR3S3ZrWjk0Zy9HRno3MzFaMmhyZFZoZ01aYVUvdTZ0MFY5NStZZXpQTkNRWkINCndtRTlNbWxicTFlbURlUk9pdmpDZm9HaFIza1pYVzFwVEtsTGg2Wk1VUVVPcHB0ZFh2YThYeGZvcVF3YTNlbkENCk03bXVCYkYwWE43Vk84MGlKUHYrUG1JWmRFSUFrcHdLZmkyMDFZQitCYWZDSXVHeElGNTBWZz09DQotLS0tLUVORCBSU0EgUFJJVkFURSBLRVktLS0tLQ0KDQo8L2tleT4NCg0K
vpn224676371,5.18.157.155,603168,6,94750378,Russian Federation,RU,0,0,1466,282917550770,2weeks,DESKTOP-B3FPL9H's owner,,IyMjIyMjIyMjIyMjIyMjIyMjIyMjIyMjIyMjIyMjIyMjIyMjIyMjIyMjIyMjIyMjIyMjIyMjIyMjIyMjIyMjIyMjIyMjIyMjIyMjIyMjIw0KIyBPcGVuVlBOIDIuMCBTYW1wbGUgQ29uZmlndXJhdGlvbiBGaWxlDQojIGZvciBQYWNrZXRpWCBWUE4gLyBTb2Z0RXRoZXIgVlBOIFNlcnZlcg0KIyANCiMgISEhIEFVVE8tR0VORVJBVEVEIEJZIFNPRlRFVEhFUiBWUE4gU0VSVkVSIE1BTkFHRU1FTlQgVE9PTCAhISENCiMgDQojICEhISBZT1UgSEFWRSBUTyBSRVZJRVcgSVQgQkVGT1JFIFVTRSBBTkQgTU9ESUZZIElUIEFTIE5FQ0VTU0FSWSAhISENCiMgDQojIFRoaXMgY29uZmlndXJhdGlvbiBmaWxlIGlzIGF1dG8tZ2VuZXJhdGVkLiBZb3UgbWlnaHQgdXNlIHRoaXMgY29uZmlnIGZpbGUNCiMgaW4gb3JkZXIgdG8gY29ubmVjdCB0byB0aGUgUGFja2V0aVggVlBOIC8gU29mdEV0aGVyIFZQTiBTZXJ2ZXIuDQojIEhvd2V2ZXIsIGJlZm9yZSB5b3UgdHJ5IGl0LCB5b3Ugc2hvdWxkIHJldmlldyB0aGUgZGVzY3JpcHRpb25zIG9mIHRoZSBmaWxlDQojIHRvIGRldGVybWluZSB0aGUgbmVjZXNzaXR5IHRvIG1vZGlmeSB0byBzdWl0YWJsZSBmb3IgeW91ciByZWFsIGVudmlyb25tZW50Lg0KIyBJZiBuZWNlc3NhcnksIHlvdSBoYXZlIHRvIG1vZGlmeSBhIGxpdHRsZSBhZGVxdWF0ZWx5IG9uIHRoZSBmaWxlLg0KIyBGb3IgZXhhbXBsZSwgdGhlIElQIGFkZHJlc3Mgb3IgdGhlIGhvc3RuYW1lIGFzIGEgZGVzdGluYXRpb24gVlBOIFNlcnZlcg0KIyBzaG91bGQgYmUgY29uZmlybWVkLg0KIyANCiMgTm90ZSB0aGF0IHRvIHVzZSBPcGVuVlBOIDIuMCwgeW91IGhhdmUgdG8gcHV0IHRoZSBjZXJ0aWZpY2F0aW9uIGZpbGUgb2YNCiMgdGhlIGRlc3RpbmF0aW9uIFZQTiBTZXJ2ZXIgb24gdGhlIE9wZW5WUE4gQ2xpZW50IGNvbXB1dGVyIHdoZW4geW91IHVzZSB0aGlzDQojIGNvbmZpZyBmaWxlLiBQbGVhc2UgcmVmZXIgdGhlIGJlbG93IGRlc2NyaXB0aW9ucyBjYXJlZnVsbHkuDQoNCg0KIyMjIyMjIyMjIyMjIyMjIyMjIyMjIyMjIyMjIyMjIyMjIyMjIyMjIyMjIyMjIyMjIyMjIyMjIyMjIyMjIyMjIyMjIyMjIyMjIyMjIyMjIw0KIyBTcGVjaWZ5IHRoZSB0eXBlIG9mIHRoZSBsYXllciBvZiB0aGUgVlBOIGNvbm5lY3Rpb24uDQojIA0KIyBUbyBjb25uZWN0IHRvIHRoZSBWUE4gU2VydmVyIGFzIGEgIlJlbW90ZS1BY2Nlc3MgVlBOIENsaWVudCBQQyIsDQojICBzcGVjaWZ5ICdkZXYgdHVuJy4gKExheWVyLTMgSVAgUm91dGluZyBNb2RlKQ0KIw0KIyBUbyBjb25uZWN0IHRvIHRoZSBWUE4gU2VydmVyIGFzIGEgYnJpZGdpbmcgZXF1aXBtZW50IG9mICJTaXRlLXRvLVNpdGUgVlBOIiwNCiMgIHNwZWNpZnkgJ2RldiB0YXAnLiAoTGF5ZXItMiBFdGhlcm5ldCBCcmlkZ2luZSBNb2RlKQ0KDQpkZXYgdHVuDQoNCg0KIyMjIyMjIyMjIyMjIyMjIyMjIyMjIyMjIyMjIyMjIyMjIyMjIyMjIyMjIyMjIyMjIyMjIyMjIyMjIyMjIyMjIyMjIyMjIyMjIyMjIyMjIw0KIyBTcGVjaWZ5IHRoZSB1bmRlcmx5aW5nIHByb3RvY29sIGJleW9uZCB0aGUgSW50ZXJuZXQuDQojIE5vdGUgdGhhdCB0aGlzIHNldHRpbmcgbXVzdCBiZSBjb3JyZXNwb25kIHdpdGggdGhlIGxpc3RlbmluZyBzZXR0aW5nIG9uDQojIHRoZSBWUE4gU2VydmVyLg0KIyANCiMgU3BlY2lmeSBlaXRoZXIgJ3Byb3RvIHRjcCcgb3IgJ3Byb3RvIHVkcCcuDQoNCnByb3RvIHVkcA0KDQoNCiMjIyMjIyMjIyMjIyMjIyMjIyMjIyMjIyMjIyMjIyMjIyMjIyMjIyMjIyMjIyMjIyMjIyMjIyMjIyMjIyMjIyMjIyMjIyMjIyMjIyMjIyMNCiMgVGhlIGRlc3RpbmF0aW9uIGhvc3RuYW1lIC8gSVAgYWRkcmVzcywgYW5kIHBvcnQgbnVtYmVyIG9mDQojIHRoZSB0YXJnZXQgVlBOIFNlcnZlci4NCiMgDQojIFlvdSBoYXZlIHRvIHNwZWNpZnkgYXMgJ3JlbW90ZSA8SE9TVE5BTUU+IDxQT1JUPicuIFlvdSBjYW4gYWxzbw0KIyBzcGVjaWZ5IHRoZSBJUCBhZGRyZXNzIGluc3RlYWQgb2YgdGhlIGhvc3RuYW1lLg0KIyANCiMgTm90ZSB0aGF0IHRoZSBhdXRvLWdlbmVyYXRlZCBiZWxvdyBob3N0bmFtZSBhcmUgYSAiYXV0by1kZXRlY3RlZA0KIyBJUCBhZGRyZXNzIiBvZiB0aGUgVlBOIFNlcnZlci4gWW91IGhhdmUgdG8gY29uZmlybSB0aGUgY29ycmVjdG5lc3MNCiMgYmVmb3JlaGFuZC4NCiMgDQojIFdoZW4geW91IHdhbnQgdG8gY29ubmVjdCB0byB0aGUgVlBOIFNlcnZlciBieSB1c2luZyBUQ1AgcHJvdG9jb2wsDQojIHRoZSBwb3J0IG51bWJlciBvZiB0aGUgZGVzdGluYXRpb24gVENQIHBvcnQgc2hvdWxkIGJlIHNhbWUgYXMgb25lIG9mDQojIHRoZSBhdmFpbGFibGUgVENQIGxpc3RlbmVycyBvbiB0aGUgVlBOIFNlcnZlci4NCiMgDQojIFdoZW4geW91IHVzZSBVRFAgcHJvdG9jb2wsIHRoZSBwb3J0IG51bWJlciBtdXN0IHNhbWUgYXMgdGhlIGNvbmZpZ3VyYXRpb24NCiMgc2V0dGluZyBvZiAiT3BlblZQTiBTZXJ2ZXIgQ29tcGF0aWJsZSBGdW5jdGlvbiIgb24gdGhlIFZQTiBTZXJ2ZXIuDQoNCnJlbW90ZSA1LjE4LjE1Ny4xNTUgNTA0Mg0KDQoNCiMjIyMjIyMjIyMjIyMjIyMjIyMjIyMjIyMjIyMjIyMjIyMjIyMjIyMjIyMjIyMjIyMjIyMjIyMjIyMjIyMjIyMjIyMjIyMjIyMjIyMjIyMNCiMgVGhlIEhUVFAvSFRUUFMgcHJveHkgc2V0dGluZy4NCiMgDQojIE9ubHkgaWYgeW91IGhhdmUgdG8gdXNlIHRoZSBJbnRlcm5ldCB2aWEgYSBwcm94eSwgdW5jb21tZW50IHRoZSBiZWxvdw0KIyB0d28gbGluZXMgYW5kIHNwZWNpZnkgdGhlIHByb3h5IGFkZHJlc3MgYW5kIHRoZSBwb3J0IG51bWJlci4NCiMgSW4gdGhlIGNhc2Ugb2YgdXNpbmcgcHJveHktYXV0aGVudGljYXRpb24sIHJlZmVyIHRoZSBPcGVuVlBOIG1hbnVhbC4NCg0KO2h0dHAtcHJveHktcmV0cnkNCjtodHRwLXByb3h5IFtwcm94eSBzZXJ2ZXJdIFtwcm94eSBwb3J0XQ0KDQoNCiMjIyMjIyMjIyMjIyMjIyMjIyMjIyMjIyMjIyMjIyMjIyMjIyMjIyMjIyMjIyMjIyMjIyMjIyMjIyMjIyMjIyMjIyMjIyMjIyMjIyMjIyMNCiMgVGhlIGVuY3J5cHRpb24gYW5kIGF1dGhlbnRpY2F0aW9uIGFsZ29yaXRobS4NCiMgDQojIERlZmF1bHQgc2V0dGluZyBpcyBnb29kLiBNb2RpZnkgaXQgYXMgeW91IHByZWZlci4NCiMgV2hlbiB5b3Ugc3BlY2lmeSBhbiB1bnN1cHBvcnRlZCBhbGdvcml0aG0sIHRoZSBlcnJvciB3aWxsIG9jY3VyLg0KIyANCiMgVGhlIHN1cHBvcnRlZCBhbGdvcml0aG1zIGFyZSBhcyBmb2xsb3dzOg0KIyAgY2lwaGVyOiBbTlVMTC1DSVBIRVJdIE5VTEwgQUVTLTEyOC1DQkMgQUVTLTE5Mi1DQkMgQUVTLTI1Ni1DQkMgQkYtQ0JDDQojICAgICAgICAgIENBU1QtQ0JDIENBU1Q1LUNCQyBERVMtQ0JDIERFUy1FREUtQ0JDIERFUy1FREUzLUNCQyBERVNYLUNCQw0KIyAgICAgICAgICBSQzItNDAtQ0JDIFJDMi02NC1DQkMgUkMyLUNCQw0KIyAgYXV0aDogICBTSEEgU0hBMSBNRDUgTUQ0IFJNRDE2MA0KDQpjaXBoZXIgQUVTLTEyOC1DQkMNCmF1dGggU0hBMQ0KDQoNCiMjIyMjIyMjIyMjIyMjIyMjIyMjIyMjIyMjIyMjIyMjIyMjIyMjIyMjIyMjIyMjIyMjIyMjIyMjIyMjIyMjIyMjIyMjIyMjIyMjIyMjIyMNCiMgT3RoZXIgcGFyYW1ldGVycyBuZWNlc3NhcnkgdG8gY29ubmVjdCB0byB0aGUgVlBOIFNlcnZlci4NCiMgDQojIEl0IGlzIG5vdCByZWNvbW1lbmRlZCB0byBtb2RpZnkgaXQgdW5sZXNzIHlvdSBoYXZlIGEgcGFydGljdWxhciBuZWVkLg0KDQpyZXNvbHYtcmV0cnkgaW5maW5pdGUNCm5vYmluZA0KcGVyc2lzdC1rZXkNCnBlcnNpc3QtdHVuDQpjbGllbnQNCnZlcmIgMw0KI2F1dGgtdXNlci1wYXNzDQoNCg0KIyMjIyMjIyMjIyMjIyMjIyMjIyMjIyMjIyMjIyMjIyMjIyMjIyMjIyMjIyMjIyMjIyMjIyMjIyMjIyMjIyMjIyMjIyMjIyMjIyMjIyMjIw0KIyBUaGUgY2VydGlmaWNhdGUgZmlsZSBvZiB0aGUgZGVzdGluYXRpb24gVlBOIFNlcnZlci4NCiMgDQojIFRoZSBDQSBjZXJ0aWZpY2F0ZSBmaWxlIGlzIGVtYmVkZGVkIGluIHRoZSBpbmxpbmUgZm9ybWF0Lg0KIyBZb3UgY2FuIHJlcGxhY2UgdGhpcyBDQSBjb250ZW50cyBpZiBuZWNlc3NhcnkuDQojIFBsZWFzZSBub3RlIHRoYXQgaWYgdGhlIHNlcnZlciBjZXJ0aWZpY2F0ZSBpcyBub3QgYSBzZWxmLXNpZ25lZCwgeW91IGhhdmUgdG8NCiMgc3BlY2lmeSB0aGUgc2lnbmVyJ3Mgcm9vdCBjZXJ0aWZpY2F0ZSAoQ0EpIGhlcmUuDQoNCjxjYT4NCi0tLS0tQkVHSU4gQ0VSVElGSUNBVEUtLS0tLQ0KTUlJRmF6Q0NBMU9nQXdJQkFnSVJBSUlRejdEU1FPTlpSR1BndTJPQ2l3QXdEUVlKS29aSWh2Y05BUUVMQlFBdw0KVHpFTE1Ba0dBMVVFQmhNQ1ZWTXhLVEFuQmdOVkJBb1RJRWx1ZEdWeWJtVjBJRk5sWTNWeWFYUjVJRkpsYzJWaA0KY21Ob0lFZHliM1Z3TVJVd0V3WURWUVFERXd4SlUxSkhJRkp2YjNRZ1dERXdIaGNOTVRVd05qQTBNVEV3TkRNNA0KV2hjTk16VXdOakEwTVRFd05ETTRXakJQTVFzd0NRWURWUVFHRXdKVlV6RXBNQ2NHQTFVRUNoTWdTVzUwWlhKdQ0KWlhRZ1UyVmpkWEpwZEhrZ1VtVnpaV0Z5WTJnZ1IzSnZkWEF4RlRBVEJnTlZCQU1UREVsVFVrY2dVbTl2ZENCWQ0KTVRDQ0FpSXdEUVlKS29aSWh2Y05BUUVCQlFBRGdnSVBBRENDQWdvQ2dnSUJBSzNvSkhQMEZEZnptNTRyVnlnYw0KaDc3Y3Q5ODRrSXh1UE9aWG9IajNkY0tpL3ZWcWJ2WUFUeWpiM21pR2JFU1R0ckZqL1JRU2E3OGYwdW94bXlGKw0KMFRNOHVrajEzWG5mczdqL0V2RWhta3ZCaW9aeGFVcG1abXlQZmp4d3Y2MHBJZ2J6NU1EbWdLN2lTNCszbVg2VQ0KQTUvVFI1ZDhtVWdqVStnNHJrOEtiNE11MFVsWGpJQjB0dG92MERpTmV3TndJUnQxOGpBOCtvK3UzZHBqcStzVw0KVDhLT0VVdCt6d3ZvLzdWM0x2U3llMHJnVEJJbERIQ05BeW1nNFZNazdCUFo3aG0vRUxOS2pEK0pvMkZSM3F5SA0KQjVUMFkzSHNMdUp2VzVpQjRZbGNOSGxzZHU4N2tHSjU1dHVrbWk4bXhkQVE0UTdlMlJDT0Z2dTM5NmozeCtVQw0KQjVpUE5naVY1K0kzbGcwMmRaNzdEbkt4SFp1OEEvbEpCZGlCM1FXMEt0WkI2YXdCZHBVS0Q5amYxYjBTSHpVdg0KS0JkczBwakJxQWxrZDI1SE43ck9yRmxlYUoxL2N0YUp4UVpCS1Q1WlB0MG05U1RKRWFkYW8weEFIMGFobWJXbg0KT2xGdWhqdWVmWEtuRWdWNFdlMCtVWGdWQ3dPUGpkQXZCYkkrZTBvY1MzTUZFdnpHNnVCUUUzeERrM1N6eW5Ubg0Kamg4QkNOQXcxRnR4TnJRSHVzRXdNRnhJdDRJN21LWjlZSXFpb3ltQ3pMcTlnd1Fib29NRFFhSFdCZkVid3Jidw0KcUh5R08wYW9TQ3FJM0hhYWRyOGZhcVU5R1kvck9QTmszc2dyRFFvby8vZmI0aFZDMUNMUUoxM2hlZjRZNTNDSQ0KclU3bTJZczZ4dDBuVVc3L3ZHVDFNME5QQWdNQkFBR2pRakJBTUE0R0ExVWREd0VCL3dRRUF3SUJCakFQQmdOVg0KSFJNQkFmOEVCVEFEQVFIL01CMEdBMVVkRGdRV0JCUjV0Rm5tZTdibDVBRnpnQWlJeUJwWTl1bWJiakFOQmdrcQ0KaGtpRzl3MEJBUXNGQUFPQ0FnRUFWUjlZcWJ5eXFGRFFETEhZR21rZ0p5a0lyR0YxWElwdStJTGxhUy9WOWxaTA0KdWJoekVGblRJWmQrNTB4eCs3TFNZSzA1cUF2cUZ5RldoZkZRRGxucnp1Qlo2YnJKRmUrR25ZK0VnUGJrNlpHUQ0KM0JlYllodEY4R2FWMG54dnd1bzc3eC9QeTlhdUovR3BzTWl1L1gxK212b2lCT3YvMlgvcWtTc2lzUmNPai9LSw0KTkZ0WTJQd0J5VlM1dUNiTWlvZ3ppVXd0aER5QzMrNldWd1c2TEx2M3hMZkhUanVDdmpISUluTnprdEhDZ0tRNQ0KT1JBekk0Sk1QSitHc2xXWUhiNHBob3dpbTU3aWF6dFhPb0p3VGR3Sng0bkxDZ2ROYk9oZGpzbnZ6cXZIdTdVcg0KVGtYV1N0QW16T1Z5eWdocXBaWGpGYUgzcE8zSkxGK2wrLytzS0FJdXZ0ZDd1K054ZTVBVzB3ZGVSbE44TndkQw0Kak5QRWxwelZtYlVxNEpVYWdFaXVURGtIenN4SHBGS1ZLN3E0KzYzU00xTjk1UjFOYmRXaHNjZENiK1pBSnpWYw0Kb3lpM0I0M25qVE9RNXlPZisxQ2NlV3hHMWJRVnM1WnVmcHNNbGpxNFVpMC8xbHZoK3dqQ2hQNGtxS09KMnF4cQ0KNFJncXNhaERZVnZUSDl3N2pYYnlMZWlOZGQ4WE0ydzlVL3Q3eTBGZi85eWkwR0U0NFphNHJGMkxOOWQxMVRQQQ0KbVJHdW5VSEJjbldFdmdKQlFsOW5KRWlVMFpzbnZnYy91YmhQZ1hSUjRYcTM3WjBqNHI3ZzFTZ0VFend4QTU3ZA0KZW15UHhnY1l4bi9lUjQ0L0tKNEVCcytsVkRSM3ZleUptK2tYUTk5YjIxLytqaDVYb3MxQW5YNWlJdHJlR0NjPQ0KLS0tLS1FTkQgQ0VSVElGSUNBVEUtLS0tLQ0KDQo8L2NhPg0KDQoNCiMjIyMjIyMjIyMjIyMjIyMjIyMjIyMjIyMjIyMjIyMjIyMjIyMjIyMjIyMjIyMjIyMjIyMjIyMjIyMjIyMjIyMjIyMjIyMjIyMjIyMjIyMNCiMgVGhlIGNsaWVudCBjZXJ0aWZpY2F0ZSBmaWxlIChkdW1teSkuDQojIA0KIyBJbiBzb21lIGltcGxlbWVudGF0aW9ucyBvZiBPcGVuVlBOIENsaWVudCBzb2Z0d2FyZQ0KIyAoZm9yIGV4YW1wbGU6IE9wZW5WUE4gQ2xpZW50IGZvciBpT1MpLA0KIyBhIHBhaXIgb2YgY2xpZW50IGNlcnRpZmljYXRlIGFuZCBwcml2YXRlIGtleSBtdXN0IGJlIGluY2x1ZGVkIG9uIHRoZQ0KIyBjb25maWd1cmF0aW9uIGZpbGUgZHVlIHRvIHRoZSBsaW1pdGF0aW9uIG9mIHRoZSBjbGllbnQuDQojIFNvIHRoaXMgc2FtcGxlIGNvbmZpZ3VyYXRpb24gZmlsZSBoYXMgYSBkdW1teSBwYWlyIG9mIGNsaWVudCBjZXJ0aWZpY2F0ZQ0KIyBhbmQgcHJpdmF0ZSBrZXkgYXMgZm9sbG93cy4NCg0KPGNlcnQ+DQotLS0tLUJFR0lOIENFUlRJRklDQVRFLS0tLS0NCk1JSUN4akNDQWE0Q0FRQXdEUVlKS29aSWh2Y05BUUVGQlFBd0tURWFNQmdHQTFVRUF4TVJWbEJPUjJGMFpVTnMNCmFXVnVkRU5sY25ReEN6QUpCZ05WQkFZVEFrcFFNQjRYRFRFek1ESXhNVEF6TkRrME9Wb1hEVE0zTURFeE9UQXoNCk1UUXdOMW93S1RFYU1CZ0dBMVVFQXhNUlZsQk9SMkYwWlVOc2FXVnVkRU5sY25ReEN6QUpCZ05WQkFZVEFrcFENCk1JSUJJakFOQmdrcWhraUc5dzBCQVFFRkFBT0NBUThBTUlJQkNnS0NBUUVBNWgybGdRUVlVandvS1lKYnpWWkENCjVWY0lHZDVvdFBjL3FaUk10MEtJdENGQTBzOVJ3UmVOVmE5ZkRSRkxSQmhjSVRPbHYzRkJjVzNFOGgxVXM3UkQNCjRXOEdtSmU4emFwSm5Mc0QzOU9TTVJDelpKbmN6VzRPQ0gxUFpSWldLcUR0amxOY2E5QUY4YTY1alRtbER4Q1ENCkNqbnRMSVdrNU9MTFZrRnQ5L3RTY2MxR0R0Y2k1NW9maGFOQVlNUGlIN1Y4KzFnNjZwR0hYQW9XSzZBUVZINjcNClhDS0puR0I1bmxRK0hzTVlQVi9PNDlMZDkxWk4vMnRIa2NhTEx5TnR5d3hWUFJTc1JoNDgwamp1MGZjQ3N2NmgNCnAvMHlYblRCLy9tV3V0QkdwZFVsSWJ3aUlUYkFtcnNiWW5qaWdSdm5QcVgxUk5KVWJpOUZwNkMyYy9ISUZKR0QNCnl3SURBUUFCTUEwR0NTcUdTSWIzRFFFQkJRVUFBNElCQVFDaE81aGdjdy80b1dmb0VGTHU5a0JhMUIvL2t4SDgNCmhRa0NoVk5uOEJSQzdZMFVSUWl0UGwzREtFZWQ5VVJCRGRnMktPQXo3N2JiNkVOUGlsaUQrYTM4VUpISVJNcWUNClVCSGhsbE9ISXp2RGhIRmJhb3ZBTEJRY2VlQnpka1F4c0tRRVNLbVFtUjgzMjk1MFVDb3ZveVJCNjFVeUFWN2gNCittWmhZUEdSS1hLU0pJNnMwRWdnL0NyaStDd2s0YmpKZnJiNWhWc2UxMXloNEQ5TUhod1NmQ09IKzB6NGhQVVQNCkZrdTdkR2F2VVJPNVNWeE1uL3NMNkVuNUQrb1NlWGthZEhwRHMrQWlyeW0yWUhoMTVoMCtqUFNPb1I2eWlWcC8NCjZ6WmVaa3JONDNrdVM3M0twS0RGamZGUGg4dDRyMWdPSWp0dGtOY1FxQmNjdXNucGxRN0hKcHNrDQotLS0tLUVORCBDRVJUSUZJQ0FURS0tLS0tDQoNCjwvY2VydD4NCg0KPGtleT4NCi0tLS0tQkVHSU4gUlNBIFBSSVZBVEUgS0VZLS0tLS0NCk1JSUVwQUlCQUFLQ0FRRUE1aDJsZ1FRWVVqd29LWUpielZaQTVWY0lHZDVvdFBjL3FaUk10MEtJdENGQTBzOVINCndSZU5WYTlmRFJGTFJCaGNJVE9sdjNGQmNXM0U4aDFVczdSRDRXOEdtSmU4emFwSm5Mc0QzOU9TTVJDelpKbmMNCnpXNE9DSDFQWlJaV0txRHRqbE5jYTlBRjhhNjVqVG1sRHhDUUNqbnRMSVdrNU9MTFZrRnQ5L3RTY2MxR0R0Y2kNCjU1b2ZoYU5BWU1QaUg3VjgrMWc2NnBHSFhBb1dLNkFRVkg2N1hDS0puR0I1bmxRK0hzTVlQVi9PNDlMZDkxWk4NCi8ydEhrY2FMTHlOdHl3eFZQUlNzUmg0ODBqanUwZmNDc3Y2aHAvMHlYblRCLy9tV3V0QkdwZFVsSWJ3aUlUYkENCm1yc2JZbmppZ1J2blBxWDFSTkpVYmk5RnA2QzJjL0hJRkpHRHl3SURBUUFCQW9JQkFFUlY3WDVBdnhBOHVSaUsNCms4U0lwc0QwZFgxcEpPTUl3YWtVVnl2YzRFZk4wRGhLUk5iNHJZb1NpRUdUTHl6THB5QmMvQTI4RGxrbTVlT1kNCmZqelhmWWtHdFlpL0Z0eGtnM085dmNyTVE0KzZpK3VHSGFJTDJyTCtzNE1yZk84djF4djYrV2t5MzNFRUdDb3UNClFpd1ZHUkZRWG5Sb1E2Mk5CQ0ZiVU5MaG1Yd2RqMWFrWnpMVTRwNVI0ekEzUWhkeHdFSWF0Vkx0MCs3b3dMUTMNCmxQOHNmWGhwcFBPWGpUcU1ENFFrWXd6UEFhOC96RjdhY240a3J5clVQN1E2UEFmZDB6RVZxTnk5WkNaOWZmaG8NCnpYZWRGajQ4NklGb2M1Z25UcDJONmpzblZqNExDR0lobFZIbFlHb3pLS0ZxSmNRVkdzSENxcTFvejJ6alc2TFMNCm9SWUlIZ0VDZ1lFQTh6WnJrQ3dOWVNYSnVPREozbS9oT0xWeGN4Z0p1d1hvaUVyV2QwRTQydlBhbmpqVk1obnQNCktZNWw4cUdNSjZGaEs5TFl4MnFDcmYvRTBYdFVBWjJ3VnEzT1JUeUduc01XcmU5dExZczU1WCtaTjEwVGM3NXoNCjRoYWNiVTBocUtOMUhpRG1zTVJZMy8yTmFaSG95N01LbndKSkJhRzQ4bDlDQ1RsVndNSG9jSUVDZ1lFQThqYnkNCmRHanhUSCs2WEhXTml6YjVTUmJaeEFueUVlSmVSd1RNaDBnR3p3R1BwSC9zWllHenl1MFN5U1hXQ25aaDNSZ3ENCjV1TGxOeHRyWHJsalpseWkyblFkUWdzcTJZcldVczAremdVKzIydVFzWnBTQWZ0bWhWcnR2ZXQ2TWpWamJCeVkNCkRBRGNpRVZVZEpZSVhrK3FuRlVKeWVyb0xJa1RqN1dZS1o2Umprc0NnWUJvQ0ZJd1JEZWc0Mm9LODlSRm1uT3INCkx5bU5BcTQrMm9NaHNXbFZiNGVqV0lXZUFrOW5jK0dYVWZyWHN6UmhTMDFtVW5VNXI1eWdVdlJjYXJWL1QzVTcNClRuTVorSTdZNERnV1JJRGQ1MXpuaHhJQnRZVjVqL0MvdDg1SGpxT2tIKzhiNlJUa2JjaGFYM21hdTdmcFVmZHMNCkZxMG5oSXE0MmZoRU84c3JmWVl3Z1FLQmdRQ3loaTFOLzh0YVJ3cGsrMy9JREV6UXdqYmZkelVrV1dTRGs5WHMNCkgvcGt1UkhXZlRNUDNmbFdxRVlnVy9MVzQwcGVXMkhEcTVpbWRWOCtBZ1p4ZS9YTWJhamk5TGd3ZjFSWTAwNW4NCkt4YVpRejd5cUh1cFdsTEdGNjhEUEh4a1pWVlNhZ0RuVi9zenRXWDZTRnNDcUZWbnhJWGlmWEdDNGNXNU5tOWcNCnZhOHE0UUtCZ1FDRWhMVmVVZmR3S3ZrWjk0Zy9HRno3MzFaMmhyZFZoZ01aYVUvdTZ0MFY5NStZZXpQTkNRWkINCndtRTlNbWxicTFlbURlUk9pdmpDZm9HaFIza1pYVzFwVEtsTGg2Wk1VUVVPcHB0ZFh2YThYeGZvcVF3YTNlbkENCk03bXVCYkYwWE43Vk84MGlKUHYrUG1JWmRFSUFrcHdLZmkyMDFZQitCYWZDSXVHeElGNTBWZz09DQotLS0tLUVORCBSU0EgUFJJVkFURSBLRVktLS0tLQ0KDQo8L2tleT4NCg0K
vpn901395570,108.63.248.91,598003,10,32677920,Canada,CA,5,0,46736,2052422832551,2weeks,hoa-PC's owner,,IyMjIyMjIyMjIyMjIyMjIyMjIyMjIyMjIyMjIyMjIyMjIyMjIyMjIyMjIyMjIyMjIyMjIyMjIyMjIyMjIyMjIyMjIyMjIyMjIyMjIyMjIw0KIyBPcGVuVlBOIDIuMCBTYW1wbGUgQ29uZmlndXJhdGlvbiBGaWxlDQojIGZvciBQYWNrZXRpWCBWUE4gLyBTb2Z0RXRoZXIgVlBOIFNlcnZlcg0KIyANCiMgISEhIEFVVE8tR0VORVJBVEVEIEJZIFNPRlRFVEhFUiBWUE4gU0VSVkVSIE1BTkFHRU1FTlQgVE9PTCAhISENCiMgDQojICEhISBZT1UgSEFWRSBUTyBSRVZJRVcgSVQgQkVGT1JFIFVTRSBBTkQgTU9ESUZZIElUIEFTIE5FQ0VTU0FSWSAhISENCiMgDQojIFRoaXMgY29uZmlndXJhdGlvbiBmaWxlIGlzIGF1dG8tZ2VuZXJhdGVkLiBZb3UgbWlnaHQgdXNlIHRoaXMgY29uZmlnIGZpbGUNCiMgaW4gb3JkZXIgdG8gY29ubmVjdCB0byB0aGUgUGFja2V0aVggVlBOIC8gU29mdEV0aGVyIFZQTiBTZXJ2ZXIuDQojIEhvd2V2ZXIsIGJlZm9yZSB5b3UgdHJ5IGl0LCB5b3Ugc2hvdWxkIHJldmlldyB0aGUgZGVzY3JpcHRpb25zIG9mIHRoZSBmaWxlDQojIHRvIGRldGVybWluZSB0aGUgbmVjZXNzaXR5IHRvIG1vZGlmeSB0byBzdWl0YWJsZSBmb3IgeW91ciByZWFsIGVudmlyb25tZW50Lg0KIyBJZiBuZWNlc3NhcnksIHlvdSBoYXZlIHRvIG1vZGlmeSBhIGxpdHRsZSBhZGVxdWF0ZWx5IG9uIHRoZSBmaWxlLg0KIyBGb3IgZXhhbXBsZSwgdGhlIElQIGFkZHJlc3Mgb3IgdGhlIGhvc3RuYW1lIGFzIGEgZGVzdGluYXRpb24gVlBOIFNlcnZlcg0KIyBzaG91bGQgYmUgY29uZmlybWVkLg0KIyANCiMgTm90ZSB0aGF0IHRvIHVzZSBPcGVuVlBOIDIuMCwgeW91IGhhdmUgdG8gcHV0IHRoZSBjZXJ0aWZpY2F0aW9uIGZpbGUgb2YNCiMgdGhlIGRlc3RpbmF0aW9uIFZQTiBTZXJ2ZXIgb24gdGhlIE9wZW5WUE4gQ2xpZW50IGNvbXB1dGVyIHdoZW4geW91IHVzZSB0aGlzDQojIGNvbmZpZyBmaWxlLiBQbGVhc2UgcmVmZXIgdGhlIGJlbG93IGRlc2NyaXB0aW9ucyBjYXJlZnVsbHkuDQoNCg0KIyMjIyMjIyMjIyMjIyMjIyMjIyMjIyMjIyMjIyMjIyMjIyMjIyMjIyMjIyMjIyMjIyMjIyMjIyMjIyMjIyMjIyMjIyMjIyMjIyMjIyMjIw0KIyBTcGVjaWZ5IHRoZSB0eXBlIG9mIHRoZSBsYXllciBvZiB0aGUgVlBOIGNvbm5lY3Rpb24uDQojIA0KIyBUbyBjb25uZWN0IHRvIHRoZSBWUE4gU2VydmVyIGFzIGEgIlJlbW90ZS1BY2Nlc3MgVlBOIENsaWVudCBQQyIsDQojICBzcGVjaWZ5ICdkZXYgdHVuJy4gKExheWVyLTMgSVAgUm91dGluZyBNb2RlKQ0KIw0KIyBUbyBjb25uZWN0IHRvIHRoZSBWUE4gU2VydmVyIGFzIGEgYnJpZGdpbmcgZXF1aXBtZW50IG9mICJTaXRlLXRvLVNpdGUgVlBOIiwNCiMgIHNwZWNpZnkgJ2RldiB0YXAnLiAoTGF5ZXItMiBFdGhlcm5ldCBCcmlkZ2luZSBNb2RlKQ0KDQpkZXYgdHVuDQoNCg0KIyMjIyMjIyMjIyMjIyMjIyMjIyMjIyMjIyMjIyMjIyMjIyMjIyMjIyMjIyMjIyMjIyMjIyMjIyMjIyMjIyMjIyMjIyMjIyMjIyMjIyMjIw0KIyBTcGVjaWZ5IHRoZSB1bmRlcmx5aW5nIHByb3RvY29sIGJleW9uZCB0aGUgSW50ZXJuZXQuDQojIE5vdGUgdGhhdCB0aGlzIHNldHRpbmcgbXVzdCBiZSBjb3JyZXNwb25kIHdpdGggdGhlIGxpc3RlbmluZyBzZXR0aW5nIG9uDQojIHRoZSBWUE4gU2VydmVyLg0KIyANCiMgU3BlY2lmeSBlaXRoZXIgJ3Byb3RvIHRjcCcgb3IgJ3Byb3RvIHVkcCcuDQoNCnByb3RvIHRjcA0KDQoNCiMjIyMjIyMjIyMjIyMjIyMjIyMjIyMjIyMjIyMjIyMjIyMjIyMjIyMjIyMjIyMjIyMjIyMjIyMjIyMjIyMjIyMjIyMjIyMjIyMjIyMjIyMNCiMgVGhlIGRlc3RpbmF0aW9uIGhvc3RuYW1lIC8gSVAgYWRkcmVzcywgYW5kIHBvcnQgbnVtYmVyIG9mDQojIHRoZSB0YXJnZXQgVlBOIFNlcnZlci4NCiMgDQojIFlvdSBoYXZlIHRvIHNwZWNpZnkgYXMgJ3JlbW90ZSA8SE9TVE5BTUU+IDxQT1JUPicuIFlvdSBjYW4gYWxzbw0KIyBzcGVjaWZ5IHRoZSBJUCBhZGRyZXNzIGluc3RlYWQgb2YgdGhlIGhvc3RuYW1lLg0KIyANCiMgTm90ZSB0aGF0IHRoZSBhdXRvLWdlbmVyYXRlZCBiZWxvdyBob3N0bmFtZSBhcmUgYSAiYXV0by1kZXRlY3RlZA0KIyBJUCBhZGRyZXNzIiBvZiB0aGUgVlBOIFNlcnZlci4gWW91IGhhdmUgdG8gY29uZmlybSB0aGUgY29ycmVjdG5lc3MNCiMgYmVmb3JlaGFuZC4NCiMgDQojIFdoZW4geW91IHdhbnQgdG8gY29ubmVjdCB0byB0aGUgVlBOIFNlcnZlciBieSB1c2luZyBUQ1AgcHJvdG9jb2wsDQojIHRoZSBwb3J0IG51bWJlciBvZiB0aGUgZGVzdGluYXRpb24gVENQIHBvcnQgc2hvdWxkIGJlIHNhbWUgYXMgb25lIG9mDQojIHRoZSBhdmFpbGFibGUgVENQIGxpc3RlbmVycyBvbiB0aGUgVlBOIFNlcnZlci4NCiMgDQojIFdoZW4geW91IHVzZSBVRFAgcHJvdG9jb2wsIHRoZSBwb3J0IG51bWJlciBtdXN0IHNhbWUgYXMgdGhlIGNvbmZpZ3VyYXRpb24NCiMgc2V0dGluZyBvZiAiT3BlblZQTiBTZXJ2ZXIgQ29tcGF0aWJsZSBGdW5jdGlvbiIgb24gdGhlIFZQTiBTZXJ2ZXIuDQoNCnJlbW90ZSAxMDguNjMuMjQ4LjkxIDE3NTgNCg0KDQojIyMjIyMjIyMjIyMjIyMjIyMjIyMjIyMjIyMjIyMjIyMjIyMjIyMjIyMjIyMjIyMjIyMjIyMjIyMjIyMjIyMjIyMjIyMjIyMjIyMjIyMjDQojIFRoZSBIVFRQL0hUVFBTIHByb3h5IHNldHRpbmcuDQojIA0KIyBPbmx5IGlmIHlvdSBoYXZlIHRvIHVzZSB0aGUgSW50ZXJuZXQgdmlhIGEgcHJveHksIHVuY29tbWVudCB0aGUgYmVsb3cNCiMgdHdvIGxpbmVzIGFuZCBzcGVjaWZ5IHRoZSBwcm94eSBhZGRyZXNzIGFuZCB0aGUgcG9ydCBudW1iZXIuDQojIEluIHRoZSBjYXNlIG9mIHVzaW5nIHByb3h5LWF1dGhlbnRpY2F0aW9uLCByZWZlciB0aGUgT3BlblZQTiBtYW51YWwuDQoNCjtodHRwLXByb3h5LXJldHJ5DQo7aHR0cC1wcm94eSBbcHJveHkgc2VydmVyXSBbcHJveHkgcG9ydF0NCg0KDQojIyMjIyMjIyMjIyMjIyMjIyMjIyMjIyMjIyMjIyMjIyMjIyMjIyMjIyMjIyMjIyMjIyMjIyMjIyMjIyMjIyMjIyMjIyMjIyMjIyMjIyMjDQojIFRoZSBlbmNyeXB0aW9uIGFuZCBhdXRoZW50aWNhdGlvbiBhbGdvcml0aG0uDQojIA0KIyBEZWZhdWx0IHNldHRpbmcgaXMgZ29vZC4gTW9kaWZ5IGl0IGFzIHlvdSBwcmVmZXIuDQojIFdoZW4geW91IHNwZWNpZnkgYW4gdW5zdXBwb3J0ZWQgYWxnb3JpdGhtLCB0aGUgZXJyb3Igd2lsbCBvY2N1ci4NCiMgDQojIFRoZSBzdXBwb3J0ZWQgYWxnb3JpdGhtcyBhcmUgYXMgZm9sbG93czoNCiMgIGNpcGhlcjogW05VTEwtQ0lQSEVSXSBOVUxMIEFFUy0xMjgtQ0JDIEFFUy0xOTItQ0JDIEFFUy0yNTYtQ0JDIEJGLUNCQw0KIyAgICAgICAgICBDQVNULUNCQyBDQVNUNS1DQkMgREVTLUNCQyBERVMtRURFLUNCQyBERVMtRURFMy1DQkMgREVTWC1DQkMNCiMgICAgICAgICAgUkMyLTQwLUNCQyBSQzItNjQtQ0JDIFJDMi1DQkMNCiMgIGF1dGg6ICAgU0hBIFNIQTEgTUQ1IE1ENCBSTUQxNjANCg0KY2lwaGVyIEFFUy0xMjgtQ0JDDQphdXRoIFNIQTENCg0KDQojIyMjIyMjIyMjIyMjIyMjIyMjIyMjIyMjIyMjIyMjIyMjIyMjIyMjIyMjIyMjIyMjIyMjIyMjIyMjIyMjIyMjIyMjIyMjIyMjIyMjIyMjDQojIE90aGVyIHBhcmFtZXRlcnMgbmVjZXNzYXJ5IHRvIGNvbm5lY3QgdG8gdGhlIFZQTiBTZXJ2ZXIuDQojIA0KIyBJdCBpcyBub3QgcmVjb21tZW5kZWQgdG8gbW9kaWZ5IGl0IHVubGVzcyB5b3UgaGF2ZSBhIHBhcnRpY3VsYXIgbmVlZC4NCg0KcmVzb2x2LXJldHJ5IGluZmluaXRlDQpub2JpbmQNCnBlcnNpc3Qta2V5DQpwZXJzaXN0LXR1bg0KY2xpZW50DQp2ZXJiIDMNCiNhdXRoLXVzZXItcGFzcw0KDQoNCiMjIyMjIyMjIyMjIyMjIyMjIyMjIyMjIyMjIyMjIyMjIyMjIyMjIyMjIyMjIyMjIyMjIyMjIyMjIyMjIyMjIyMjIyMjIyMjIyMjIyMjIyMNCiMgVGhlIGNlcnRpZmljYXRlIGZpbGUgb2YgdGhlIGRlc3RpbmF0aW9uIFZQTiBTZXJ2ZXIuDQojIA0KIyBUaGUgQ0EgY2VydGlmaWNhdGUgZmlsZSBpcyBlbWJlZGRlZCBpbiB0aGUgaW5saW5lIGZvcm1hdC4NCiMgWW91IGNhbiByZXBsYWNlIHRoaXMgQ0EgY29udGVudHMgaWYgbmVjZXNzYXJ5Lg0KIyBQbGVhc2Ugbm90ZSB0aGF0IGlmIHRoZSBzZXJ2ZXIgY2VydGlmaWNhdGUgaXMgbm90IGEgc2VsZi1zaWduZWQsIHlvdSBoYXZlIHRvDQojIHNwZWNpZnkgdGhlIHNpZ25lcidzIHJvb3QgY2VydGlmaWNhdGUgKENBKSBoZXJlLg0KDQo8Y2E+DQotLS0tLUJFR0lOIENFUlRJRklDQVRFLS0tLS0NCk1JSUZhekNDQTFPZ0F3SUJBZ0lSQUlJUXo3RFNRT05aUkdQZ3UyT0Npd0F3RFFZSktvWklodmNOQVFFTEJRQXcNClR6RUxNQWtHQTFVRUJoTUNWVk14S1RBbkJnTlZCQW9USUVsdWRHVnlibVYwSUZObFkzVnlhWFI1SUZKbGMyVmgNCmNtTm9JRWR5YjNWd01SVXdFd1lEVlFRREV3eEpVMUpISUZKdmIzUWdXREV3SGhjTk1UVXdOakEwTVRFd05ETTQNCldoY05NelV3TmpBME1URXdORE00V2pCUE1Rc3dDUVlEVlFRR0V3SlZVekVwTUNjR0ExVUVDaE1nU1c1MFpYSnUNClpYUWdVMlZqZFhKcGRIa2dVbVZ6WldGeVkyZ2dSM0p2ZFhBeEZUQVRCZ05WQkFNVERFbFRVa2NnVW05dmRDQlkNCk1UQ0NBaUl3RFFZSktvWklodmNOQVFFQkJRQURnZ0lQQURDQ0Fnb0NnZ0lCQUszb0pIUDBGRGZ6bTU0clZ5Z2MNCmg3N2N0OTg0a0l4dVBPWlhvSGozZGNLaS92VnFidllBVHlqYjNtaUdiRVNUdHJGai9SUVNhNzhmMHVveG15RisNCjBUTTh1a2oxM1huZnM3ai9FdkVobWt2QmlvWnhhVXBtWm15UGZqeHd2NjBwSWdiejVNRG1nSzdpUzQrM21YNlUNCkE1L1RSNWQ4bVVnalUrZzRyazhLYjRNdTBVbFhqSUIwdHRvdjBEaU5ld053SVJ0MThqQTgrbyt1M2RwanErc1cNClQ4S09FVXQrend2by83VjNMdlN5ZTByZ1RCSWxESENOQXltZzRWTWs3QlBaN2htL0VMTktqRCtKbzJGUjNxeUgNCkI1VDBZM0hzTHVKdlc1aUI0WWxjTkhsc2R1ODdrR0o1NXR1a21pOG14ZEFRNFE3ZTJSQ09GdnUzOTZqM3grVUMNCkI1aVBOZ2lWNStJM2xnMDJkWjc3RG5LeEhadThBL2xKQmRpQjNRVzBLdFpCNmF3QmRwVUtEOWpmMWIwU0h6VXYNCktCZHMwcGpCcUFsa2QyNUhON3JPckZsZWFKMS9jdGFKeFFaQktUNVpQdDBtOVNUSkVhZGFvMHhBSDBhaG1iV24NCk9sRnVoanVlZlhLbkVnVjRXZTArVVhnVkN3T1BqZEF2QmJJK2Uwb2NTM01GRXZ6RzZ1QlFFM3hEazNTenluVG4NCmpoOEJDTkF3MUZ0eE5yUUh1c0V3TUZ4SXQ0STdtS1o5WUlxaW95bUN6THE5Z3dRYm9vTURRYUhXQmZFYndyYncNCnFIeUdPMGFvU0NxSTNIYWFkcjhmYXFVOUdZL3JPUE5rM3NnckRRb28vL2ZiNGhWQzFDTFFKMTNoZWY0WTUzQ0kNCnJVN20yWXM2eHQwblVXNy92R1QxTTBOUEFnTUJBQUdqUWpCQU1BNEdBMVVkRHdFQi93UUVBd0lCQmpBUEJnTlYNCkhSTUJBZjhFQlRBREFRSC9NQjBHQTFVZERnUVdCQlI1dEZubWU3Ymw1QUZ6Z0FpSXlCcFk5dW1iYmpBTkJna3ENCmhraUc5dzBCQVFzRkFBT0NBZ0VBVlI5WXFieXlxRkRRRExIWUdta2dKeWtJckdGMVhJcHUrSUxsYVMvVjlsWkwNCnViaHpFRm5USVpkKzUweHgrN0xTWUswNXFBdnFGeUZXaGZGUURsbnJ6dUJaNmJySkZlK0duWStFZ1BiazZaR1ENCjNCZWJZaHRGOEdhVjBueHZ3dW83N3gvUHk5YXVKL0dwc01pdS9YMSttdm9pQk92LzJYL3FrU3Npc1JjT2ovS0sNCk5GdFkyUHdCeVZTNXVDYk1pb2d6aVV3dGhEeUMzKzZXVndXNkxMdjN4TGZIVGp1Q3ZqSElJbk56a3RIQ2dLUTUNCk9SQXpJNEpNUEorR3NsV1lIYjRwaG93aW01N2lhenRYT29Kd1Rkd0p4NG5MQ2dkTmJPaGRqc252enF2SHU3VXINClRrWFdTdEFtek9WeXlnaHFwWlhqRmFIM3BPM0pMRitsKy8rc0tBSXV2dGQ3dStOeGU1QVcwd2RlUmxOOE53ZEMNCmpOUEVscHpWbWJVcTRKVWFnRWl1VERrSHpzeEhwRktWSzdxNCs2M1NNMU45NVIxTmJkV2hzY2RDYitaQUp6VmMNCm95aTNCNDNualRPUTV5T2YrMUNjZVd4RzFiUVZzNVp1ZnBzTWxqcTRVaTAvMWx2aCt3akNoUDRrcUtPSjJxeHENCjRSZ3FzYWhEWVZ2VEg5dzdqWGJ5TGVpTmRkOFhNMnc5VS90N3kwRmYvOXlpMEdFNDRaYTRyRjJMTjlkMTFUUEENCm1SR3VuVUhCY25XRXZnSkJRbDluSkVpVTBac252Z2MvdWJoUGdYUlI0WHEzN1owajRyN2cxU2dFRXp3eEE1N2QNCmVteVB4Z2NZeG4vZVI0NC9LSjRFQnMrbFZEUjN2ZXlKbStrWFE5OWIyMS8ramg1WG9zMUFuWDVpSXRyZUdDYz0NCi0tLS0tRU5EIENFUlRJRklDQVRFLS0tLS0NCg0KPC9jYT4NCg0KDQojIyMjIyMjIyMjIyMjIyMjIyMjIyMjIyMjIyMjIyMjIyMjIyMjIyMjIyMjIyMjIyMjIyMjIyMjIyMjIyMjIyMjIyMjIyMjIyMjIyMjIyMjDQojIFRoZSBjbGllbnQgY2VydGlmaWNhdGUgZmlsZSAoZHVtbXkpLg0KIyANCiMgSW4gc29tZSBpbXBsZW1lbnRhdGlvbnMgb2YgT3BlblZQTiBDbGllbnQgc29mdHdhcmUNCiMgKGZvciBleGFtcGxlOiBPcGVuVlBOIENsaWVudCBmb3IgaU9TKSwNCiMgYSBwYWlyIG9mIGNsaWVudCBjZXJ0aWZpY2F0ZSBhbmQgcHJpdmF0ZSBrZXkgbXVzdCBiZSBpbmNsdWRlZCBvbiB0aGUNCiMgY29uZmlndXJhdGlvbiBmaWxlIGR1ZSB0byB0aGUgbGltaXRhdGlvbiBvZiB0aGUgY2xpZW50Lg0KIyBTbyB0aGlzIHNhbXBsZSBjb25maWd1cmF0aW9uIGZpbGUgaGFzIGEgZHVtbXkgcGFpciBvZiBjbGllbnQgY2VydGlmaWNhdGUNCiMgYW5kIHByaXZhdGUga2V5IGFzIGZvbGxvd3MuDQoNCjxjZXJ0Pg0KLS0tLS1CRUdJTiBDRVJUSUZJQ0FURS0tLS0tDQpNSUlDeGpDQ0FhNENBUUF3RFFZSktvWklodmNOQVFFRkJRQXdLVEVhTUJnR0ExVUVBeE1SVmxCT1IyRjBaVU5zDQphV1Z1ZEVObGNuUXhDekFKQmdOVkJBWVRBa3BRTUI0WERURXpNREl4TVRBek5EazBPVm9YRFRNM01ERXhPVEF6DQpNVFF3TjFvd0tURWFNQmdHQTFVRUF4TVJWbEJPUjJGMFpVTnNhV1Z1ZEVObGNuUXhDekFKQmdOVkJBWVRBa3BRDQpNSUlCSWpBTkJna3Foa2lHOXcwQkFRRUZBQU9DQVE4QU1JSUJDZ0tDQVFFQTVoMmxnUVFZVWp3b0tZSmJ6VlpBDQo1VmNJR2Q1b3RQYy9xWlJNdDBLSXRDRkEwczlSd1JlTlZhOWZEUkZMUkJoY0lUT2x2M0ZCY1czRThoMVVzN1JEDQo0VzhHbUplOHphcEpuTHNEMzlPU01SQ3paSm5jelc0T0NIMVBaUlpXS3FEdGpsTmNhOUFGOGE2NWpUbWxEeENRDQpDam50TElXazVPTExWa0Z0OS90U2NjMUdEdGNpNTVvZmhhTkFZTVBpSDdWOCsxZzY2cEdIWEFvV0s2QVFWSDY3DQpYQ0tKbkdCNW5sUStIc01ZUFYvTzQ5TGQ5MVpOLzJ0SGtjYUxMeU50eXd4VlBSU3NSaDQ4MGpqdTBmY0NzdjZoDQpwLzB5WG5UQi8vbVd1dEJHcGRVbElid2lJVGJBbXJzYlluamlnUnZuUHFYMVJOSlViaTlGcDZDMmMvSElGSkdEDQp5d0lEQVFBQk1BMEdDU3FHU0liM0RRRUJCUVVBQTRJQkFRQ2hPNWhnY3cvNG9XZm9FRkx1OWtCYTFCLy9reEg4DQpoUWtDaFZObjhCUkM3WTBVUlFpdFBsM0RLRWVkOVVSQkRkZzJLT0F6NzdiYjZFTlBpbGlEK2EzOFVKSElSTXFlDQpVQkhobGxPSEl6dkRoSEZiYW92QUxCUWNlZUJ6ZGtReHNLUUVTS21RbVI4MzI5NTBVQ292b3lSQjYxVXlBVjdoDQorbVpoWVBHUktYS1NKSTZzMEVnZy9DcmkrQ3drNGJqSmZyYjVoVnNlMTF5aDREOU1IaHdTZkNPSCswejRoUFVUDQpGa3U3ZEdhdlVSTzVTVnhNbi9zTDZFbjVEK29TZVhrYWRIcERzK0FpcnltMllIaDE1aDAralBTT29SNnlpVnAvDQo2elplWmtyTjQza3VTNzNLcEtERmpmRlBoOHQ0cjFnT0lqdHRrTmNRcUJjY3VzbnBsUTdISnBzaw0KLS0tLS1FTkQgQ0VSVElGSUNBVEUtLS0tLQ0KDQo8L2NlcnQ+DQoNCjxrZXk+DQotLS0tLUJFR0lOIFJTQSBQUklWQVRFIEtFWS0tLS0tDQpNSUlFcEFJQkFBS0NBUUVBNWgybGdRUVlVandvS1lKYnpWWkE1VmNJR2Q1b3RQYy9xWlJNdDBLSXRDRkEwczlSDQp3UmVOVmE5ZkRSRkxSQmhjSVRPbHYzRkJjVzNFOGgxVXM3UkQ0VzhHbUplOHphcEpuTHNEMzlPU01SQ3paSm5jDQp6VzRPQ0gxUFpSWldLcUR0amxOY2E5QUY4YTY1alRtbER4Q1FDam50TElXazVPTExWa0Z0OS90U2NjMUdEdGNpDQo1NW9maGFOQVlNUGlIN1Y4KzFnNjZwR0hYQW9XSzZBUVZINjdYQ0tKbkdCNW5sUStIc01ZUFYvTzQ5TGQ5MVpODQovMnRIa2NhTEx5TnR5d3hWUFJTc1JoNDgwamp1MGZjQ3N2NmhwLzB5WG5UQi8vbVd1dEJHcGRVbElid2lJVGJBDQptcnNiWW5qaWdSdm5QcVgxUk5KVWJpOUZwNkMyYy9ISUZKR0R5d0lEQVFBQkFvSUJBRVJWN1g1QXZ4QTh1UmlLDQprOFNJcHNEMGRYMXBKT01Jd2FrVVZ5dmM0RWZOMERoS1JOYjRyWW9TaUVHVEx5ekxweUJjL0EyOERsa201ZU9ZDQpmanpYZllrR3RZaS9GdHhrZzNPOXZjck1RNCs2aSt1R0hhSUwyckwrczRNcmZPOHYxeHY2K1dreTMzRUVHQ291DQpRaXdWR1JGUVhuUm9RNjJOQkNGYlVOTGhtWHdkajFha1p6TFU0cDVSNHpBM1FoZHh3RUlhdFZMdDArN293TFEzDQpsUDhzZlhocHBQT1hqVHFNRDRRa1l3elBBYTgvekY3YWNuNGtyeXJVUDdRNlBBZmQwekVWcU55OVpDWjlmZmhvDQp6WGVkRmo0ODZJRm9jNWduVHAyTjZqc25WajRMQ0dJaGxWSGxZR296S0tGcUpjUVZHc0hDcXExb3oyempXNkxTDQpvUllJSGdFQ2dZRUE4elpya0N3TllTWEp1T0RKM20vaE9MVnhjeGdKdXdYb2lFcldkMEU0MnZQYW5qalZNaG50DQpLWTVsOHFHTUo2RmhLOUxZeDJxQ3JmL0UwWHRVQVoyd1ZxM09SVHlHbnNNV3JlOXRMWXM1NVgrWk4xMFRjNzV6DQo0aGFjYlUwaHFLTjFIaURtc01SWTMvMk5hWkhveTdNS253SkpCYUc0OGw5Q0NUbFZ3TUhvY0lFQ2dZRUE4amJ5DQpkR2p4VEgrNlhIV05pemI1U1JiWnhBbnlFZUplUndUTWgwZ0d6d0dQcEgvc1pZR3p5dTBTeVNYV0NuWmgzUmdxDQo1dUxsTnh0clhybGpabHlpMm5RZFFnc3EyWXJXVXMwK3pnVSsyMnVRc1pwU0FmdG1oVnJ0dmV0Nk1qVmpiQnlZDQpEQURjaUVWVWRKWUlYaytxbkZVSnllcm9MSWtUajdXWUtaNlJqa3NDZ1lCb0NGSXdSRGVnNDJvSzg5UkZtbk9yDQpMeW1OQXE0KzJvTWhzV2xWYjRlaldJV2VBazluYytHWFVmclhzelJoUzAxbVVuVTVyNXlnVXZSY2FyVi9UM1U3DQpUbk1aK0k3WTREZ1dSSURkNTF6bmh4SUJ0WVY1ai9DL3Q4NUhqcU9rSCs4YjZSVGtiY2hhWDNtYXU3ZnBVZmRzDQpGcTBuaElxNDJmaEVPOHNyZllZd2dRS0JnUUN5aGkxTi84dGFSd3BrKzMvSURFelF3amJmZHpVa1dXU0RrOVhzDQpIL3BrdVJIV2ZUTVAzZmxXcUVZZ1cvTFc0MHBlVzJIRHE1aW1kVjgrQWdaeGUvWE1iYWppOUxnd2YxUlkwMDVuDQpLeGFaUXo3eXFIdXBXbExHRjY4RFBIeGtaVlZTYWdEblYvc3p0V1g2U0ZzQ3FGVm54SVhpZlhHQzRjVzVObTlnDQp2YThxNFFLQmdRQ0VoTFZlVWZkd0t2a1o5NGcvR0Z6NzMxWjJocmRWaGdNWmFVL3U2dDBWOTUrWWV6UE5DUVpCDQp3bUU5TW1sYnExZW1EZVJPaXZqQ2ZvR2hSM2taWFcxcFRLbExoNlpNVVFVT3BwdGRYdmE4WHhmb3FRd2EzZW5BDQpNN211QmJGMFhON1ZPODBpSlB2K1BtSVpkRUlBa3B3S2ZpMjAxWUIrQmFmQ0l1R3hJRjUwVmc9PQ0KLS0tLS1FTkQgUlNBIFBSSVZBVEUgS0VZLS0tLS0NCg0KPC9rZXk+DQoNCg==
vpn840828825,42.146.135.174,596045,19,265594526,Japan,JP,3,0,38819,2660492429913,2weeks,DESKTOP-LKJI0NF's owner,,IyMjIyMjIyMjIyMjIyMjIyMjIyMjIyMjIyMjIyMjIyMjIyMjIyMjIyMjIyMjIyMjIyMjIyMjIyMjIyMjIyMjIyMjIyMjIyMjIyMjIyMjIw0KIyBPcGVuVlBOIDIuMCBTYW1wbGUgQ29uZmlndXJhdGlvbiBGaWxlDQojIGZvciBQYWNrZXRpWCBWUE4gLyBTb2Z0RXRoZXIgVlBOIFNlcnZlcg0KIyANCiMgISEhIEFVVE8tR0VORVJBVEVEIEJZIFNPRlRFVEhFUiBWUE4gU0VSVkVSIE1BTkFHRU1FTlQgVE9PTCAhISENCiMgDQojICEhISBZT1UgSEFWRSBUTyBSRVZJRVcgSVQgQkVGT1JFIFVTRSBBTkQgTU9ESUZZIElUIEFTIE5FQ0VTU0FSWSAhISENCiMgDQojIFRoaXMgY29uZmlndXJhdGlvbiBmaWxlIGlzIGF1dG8tZ2VuZXJhdGVkLiBZb3UgbWlnaHQgdXNlIHRoaXMgY29uZmlnIGZpbGUNCiMgaW4gb3JkZXIgdG8gY29ubmVjdCB0byB0aGUgUGFja2V0aVggVlBOIC8gU29mdEV0aGVyIFZQTiBTZXJ2ZXIuDQojIEhvd2V2ZXIsIGJlZm9yZSB5b3UgdHJ5IGl0LCB5b3Ugc2hvdWxkIHJldmlldyB0aGUgZGVzY3JpcHRpb25zIG9mIHRoZSBmaWxlDQojIHRvIGRldGVybWluZSB0aGUgbmVjZXNzaXR5IHRvIG1vZGlmeSB0byBzdWl0YWJsZSBmb3IgeW91ciByZWFsIGVudmlyb25tZW50Lg0KIyBJZiBuZWNlc3NhcnksIHlvdSBoYXZlIHRvIG1vZGlmeSBhIGxpdHRsZSBhZGVxdWF0ZWx5IG9uIHRoZSBmaWxlLg0KIyBGb3IgZXhhbXBsZSwgdGhlIElQIGFkZHJlc3Mgb3IgdGhlIGhvc3RuYW1lIGFzIGEgZGVzdGluYXRpb24gVlBOIFNlcnZlcg0KIyBzaG91bGQgYmUgY29uZmlybWVkLg0KIyANCiMgTm90ZSB0aGF0IHRvIHVzZSBPcGVuVlBOIDIuMCwgeW91IGhhdmUgdG8gcHV0IHRoZSBjZXJ0aWZpY2F0aW9uIGZpbGUgb2YNCiMgdGhlIGRlc3RpbmF0aW9uIFZQTiBTZXJ2ZXIgb24gdGhlIE9wZW5WUE4gQ2xpZW50IGNvbXB1dGVyIHdoZW4geW91IHVzZSB0aGlzDQojIGNvbmZpZyBmaWxlLiBQbGVhc2UgcmVmZXIgdGhlIGJlbG93IGRlc2NyaXB0aW9ucyBjYXJlZnVsbHkuDQoNCg0KIyMjIyMjIyMjIyMjIyMjIyMjIyMjIyMjIyMjIyMjIyMjIyMjIyMjIyMjIyMjIyMjIyMjIyMjIyMjIyMjIyMjIyMjIyMjIyMjIyMjIyMjIw0KIyBTcGVjaWZ5IHRoZSB0eXBlIG9mIHRoZSBsYXllciBvZiB0aGUgVlBOIGNvbm5lY3Rpb24uDQojIA0KIyBUbyBjb25uZWN0IHRvIHRoZSBWUE4gU2VydmVyIGFzIGEgIlJlbW90ZS1BY2Nlc3MgVlBOIENsaWVudCBQQyIsDQojICBzcGVjaWZ5ICdkZXYgdHVuJy4gKExheWVyLTMgSVAgUm91dGluZyBNb2RlKQ0KIw0KIyBUbyBjb25uZWN0IHRvIHRoZSBWUE4gU2VydmVyIGFzIGEgYnJpZGdpbmcgZXF1aXBtZW50IG9mICJTaXRlLXRvLVNpdGUgVlBOIiwNCiMgIHNwZWNpZnkgJ2RldiB0YXAnLiAoTGF5ZXItMiBFdGhlcm5ldCBCcmlkZ2luZSBNb2RlKQ0KDQpkZXYgdHVuDQoNCg0KIyMjIyMjIyMjIyMjIyMjIyMjIyMjIyMjIyMjIyMjIyMjIyMjIyMjIyMjIyMjIyMjIyMjIyMjIyMjIyMjIyMjIyMjIyMjIyMjIyMjIyMjIw0KIyBTcGVjaWZ5IHRoZSB1bmRlcmx5aW5nIHByb3RvY29sIGJleW9uZCB0aGUgSW50ZXJuZXQuDQojIE5vdGUgdGhhdCB0aGlzIHNldHRpbmcgbXVzdCBiZSBjb3JyZXNwb25kIHdpdGggdGhlIGxpc3RlbmluZyBzZXR0aW5nIG9uDQojIHRoZSBWUE4gU2VydmVyLg0KIyANCiMgU3BlY2lmeSBlaXRoZXIgJ3Byb3RvIHRjcCcgb3IgJ3Byb3RvIHVkcCcuDQoNCnByb3RvIHRjcA0KDQoNCiMjIyMjIyMjIyMjIyMjIyMjIyMjIyMjIyMjIyMjIyMjIyMjIyMjIyMjIyMjIyMjIyMjIyMjIyMjIyMjIyMjIyMjIyMjIyMjIyMjIyMjIyMNCiMgVGhlIGRlc3RpbmF0aW9uIGhvc3RuYW1lIC8gSVAgYWRkcmVzcywgYW5kIHBvcnQgbnVtYmVyIG9mDQojIHRoZSB0YXJnZXQgVlBOIFNlcnZlci4NCiMgDQojIFlvdSBoYXZlIHRvIHNwZWNpZnkgYXMgJ3JlbW90ZSA8SE9TVE5BTUU+IDxQT1JUPicuIFlvdSBjYW4gYWxzbw0KIyBzcGVjaWZ5IHRoZSBJUCBhZGRyZXNzIGluc3RlYWQgb2YgdGhlIGhvc3RuYW1lLg0KIyANCiMgTm90ZSB0aGF0IHRoZSBhdXRvLWdlbmVyYXRlZCBiZWxvdyBob3N0bmFtZSBhcmUgYSAiYXV0by1kZXRlY3RlZA0KIyBJUCBhZGRyZXNzIiBvZiB0aGUgVlBOIFNlcnZlci4gWW91IGhhdmUgdG8gY29uZmlybSB0aGUgY29ycmVjdG5lc3MNCiMgYmVmb3JlaGFuZC4NCiMgDQojIFdoZW4geW91IHdhbnQgdG8gY29ubmVjdCB0byB0aGUgVlBOIFNlcnZlciBieSB1c2luZyBUQ1AgcHJvdG9jb2wsDQojIHRoZSBwb3J0IG51bWJlciBvZiB0aGUgZGVzdGluYXRpb24gVENQIHBvcnQgc2hvdWxkIGJlIHNhbWUgYXMgb25lIG9mDQojIHRoZSBhdmFpbGFibGUgVENQIGxpc3RlbmVycyBvbiB0aGUgVlBOIFNlcnZlci4NCiMgDQojIFdoZW4geW91IHVzZSBVRFAgcHJvdG9jb2wsIHRoZSBwb3J0IG51bWJlciBtdXN0IHNhbWUgYXMgdGhlIGNvbmZpZ3VyYXRpb24NCiMgc2V0dGluZyBvZiAiT3BlblZQTiBTZXJ2ZXIgQ29tcGF0aWJsZSBGdW5jdGlvbiIgb24gdGhlIFZQTiBTZXJ2ZXIuDQoNCnJlbW90ZSA0Mi4xNDYuMTM1LjE3NCAxNTcwDQoNCg0KIyMjIyMjIyMjIyMjIyMjIyMjIyMjIyMjIyMjIyMjIyMjIyMjIyMjIyMjIyMjIyMjIyMjIyMjIyMjIyMjIyMjIyMjIyMjIyMjIyMjIyMjIw0KIyBUaGUgSFRUUC9IVFRQUyBwcm94eSBzZXR0aW5nLg0KIyANCiMgT25seSBpZiB5b3UgaGF2ZSB0byB1c2UgdGhlIEludGVybmV0IHZpYSBhIHByb3h5LCB1bmNvbW1lbnQgdGhlIGJlbG93DQojIHR3byBsaW5lcyBhbmQgc3BlY2lmeSB0aGUgcHJveHkgYWRkcmVzcyBhbmQgdGhlIHBvcnQgbnVtYmVyLg0KIyBJbiB0aGUgY2FzZSBvZiB1c2luZyBwcm94eS1hdXRoZW50aWNhdGlvbiwgcmVmZXIgdGhlIE9wZW5WUE4gbWFudWFsLg0KDQo7aHR0cC1wcm94eS1yZXRyeQ0KO2h0dHAtcHJveHkgW3Byb3h5IHNlcnZlcl0gW3Byb3h5IHBvcnRdDQoNCg0KIyMjIyMjIyMjIyMjIyMjIyMjIyMjIyMjIyMjIyMjIyMjIyMjIyMjIyMjIyMjIyMjIyMjIyMjIyMjIyMjIyMjIyMjIyMjIyMjIyMjIyMjIw0KIyBUaGUgZW5jcnlwdGlvbiBhbmQgYXV0aGVudGljYXRpb24gYWxnb3JpdGhtLg0KIyANCiMgRGVmYXVsdCBzZXR0aW5nIGlzIGdvb2QuIE1vZGlmeSBpdCBhcyB5b3UgcHJlZmVyLg0KIyBXaGVuIHlvdSBzcGVjaWZ5IGFuIHVuc3VwcG9ydGVkIGFsZ29yaXRobSwgdGhlIGVycm9yIHdpbGwgb2NjdXIuDQojIA0KIyBUaGUgc3VwcG9ydGVkIGFsZ29yaXRobXMgYXJlIGFzIGZvbGxvd3M6DQojICBjaXBoZXI6IFtOVUxMLUNJUEhFUl0gTlVMTCBBRVMtMTI4LUNCQyBBRVMtMTkyLUNCQyBBRVMtMjU2LUNCQyBCRi1DQkMNCiMgICAgICAgICAgQ0FTVC1DQkMgQ0FTVDUtQ0JDIERFUy1DQkMgREVTLUVERS1DQkMgREVTLUVERTMtQ0JDIERFU1gtQ0JDDQojICAgICAgICAgIFJDMi00MC1DQkMgUkMyLTY0LUNCQyBSQzItQ0JDDQojICBhdXRoOiAgIFNIQSBTSEExIE1ENSBNRDQgUk1EMTYwDQoNCmNpcGhlciBBRVMtMTI4LUNCQw0KYXV0aCBTSEExDQoNCg0KIyMjIyMjIyMjIyMjIyMjIyMjIyMjIyMjIyMjIyMjIyMjIyMjIyMjIyMjIyMjIyMjIyMjIyMjIyMjIyMjIyMjIyMjIyMjIyMjIyMjIyMjIw0KIyBPdGhlciBwYXJhbWV0ZXJzIG5lY2Vzc2FyeSB0byBjb25uZWN0IHRvIHRoZSBWUE4gU2VydmVyLg0KIyANCiMgSXQgaXMgbm90IHJlY29tbWVuZGVkIHRvIG1vZGlmeSBpdCB1bmxlc3MgeW91IGhhdmUgYSBwYXJ0aWN1bGFyIG5lZWQuDQoNCnJlc29sdi1yZXRyeSBpbmZpbml0ZQ0Kbm9iaW5kDQpwZXJzaXN0LWtleQ0KcGVyc2lzdC10dW4NCmNsaWVudA0KdmVyYiAzDQojYXV0aC11c2VyLXBhc3MNCg0KDQojIyMjIyMjIyMjIyMjIyMjIyMjIyMjIyMjIyMjIyMjIyMjIyMjIyMjIyMjIyMjIyMjIyMjIyMjIyMjIyMjIyMjIyMjIyMjIyMjIyMjIyMjDQojIFRoZSBjZXJ0aWZpY2F0ZSBmaWxlIG9mIHRoZSBkZXN0aW5hdGlvbiBWUE4gU2VydmVyLg0KIyANCiMgVGhlIENBIGNlcnRpZmljYXRlIGZpbGUgaXMgZW1iZWRkZWQgaW4gdGhlIGlubGluZSBmb3JtYXQuDQojIFlvdSBjYW4gcmVwbGFjZSB0aGlzIENBIGNvbnRlbnRzIGlmIG5lY2Vzc2FyeS4NCiMgUGxlYXNlIG5vdGUgdGhhdCBpZiB0aGUgc2VydmVyIGNlcnRpZmljYXRlIGlzIG5vdCBhIHNlbGYtc2lnbmVkLCB5b3UgaGF2ZSB0bw0KIyBzcGVjaWZ5IHRoZSBzaWduZXIncyByb290IGNlcnRpZmljYXRlIChDQSkgaGVyZS4NCg0KPGNhPg0KLS0tLS1CRUdJTiBDRVJUSUZJQ0FURS0tLS0tDQpNSUlGYXpDQ0ExT2dBd0lCQWdJUkFJSVF6N0RTUU9OWlJHUGd1Mk9DaXdBd0RRWUpLb1pJaHZjTkFRRUxCUUF3DQpUekVMTUFrR0ExVUVCaE1DVlZNeEtUQW5CZ05WQkFvVElFbHVkR1Z5Ym1WMElGTmxZM1Z5YVhSNUlGSmxjMlZoDQpjbU5vSUVkeWIzVndNUlV3RXdZRFZRUURFd3hKVTFKSElGSnZiM1FnV0RFd0hoY05NVFV3TmpBME1URXdORE00DQpXaGNOTXpVd05qQTBNVEV3TkRNNFdqQlBNUXN3Q1FZRFZRUUdFd0pWVXpFcE1DY0dBMVVFQ2hNZ1NXNTBaWEp1DQpaWFFnVTJWamRYSnBkSGtnVW1WelpXRnlZMmdnUjNKdmRYQXhGVEFUQmdOVkJBTVRERWxUVWtjZ1VtOXZkQ0JZDQpNVENDQWlJd0RRWUpLb1pJaHZjTkFRRUJCUUFEZ2dJUEFEQ0NBZ29DZ2dJQkFLM29KSFAwRkRmem01NHJWeWdjDQpoNzdjdDk4NGtJeHVQT1pYb0hqM2RjS2kvdlZxYnZZQVR5amIzbWlHYkVTVHRyRmovUlFTYTc4ZjB1b3hteUYrDQowVE04dWtqMTNYbmZzN2ovRXZFaG1rdkJpb1p4YVVwbVpteVBmanh3djYwcElnYno1TURtZ0s3aVM0KzNtWDZVDQpBNS9UUjVkOG1VZ2pVK2c0cms4S2I0TXUwVWxYaklCMHR0b3YwRGlOZXdOd0lSdDE4akE4K28rdTNkcGpxK3NXDQpUOEtPRVV0K3p3dm8vN1YzTHZTeWUwcmdUQklsREhDTkF5bWc0Vk1rN0JQWjdobS9FTE5LakQrSm8yRlIzcXlIDQpCNVQwWTNIc0x1SnZXNWlCNFlsY05IbHNkdTg3a0dKNTV0dWttaThteGRBUTRRN2UyUkNPRnZ1Mzk2ajN4K1VDDQpCNWlQTmdpVjUrSTNsZzAyZFo3N0RuS3hIWnU4QS9sSkJkaUIzUVcwS3RaQjZhd0JkcFVLRDlqZjFiMFNIelV2DQpLQmRzMHBqQnFBbGtkMjVITjdyT3JGbGVhSjEvY3RhSnhRWkJLVDVaUHQwbTlTVEpFYWRhbzB4QUgwYWhtYlduDQpPbEZ1aGp1ZWZYS25FZ1Y0V2UwK1VYZ1ZDd09QamRBdkJiSStlMG9jUzNNRkV2ekc2dUJRRTN4RGszU3p5blRuDQpqaDhCQ05BdzFGdHhOclFIdXNFd01GeEl0NEk3bUtaOVlJcWlveW1DekxxOWd3UWJvb01EUWFIV0JmRWJ3cmJ3DQpxSHlHTzBhb1NDcUkzSGFhZHI4ZmFxVTlHWS9yT1BOazNzZ3JEUW9vLy9mYjRoVkMxQ0xRSjEzaGVmNFk1M0NJDQpyVTdtMllzNnh0MG5VVzcvdkdUMU0wTlBBZ01CQUFHalFqQkFNQTRHQTFVZER3RUIvd1FFQXdJQkJqQVBCZ05WDQpIUk1CQWY4RUJUQURBUUgvTUIwR0ExVWREZ1FXQkJSNXRGbm1lN2JsNUFGemdBaUl5QnBZOXVtYmJqQU5CZ2txDQpoa2lHOXcwQkFRc0ZBQU9DQWdFQVZSOVlxYnl5cUZEUURMSFlHbWtnSnlrSXJHRjFYSXB1K0lMbGFTL1Y5bFpMDQp1Ymh6RUZuVElaZCs1MHh4KzdMU1lLMDVxQXZxRnlGV2hmRlFEbG5yenVCWjZickpGZStHblkrRWdQYms2WkdRDQozQmViWWh0RjhHYVYwbnh2d3VvNzd4L1B5OWF1Si9HcHNNaXUvWDErbXZvaUJPdi8yWC9xa1NzaXNSY09qL0tLDQpORnRZMlB3QnlWUzV1Q2JNaW9nemlVd3RoRHlDMys2V1Z3VzZMTHYzeExmSFRqdUN2akhJSW5Oemt0SENnS1E1DQpPUkF6STRKTVBKK0dzbFdZSGI0cGhvd2ltNTdpYXp0WE9vSndUZHdKeDRuTENnZE5iT2hkanNudnpxdkh1N1VyDQpUa1hXU3RBbXpPVnl5Z2hxcFpYakZhSDNwTzNKTEYrbCsvK3NLQUl1dnRkN3UrTnhlNUFXMHdkZVJsTjhOd2RDDQpqTlBFbHB6Vm1iVXE0SlVhZ0VpdVREa0h6c3hIcEZLVks3cTQrNjNTTTFOOTVSMU5iZFdoc2NkQ2IrWkFKelZjDQpveWkzQjQzbmpUT1E1eU9mKzFDY2VXeEcxYlFWczVadWZwc01sanE0VWkwLzFsdmgrd2pDaFA0a3FLT0oycXhxDQo0Umdxc2FoRFlWdlRIOXc3alhieUxlaU5kZDhYTTJ3OVUvdDd5MEZmLzl5aTBHRTQ0WmE0ckYyTE45ZDExVFBBDQptUkd1blVIQmNuV0V2Z0pCUWw5bkpFaVUwWnNudmdjL3ViaFBnWFJSNFhxMzdaMGo0cjdnMVNnRUV6d3hBNTdkDQplbXlQeGdjWXhuL2VSNDQvS0o0RUJzK2xWRFIzdmV5Sm0ra1hROTliMjEvK2poNVhvczFBblg1aUl0cmVHQ2M9DQotLS0tLUVORCBDRVJUSUZJQ0FURS0tLS0tDQoNCjwvY2E+DQoNCg0KIyMjIyMjIyMjIyMjIyMjIyMjIyMjIyMjIyMjIyMjIyMjIyMjIyMjIyMjIyMjIyMjIyMjIyMjIyMjIyMjIyMjIyMjIyMjIyMjIyMjIyMjIw0KIyBUaGUgY2xpZW50IGNlcnRpZmljYXRlIGZpbGUgKGR1bW15KS4NCiMgDQojIEluIHNvbWUgaW1wbGVtZW50YXRpb25zIG9mIE9wZW5WUE4gQ2xpZW50IHNvZnR3YXJlDQojIChmb3IgZXhhbXBsZTogT3BlblZQTiBDbGllbnQgZm9yIGlPUyksDQojIGEgcGFpciBvZiBjbGllbnQgY2VydGlmaWNhdGUgYW5kIHByaXZhdGUga2V5IG11c3QgYmUgaW5jbHVkZWQgb24gdGhlDQojIGNvbmZpZ3VyYXRpb24gZmlsZSBkdWUgdG8gdGhlIGxpbWl0YXRpb24gb2YgdGhlIGNsaWVudC4NCiMgU28gdGhpcyBzYW1wbGUgY29uZmlndXJhdGlvbiBmaWxlIGhhcyBhIGR1bW15IHBhaXIgb2YgY2xpZW50IGNlcnRpZmljYXRlDQojIGFuZCBwcml2YXRlIGtleSBhcyBmb2xsb3dzLg0KDQo8Y2VydD4NCi0tLS0tQkVHSU4gQ0VSVElGSUNBVEUtLS0tLQ0KTUlJQ3hqQ0NBYTRDQVFBd0RRWUpLb1pJaHZjTkFRRUZCUUF3S1RFYU1CZ0dBMVVFQXhNUlZsQk9SMkYwWlVOcw0KYVdWdWRFTmxjblF4Q3pBSkJnTlZCQVlUQWtwUU1CNFhEVEV6TURJeE1UQXpORGswT1ZvWERUTTNNREV4T1RBeg0KTVRRd04xb3dLVEVhTUJnR0ExVUVBeE1SVmxCT1IyRjBaVU5zYVdWdWRFTmxjblF4Q3pBSkJnTlZCQVlUQWtwUQ0KTUlJQklqQU5CZ2txaGtpRzl3MEJBUUVGQUFPQ0FROEFNSUlCQ2dLQ0FRRUE1aDJsZ1FRWVVqd29LWUpielZaQQ0KNVZjSUdkNW90UGMvcVpSTXQwS0l0Q0ZBMHM5UndSZU5WYTlmRFJGTFJCaGNJVE9sdjNGQmNXM0U4aDFVczdSRA0KNFc4R21KZTh6YXBKbkxzRDM5T1NNUkN6WkpuY3pXNE9DSDFQWlJaV0txRHRqbE5jYTlBRjhhNjVqVG1sRHhDUQ0KQ2pudExJV2s1T0xMVmtGdDkvdFNjYzFHRHRjaTU1b2ZoYU5BWU1QaUg3VjgrMWc2NnBHSFhBb1dLNkFRVkg2Nw0KWENLSm5HQjVubFErSHNNWVBWL080OUxkOTFaTi8ydEhrY2FMTHlOdHl3eFZQUlNzUmg0ODBqanUwZmNDc3Y2aA0KcC8weVhuVEIvL21XdXRCR3BkVWxJYndpSVRiQW1yc2JZbmppZ1J2blBxWDFSTkpVYmk5RnA2QzJjL0hJRkpHRA0KeXdJREFRQUJNQTBHQ1NxR1NJYjNEUUVCQlFVQUE0SUJBUUNoTzVoZ2N3LzRvV2ZvRUZMdTlrQmExQi8va3hIOA0KaFFrQ2hWTm44QlJDN1kwVVJRaXRQbDNES0VlZDlVUkJEZGcyS09Bejc3YmI2RU5QaWxpRCthMzhVSkhJUk1xZQ0KVUJIaGxsT0hJenZEaEhGYmFvdkFMQlFjZWVCemRrUXhzS1FFU0ttUW1SODMyOTUwVUNvdm95UkI2MVV5QVY3aA0KK21aaFlQR1JLWEtTSkk2czBFZ2cvQ3JpK0N3azRiakpmcmI1aFZzZTExeWg0RDlNSGh3U2ZDT0grMHo0aFBVVA0KRmt1N2RHYXZVUk81U1Z4TW4vc0w2RW41RCtvU2VYa2FkSHBEcytBaXJ5bTJZSGgxNWgwK2pQU09vUjZ5aVZwLw0KNnpaZVprck40M2t1UzczS3BLREZqZkZQaDh0NHIxZ09JanR0a05jUXFCY2N1c25wbFE3SEpwc2sNCi0tLS0tRU5EIENFUlRJRklDQVRFLS0tLS0NCg0KPC9jZXJ0Pg0KDQo8a2V5Pg0KLS0tLS1CRUdJTiBSU0EgUFJJVkFURSBLRVktLS0tLQ0KTUlJRXBBSUJBQUtDQVFFQTVoMmxnUVFZVWp3b0tZSmJ6VlpBNVZjSUdkNW90UGMvcVpSTXQwS0l0Q0ZBMHM5Ug0Kd1JlTlZhOWZEUkZMUkJoY0lUT2x2M0ZCY1czRThoMVVzN1JENFc4R21KZTh6YXBKbkxzRDM5T1NNUkN6WkpuYw0Kelc0T0NIMVBaUlpXS3FEdGpsTmNhOUFGOGE2NWpUbWxEeENRQ2pudExJV2s1T0xMVmtGdDkvdFNjYzFHRHRjaQ0KNTVvZmhhTkFZTVBpSDdWOCsxZzY2cEdIWEFvV0s2QVFWSDY3WENLSm5HQjVubFErSHNNWVBWL080OUxkOTFaTg0KLzJ0SGtjYUxMeU50eXd4VlBSU3NSaDQ4MGpqdTBmY0NzdjZocC8weVhuVEIvL21XdXRCR3BkVWxJYndpSVRiQQ0KbXJzYlluamlnUnZuUHFYMVJOSlViaTlGcDZDMmMvSElGSkdEeXdJREFRQUJBb0lCQUVSVjdYNUF2eEE4dVJpSw0KazhTSXBzRDBkWDFwSk9NSXdha1VWeXZjNEVmTjBEaEtSTmI0cllvU2lFR1RMeXpMcHlCYy9BMjhEbGttNWVPWQ0KZmp6WGZZa0d0WWkvRnR4a2czTzl2Y3JNUTQrNmkrdUdIYUlMMnJMK3M0TXJmTzh2MXh2NitXa3kzM0VFR0NvdQ0KUWl3VkdSRlFYblJvUTYyTkJDRmJVTkxobVh3ZGoxYWtaekxVNHA1UjR6QTNRaGR4d0VJYXRWTHQwKzdvd0xRMw0KbFA4c2ZYaHBwUE9YalRxTUQ0UWtZd3pQQWE4L3pGN2FjbjRrcnlyVVA3UTZQQWZkMHpFVnFOeTlaQ1o5ZmZobw0KelhlZEZqNDg2SUZvYzVnblRwMk42anNuVmo0TENHSWhsVkhsWUdvektLRnFKY1FWR3NIQ3FxMW96MnpqVzZMUw0Kb1JZSUhnRUNnWUVBOHpacmtDd05ZU1hKdU9ESjNtL2hPTFZ4Y3hnSnV3WG9pRXJXZDBFNDJ2UGFuampWTWhudA0KS1k1bDhxR01KNkZoSzlMWXgycUNyZi9FMFh0VUFaMndWcTNPUlR5R25zTVdyZTl0TFlzNTVYK1pOMTBUYzc1eg0KNGhhY2JVMGhxS04xSGlEbXNNUlkzLzJOYVpIb3k3TUtud0pKQmFHNDhsOUNDVGxWd01Ib2NJRUNnWUVBOGpieQ0KZEdqeFRIKzZYSFdOaXpiNVNSYlp4QW55RWVKZVJ3VE1oMGdHendHUHBIL3NaWUd6eXUwU3lTWFdDblpoM1JncQ0KNXVMbE54dHJYcmxqWmx5aTJuUWRRZ3NxMllyV1VzMCt6Z1UrMjJ1UXNacFNBZnRtaFZydHZldDZNalZqYkJ5WQ0KREFEY2lFVlVkSllJWGsrcW5GVUp5ZXJvTElrVGo3V1lLWjZSamtzQ2dZQm9DRkl3UkRlZzQyb0s4OVJGbW5Pcg0KTHltTkFxNCsyb01oc1dsVmI0ZWpXSVdlQWs5bmMrR1hVZnJYc3pSaFMwMW1VblU1cjV5Z1V2UmNhclYvVDNVNw0KVG5NWitJN1k0RGdXUklEZDUxem5oeElCdFlWNWovQy90ODVIanFPa0grOGI2UlRrYmNoYVgzbWF1N2ZwVWZkcw0KRnEwbmhJcTQyZmhFTzhzcmZZWXdnUUtCZ1FDeWhpMU4vOHRhUndwayszL0lERXpRd2piZmR6VWtXV1NEazlYcw0KSC9wa3VSSFdmVE1QM2ZsV3FFWWdXL0xXNDBwZVcySERxNWltZFY4K0FnWnhlL1hNYmFqaTlMZ3dmMVJZMDA1bg0KS3hhWlF6N3lxSHVwV2xMR0Y2OERQSHhrWlZWU2FnRG5WL3N6dFdYNlNGc0NxRlZueElYaWZYR0M0Y1c1Tm05Zw0KdmE4cTRRS0JnUUNFaExWZVVmZHdLdmtaOTRnL0dGejczMVoyaHJkVmhnTVphVS91NnQwVjk1K1llelBOQ1FaQg0Kd21FOU1tbGJxMWVtRGVST2l2akNmb0doUjNrWlhXMXBUS2xMaDZaTVVRVU9wcHRkWHZhOFh4Zm9xUXdhM2VuQQ0KTTdtdUJiRjBYTjdWTzgwaUpQditQbUlaZEVJQWtwd0tmaTIwMVlCK0JhZkNJdUd4SUY1MFZnPT0NCi0tLS0tRU5EIFJTQSBQUklWQVRFIEtFWS0tLS0tDQoNCjwva2V5Pg0KDQo=
vpn913201400,14.47.59.123,594758,33,126797894,Korea Republic of,KR,33,21947507,3759,318489770695,2weeks,JINSA's owner,,IyMjIyMjIyMjIyMjIyMjIyMjIyMjIyMjIyMjIyMjIyMjIyMjIyMjIyMjIyMjIyMjIyMjIyMjIyMjIyMjIyMjIyMjIyMjIyMjIyMjIyMjIw0KIyBPcGVuVlBOIDIuMCBTYW1wbGUgQ29uZmlndXJhdGlvbiBGaWxlDQojIGZvciBQYWNrZXRpWCBWUE4gLyBTb2Z0RXRoZXIgVlBOIFNlcnZlcg0KIyANCiMgISEhIEFVVE8tR0VORVJBVEVEIEJZIFNPRlRFVEhFUiBWUE4gU0VSVkVSIE1BTkFHRU1FTlQgVE9PTCAhISENCiMgDQojICEhISBZT1UgSEFWRSBUTyBSRVZJRVcgSVQgQkVGT1JFIFVTRSBBTkQgTU9ESUZZIElUIEFTIE5FQ0VTU0FSWSAhISENCiMgDQojIFRoaXMgY29uZmlndXJhdGlvbiBmaWxlIGlzIGF1dG8tZ2VuZXJhdGVkLiBZb3UgbWlnaHQgdXNlIHRoaXMgY29uZmlnIGZpbGUNCiMgaW4gb3JkZXIgdG8gY29ubmVjdCB0byB0aGUgUGFja2V0aVggVlBOIC8gU29mdEV0aGVyIFZQTiBTZXJ2ZXIuDQojIEhvd2V2ZXIsIGJlZm9yZSB5b3UgdHJ5IGl0LCB5b3Ugc2hvdWxkIHJldmlldyB0aGUgZGVzY3JpcHRpb25zIG9mIHRoZSBmaWxlDQojIHRvIGRldGVybWluZSB0aGUgbmVjZXNzaXR5IHRvIG1vZGlmeSB0byBzdWl0YWJsZSBmb3IgeW91ciByZWFsIGVudmlyb25tZW50Lg0KIyBJZiBuZWNlc3NhcnksIHlvdSBoYXZlIHRvIG1vZGlmeSBhIGxpdHRsZSBhZGVxdWF0ZWx5IG9uIHRoZSBmaWxlLg0KIyBGb3IgZXhhbXBsZSwgdGhlIElQIGFkZHJlc3Mgb3IgdGhlIGhvc3RuYW1lIGFzIGEgZGVzdGluYXRpb24gVlBOIFNlcnZlcg0KIyBzaG91bGQgYmUgY29uZmlybWVkLg0KIyANCiMgTm90ZSB0aGF0IHRvIHVzZSBPcGVuVlBOIDIuMCwgeW91IGhhdmUgdG8gcHV0IHRoZSBjZXJ0aWZpY2F0aW9uIGZpbGUgb2YNCiMgdGhlIGRlc3RpbmF0aW9uIFZQTiBTZXJ2ZXIgb24gdGhlIE9wZW5WUE4gQ2xpZW50IGNvbXB1dGVyIHdoZW4geW91IHVzZSB0aGlzDQojIGNvbmZpZyBmaWxlLiBQbGVhc2UgcmVmZXIgdGhlIGJlbG93IGRlc2NyaXB0aW9ucyBjYXJlZnVsbHkuDQoNCg0KIyMjIyMjIyMjIyMjIyMjIyMjIyMjIyMjIyMjIyMjIyMjIyMjIyMjIyMjIyMjIyMjIyMjIyMjIyMjIyMjIyMjIyMjIyMjIyMjIyMjIyMjIw0KIyBTcGVjaWZ5IHRoZSB0eXBlIG9mIHRoZSBsYXllciBvZiB0aGUgVlBOIGNvbm5lY3Rpb24uDQojIA0KIyBUbyBjb25uZWN0IHRvIHRoZSBWUE4gU2VydmVyIGFzIGEgIlJlbW90ZS1BY2Nlc3MgVlBOIENsaWVudCBQQyIsDQojICBzcGVjaWZ5ICdkZXYgdHVuJy4gKExheWVyLTMgSVAgUm91dGluZyBNb2RlKQ0KIw0KIyBUbyBjb25uZWN0IHRvIHRoZSBWUE4gU2VydmVyIGFzIGEgYnJpZGdpbmcgZXF1aXBtZW50IG9mICJTaXRlLXRvLVNpdGUgVlBOIiwNCiMgIHNwZWNpZnkgJ2RldiB0YXAnLiAoTGF5ZXItMiBFdGhlcm5ldCBCcmlkZ2luZSBNb2RlKQ0KDQpkZXYgdHVuDQoNCg0KIyMjIyMjIyMjIyMjIyMjIyMjIyMjIyMjIyMjIyMjIyMjIyMjIyMjIyMjIyMjIyMjIyMjIyMjIyMjIyMjIyMjIyMjIyMjIyMjIyMjIyMjIw0KIyBTcGVjaWZ5IHRoZSB1bmRlcmx5aW5nIHByb3RvY29sIGJleW9uZCB0aGUgSW50ZXJuZXQuDQojIE5vdGUgdGhhdCB0aGlzIHNldHRpbmcgbXVzdCBiZSBjb3JyZXNwb25kIHdpdGggdGhlIGxpc3RlbmluZyBzZXR0aW5nIG9uDQojIHRoZSBWUE4gU2VydmVyLg0KIyANCiMgU3BlY2lmeSBlaXRoZXIgJ3Byb3RvIHRjcCcgb3IgJ3Byb3RvIHVkcCcuDQoNCnByb3RvIHRjcA0KDQoNCiMjIyMjIyMjIyMjIyMjIyMjIyMjIyMjIyMjIyMjIyMjIyMjIyMjIyMjIyMjIyMjIyMjIyMjIyMjIyMjIyMjIyMjIyMjIyMjIyMjIyMjIyMNCiMgVGhlIGRlc3RpbmF0aW9uIGhvc3RuYW1lIC8gSVAgYWRkcmVzcywgYW5kIHBvcnQgbnVtYmVyIG9mDQojIHRoZSB0YXJnZXQgVlBOIFNlcnZlci4NCiMgDQojIFlvdSBoYXZlIHRvIHNwZWNpZnkgYXMgJ3JlbW90ZSA8SE9TVE5BTUU+IDxQT1JUPicuIFlvdSBjYW4gYWxzbw0KIyBzcGVjaWZ5IHRoZSBJUCBhZGRyZXNzIGluc3RlYWQgb2YgdGhlIGhvc3RuYW1lLg0KIyANCiMgTm90ZSB0aGF0IHRoZSBhdXRvLWdlbmVyYXRlZCBiZWxvdyBob3N0bmFtZSBhcmUgYSAiYXV0by1kZXRlY3RlZA0KIyBJUCBhZGRyZXNzIiBvZiB0aGUgVlBOIFNlcnZlci4gWW91IGhhdmUgdG8gY29uZmlybSB0aGUgY29ycmVjdG5lc3MNCiMgYmVmb3JlaGFuZC4NCiMgDQojIFdoZW4geW91IHdhbnQgdG8gY29ubmVjdCB0byB0aGUgVlBOIFNlcnZlciBieSB1c2luZyBUQ1AgcHJvdG9jb2wsDQojIHRoZSBwb3J0IG51bWJlciBvZiB0aGUgZGVzdGluYXRpb24gVENQIHBvcnQgc2hvdWxkIGJlIHNhbWUgYXMgb25lIG9mDQojIHRoZSBhdmFpbGFibGUgVENQIGxpc3RlbmVycyBvbiB0aGUgVlBOIFNlcnZlci4NCiMgDQojIFdoZW4geW91IHVzZSBVRFAgcHJvdG9jb2wsIHRoZSBwb3J0IG51bWJlciBtdXN0IHNhbWUgYXMgdGhlIGNvbmZpZ3VyYXRpb24NCiMgc2V0dGluZyBvZiAiT3BlblZQTiBTZXJ2ZXIgQ29tcGF0aWJsZSBGdW5jdGlvbiIgb24gdGhlIFZQTiBTZXJ2ZXIuDQoNCnJlbW90ZSAxNC40Ny41OS4xMjMgOTk1DQoNCg0KIyMjIyMjIyMjIyMjIyMjIyMjIyMjIyMjIyMjIyMjIyMjIyMjIyMjIyMjIyMjIyMjIyMjIyMjIyMjIyMjIyMjIyMjIyMjIyMjIyMjIyMjIw0KIyBUaGUgSFRUUC9IVFRQUyBwcm94eSBzZXR0aW5nLg0KIyANCiMgT25seSBpZiB5b3UgaGF2ZSB0byB1c2UgdGhlIEludGVybmV0IHZpYSBhIHByb3h5LCB1bmNvbW1lbnQgdGhlIGJlbG93DQojIHR3byBsaW5lcyBhbmQgc3BlY2lmeSB0aGUgcHJveHkgYWRkcmVzcyBhbmQgdGhlIHBvcnQgbnVtYmVyLg0KIyBJbiB0aGUgY2FzZSBvZiB1c2luZyBwcm94eS1hdXRoZW50aWNhdGlvbiwgcmVmZXIgdGhlIE9wZW5WUE4gbWFudWFsLg0KDQo7aHR0cC1wcm94eS1yZXRyeQ0KO2h0dHAtcHJveHkgW3Byb3h5IHNlcnZlcl0gW3Byb3h5IHBvcnRdDQoNCg0KIyMjIyMjIyMjIyMjIyMjIyMjIyMjIyMjIyMjIyMjIyMjIyMjIyMjIyMjIyMjIyMjIyMjIyMjIyMjIyMjIyMjIyMjIyMjIyMjIyMjIyMjIw0KIyBUaGUgZW5jcnlwdGlvbiBhbmQgYXV0aGVudGljYXRpb24gYWxnb3JpdGhtLg0KIyANCiMgRGVmYXVsdCBzZXR0aW5nIGlzIGdvb2QuIE1vZGlmeSBpdCBhcyB5b3UgcHJlZmVyLg0KIyBXaGVuIHlvdSBzcGVjaWZ5IGFuIHVuc3VwcG9ydGVkIGFsZ29yaXRobSwgdGhlIGVycm9yIHdpbGwgb2NjdXIuDQojIA0KIyBUaGUgc3VwcG9ydGVkIGFsZ29yaXRobXMgYXJlIGFzIGZvbGxvd3M6DQojICBjaXBoZXI6IFtOVUxMLUNJUEhFUl0gTlVMTCBBRVMtMTI4LUNCQyBBRVMtMTkyLUNCQyBBRVMtMjU2LUNCQyBCRi1DQkMNCiMgICAgICAgICAgQ0FTVC1DQkMgQ0FTVDUtQ0JDIERFUy1DQkMgREVTLUVERS1DQkMgREVTLUVERTMtQ0JDIERFU1gtQ0JDDQojICAgICAgICAgIFJDMi00MC1DQkMgUkMyLTY0LUNCQyBSQzItQ0JDDQojICBhdXRoOiAgIFNIQSBTSEExIE1ENSBNRDQgUk1EMTYwDQoNCmNpcGhlciBBRVMtMTI4LUNCQw0KYXV0aCBTSEExDQoNCg0KIyMjIyMjIyMjIyMjIyMjIyMjIyMjIyMjIyMjIyMjIyMjIyMjIyMjIyMjIyMjIyMjIyMjIyMjIyMjIyMjIyMjIyMjIyMjIyMjIyMjIyMjIw0KIyBPdGhlciBwYXJhbWV0ZXJzIG5lY2Vzc2FyeSB0byBjb25uZWN0IHRvIHRoZSBWUE4gU2VydmVyLg0KIyANCiMgSXQgaXMgbm90IHJlY29tbWVuZGVkIHRvIG1vZGlmeSBpdCB1bmxlc3MgeW91IGhhdmUgYSBwYXJ0aWN1bGFyIG5lZWQuDQoNCnJlc29sdi1yZXRyeSBpbmZpbml0ZQ0Kbm9iaW5kDQpwZXJzaXN0LWtleQ0KcGVyc2lzdC10dW4NCmNsaWVudA0KdmVyYiAzDQojYXV0aC11c2VyLXBhc3MNCg0KDQojIyMjIyMjIyMjIyMjIyMjIyMjIyMjIyMjIyMjIyMjIyMjIyMjIyMjIyMjIyMjIyMjIyMjIyMjIyMjIyMjIyMjIyMjIyMjIyMjIyMjIyMjDQojIFRoZSBjZXJ0aWZpY2F0ZSBmaWxlIG9mIHRoZSBkZXN0aW5hdGlvbiBWUE4gU2VydmVyLg0KIyANCiMgVGhlIENBIGNlcnRpZmljYXRlIGZpbGUgaXMgZW1iZWRkZWQgaW4gdGhlIGlubGluZSBmb3JtYXQuDQojIFlvdSBjYW4gcmVwbGFjZSB0aGlzIENBIGNvbnRlbnRzIGlmIG5lY2Vzc2FyeS4NCiMgUGxlYXNlIG5vdGUgdGhhdCBpZiB0aGUgc2VydmVyIGNlcnRpZmljYXRlIGlzIG5vdCBhIHNlbGYtc2lnbmVkLCB5b3UgaGF2ZSB0bw0KIyBzcGVjaWZ5IHRoZSBzaWduZXIncyByb290IGNlcnRpZmljYXRlIChDQSkgaGVyZS4NCg0KPGNhPg0KLS0tLS1CRUdJTiBDRVJUSUZJQ0FURS0tLS0tDQpNSUlGYXpDQ0ExT2dBd0lCQWdJUkFJSVF6N0RTUU9OWlJHUGd1Mk9DaXdBd0RRWUpLb1pJaHZjTkFRRUxCUUF3DQpUekVMTUFrR0ExVUVCaE1DVlZNeEtUQW5CZ05WQkFvVElFbHVkR1Z5Ym1WMElGTmxZM1Z5YVhSNUlGSmxjMlZoDQpjbU5vSUVkeWIzVndNUlV3RXdZRFZRUURFd3hKVTFKSElGSnZiM1FnV0RFd0hoY05NVFV3TmpBME1URXdORE00DQpXaGNOTXpVd05qQTBNVEV3TkRNNFdqQlBNUXN3Q1FZRFZRUUdFd0pWVXpFcE1DY0dBMVVFQ2hNZ1NXNTBaWEp1DQpaWFFnVTJWamRYSnBkSGtnVW1WelpXRnlZMmdnUjNKdmRYQXhGVEFUQmdOVkJBTVRERWxUVWtjZ1VtOXZkQ0JZDQpNVENDQWlJd0RRWUpLb1pJaHZjTkFRRUJCUUFEZ2dJUEFEQ0NBZ29DZ2dJQkFLM29KSFAwRkRmem01NHJWeWdjDQpoNzdjdDk4NGtJeHVQT1pYb0hqM2RjS2kvdlZxYnZZQVR5amIzbWlHYkVTVHRyRmovUlFTYTc4ZjB1b3hteUYrDQowVE04dWtqMTNYbmZzN2ovRXZFaG1rdkJpb1p4YVVwbVpteVBmanh3djYwcElnYno1TURtZ0s3aVM0KzNtWDZVDQpBNS9UUjVkOG1VZ2pVK2c0cms4S2I0TXUwVWxYaklCMHR0b3YwRGlOZXdOd0lSdDE4akE4K28rdTNkcGpxK3NXDQpUOEtPRVV0K3p3dm8vN1YzTHZTeWUwcmdUQklsREhDTkF5bWc0Vk1rN0JQWjdobS9FTE5LakQrSm8yRlIzcXlIDQpCNVQwWTNIc0x1SnZXNWlCNFlsY05IbHNkdTg3a0dKNTV0dWttaThteGRBUTRRN2UyUkNPRnZ1Mzk2ajN4K1VDDQpCNWlQTmdpVjUrSTNsZzAyZFo3N0RuS3hIWnU4QS9sSkJkaUIzUVcwS3RaQjZhd0JkcFVLRDlqZjFiMFNIelV2DQpLQmRzMHBqQnFBbGtkMjVITjdyT3JGbGVhSjEvY3RhSnhRWkJLVDVaUHQwbTlTVEpFYWRhbzB4QUgwYWhtYlduDQpPbEZ1aGp1ZWZYS25FZ1Y0V2UwK1VYZ1ZDd09QamRBdkJiSStlMG9jUzNNRkV2ekc2dUJRRTN4RGszU3p5blRuDQpqaDhCQ05BdzFGdHhOclFIdXNFd01GeEl0NEk3bUtaOVlJcWlveW1DekxxOWd3UWJvb01EUWFIV0JmRWJ3cmJ3DQpxSHlHTzBhb1NDcUkzSGFhZHI4ZmFxVTlHWS9yT1BOazNzZ3JEUW9vLy9mYjRoVkMxQ0xRSjEzaGVmNFk1M0NJDQpyVTdtMllzNnh0MG5VVzcvdkdUMU0wTlBBZ01CQUFHalFqQkFNQTRHQTFVZER3RUIvd1FFQXdJQkJqQVBCZ05WDQpIUk1CQWY4RUJUQURBUUgvTUIwR0ExVWREZ1FXQkJSNXRGbm1lN2JsNUFGemdBaUl5QnBZOXVtYmJqQU5CZ2txDQpoa2lHOXcwQkFRc0ZBQU9DQWdFQVZSOVlxYnl5cUZEUURMSFlHbWtnSnlrSXJHRjFYSXB1K0lMbGFTL1Y5bFpMDQp1Ymh6RUZuVElaZCs1MHh4KzdMU1lLMDVxQXZxRnlGV2hmRlFEbG5yenVCWjZickpGZStHblkrRWdQYms2WkdRDQozQmViWWh0RjhHYVYwbnh2d3VvNzd4L1B5OWF1Si9HcHNNaXUvWDErbXZvaUJPdi8yWC9xa1NzaXNSY09qL0tLDQpORnRZMlB3QnlWUzV1Q2JNaW9nemlVd3RoRHlDMys2V1Z3VzZMTHYzeExmSFRqdUN2akhJSW5Oemt0SENnS1E1DQpPUkF6STRKTVBKK0dzbFdZSGI0cGhvd2ltNTdpYXp0WE9vSndUZHdKeDRuTENnZE5iT2hkanNudnpxdkh1N1VyDQpUa1hXU3RBbXpPVnl5Z2hxcFpYakZhSDNwTzNKTEYrbCsvK3NLQUl1dnRkN3UrTnhlNUFXMHdkZVJsTjhOd2RDDQpqTlBFbHB6Vm1iVXE0SlVhZ0VpdVREa0h6c3hIcEZLVks3cTQrNjNTTTFOOTVSMU5iZFdoc2NkQ2IrWkFKelZjDQpveWkzQjQzbmpUT1E1eU9mKzFDY2VXeEcxYlFWczVadWZwc01sanE0VWkwLzFsdmgrd2pDaFA0a3FLT0oycXhxDQo0Umdxc2FoRFlWdlRIOXc3alhieUxlaU5kZDhYTTJ3OVUvdDd5MEZmLzl5aTBHRTQ0WmE0ckYyTE45ZDExVFBBDQptUkd1blVIQmNuV0V2Z0pCUWw5bkpFaVUwWnNudmdjL3ViaFBnWFJSNFhxMzdaMGo0cjdnMVNnRUV6d3hBNTdkDQplbXlQeGdjWXhuL2VSNDQvS0o0RUJzK2xWRFIzdmV5Sm0ra1hROTliMjEvK2poNVhvczFBblg1aUl0cmVHQ2M9DQotLS0tLUVORCBDRVJUSUZJQ0FURS0tLS0tDQoNCjwvY2E+DQoNCg0KIyMjIyMjIyMjIyMjIyMjIyMjIyMjIyMjIyMjIyMjIyMjIyMjIyMjIyMjIyMjIyMjIyMjIyMjIyMjIyMjIyMjIyMjIyMjIyMjIyMjIyMjIw0KIyBUaGUgY2xpZW50IGNlcnRpZmljYXRlIGZpbGUgKGR1bW15KS4NCiMgDQojIEluIHNvbWUgaW1wbGVtZW50YXRpb25zIG9mIE9wZW5WUE4gQ2xpZW50IHNvZnR3YXJlDQojIChmb3IgZXhhbXBsZTogT3BlblZQTiBDbGllbnQgZm9yIGlPUyksDQojIGEgcGFpciBvZiBjbGllbnQgY2VydGlmaWNhdGUgYW5kIHByaXZhdGUga2V5IG11c3QgYmUgaW5jbHVkZWQgb24gdGhlDQojIGNvbmZpZ3VyYXRpb24gZmlsZSBkdWUgdG8gdGhlIGxpbWl0YXRpb24gb2YgdGhlIGNsaWVudC4NCiMgU28gdGhpcyBzYW1wbGUgY29uZmlndXJhdGlvbiBmaWxlIGhhcyBhIGR1bW15IHBhaXIgb2YgY2xpZW50IGNlcnRpZmljYXRlDQojIGFuZCBwcml2YXRlIGtleSBhcyBmb2xsb3dzLg0KDQo8Y2VydD4NCi0tLS0tQkVHSU4gQ0VSVElGSUNBVEUtLS0tLQ0KTUlJQ3hqQ0NBYTRDQVFBd0RRWUpLb1pJaHZjTkFRRUZCUUF3S1RFYU1CZ0dBMVVFQXhNUlZsQk9SMkYwWlVOcw0KYVdWdWRFTmxjblF4Q3pBSkJnTlZCQVlUQWtwUU1CNFhEVEV6TURJeE1UQXpORGswT1ZvWERUTTNNREV4T1RBeg0KTVRRd04xb3dLVEVhTUJnR0ExVUVBeE1SVmxCT1IyRjBaVU5zYVdWdWRFTmxjblF4Q3pBSkJnTlZCQVlUQWtwUQ0KTUlJQklqQU5CZ2txaGtpRzl3MEJBUUVGQUFPQ0FROEFNSUlCQ2dLQ0FRRUE1aDJsZ1FRWVVqd29LWUpielZaQQ0KNVZjSUdkNW90UGMvcVpSTXQwS0l0Q0ZBMHM5UndSZU5WYTlmRFJGTFJCaGNJVE9sdjNGQmNXM0U4aDFVczdSRA0KNFc4R21KZTh6YXBKbkxzRDM5T1NNUkN6WkpuY3pXNE9DSDFQWlJaV0txRHRqbE5jYTlBRjhhNjVqVG1sRHhDUQ0KQ2pudExJV2s1T0xMVmtGdDkvdFNjYzFHRHRjaTU1b2ZoYU5BWU1QaUg3VjgrMWc2NnBHSFhBb1dLNkFRVkg2Nw0KWENLSm5HQjVubFErSHNNWVBWL080OUxkOTFaTi8ydEhrY2FMTHlOdHl3eFZQUlNzUmg0ODBqanUwZmNDc3Y2aA0KcC8weVhuVEIvL21XdXRCR3BkVWxJYndpSVRiQW1yc2JZbmppZ1J2blBxWDFSTkpVYmk5RnA2QzJjL0hJRkpHRA0KeXdJREFRQUJNQTBHQ1NxR1NJYjNEUUVCQlFVQUE0SUJBUUNoTzVoZ2N3LzRvV2ZvRUZMdTlrQmExQi8va3hIOA0KaFFrQ2hWTm44QlJDN1kwVVJRaXRQbDNES0VlZDlVUkJEZGcyS09Bejc3YmI2RU5QaWxpRCthMzhVSkhJUk1xZQ0KVUJIaGxsT0hJenZEaEhGYmFvdkFMQlFjZWVCemRrUXhzS1FFU0ttUW1SODMyOTUwVUNvdm95UkI2MVV5QVY3aA0KK21aaFlQR1JLWEtTSkk2czBFZ2cvQ3JpK0N3azRiakpmcmI1aFZzZTExeWg0RDlNSGh3U2ZDT0grMHo0aFBVVA0KRmt1N2RHYXZVUk81U1Z4TW4vc0w2RW41RCtvU2VYa2FkSHBEcytBaXJ5bTJZSGgxNWgwK2pQU09vUjZ5aVZwLw0KNnpaZVprck40M2t1UzczS3BLREZqZkZQaDh0NHIxZ09JanR0a05jUXFCY2N1c25wbFE3SEpwc2sNCi0tLS0tRU5EIENFUlRJRklDQVRFLS0tLS0NCg0KPC9jZXJ0Pg0KDQo8a2V5Pg0KLS0tLS1CRUdJTiBSU0EgUFJJVkFURSBLRVktLS0tLQ0KTUlJRXBBSUJBQUtDQVFFQTVoMmxnUVFZVWp3b0tZSmJ6VlpBNVZjSUdkNW90UGMvcVpSTXQwS0l0Q0ZBMHM5Ug0Kd1JlTlZhOWZEUkZMUkJoY0lUT2x2M0ZCY1czRThoMVVzN1JENFc4R21KZTh6YXBKbkxzRDM5T1NNUkN6WkpuYw0Kelc0T0NIMVBaUlpXS3FEdGpsTmNhOUFGOGE2NWpUbWxEeENRQ2pudExJV2s1T0xMVmtGdDkvdFNjYzFHRHRjaQ0KNTVvZmhhTkFZTVBpSDdWOCsxZzY2cEdIWEFvV0s2QVFWSDY3WENLSm5HQjVubFErSHNNWVBWL080OUxkOTFaTg0KLzJ0SGtjYUxMeU50eXd4VlBSU3NSaDQ4MGpqdTBmY0NzdjZocC8weVhuVEIvL21XdXRCR3BkVWxJYndpSVRiQQ0KbXJzYlluamlnUnZuUHFYMVJOSlViaTlGcDZDMmMvSElGSkdEeXdJREFRQUJBb0lCQUVSVjdYNUF2eEE4dVJpSw0KazhTSXBzRDBkWDFwSk9NSXdha1VWeXZjNEVmTjBEaEtSTmI0cllvU2lFR1RMeXpMcHlCYy9BMjhEbGttNWVPWQ0KZmp6WGZZa0d0WWkvRnR4a2czTzl2Y3JNUTQrNmkrdUdIYUlMMnJMK3M0TXJmTzh2MXh2NitXa3kzM0VFR0NvdQ0KUWl3VkdSRlFYblJvUTYyTkJDRmJVTkxobVh3ZGoxYWtaekxVNHA1UjR6QTNRaGR4d0VJYXRWTHQwKzdvd0xRMw0KbFA4c2ZYaHBwUE9YalRxTUQ0UWtZd3pQQWE4L3pGN2FjbjRrcnlyVVA3UTZQQWZkMHpFVnFOeTlaQ1o5ZmZobw0KelhlZEZqNDg2SUZvYzVnblRwMk42anNuVmo0TENHSWhsVkhsWUdvektLRnFKY1FWR3NIQ3FxMW96MnpqVzZMUw0Kb1JZSUhnRUNnWUVBOHpacmtDd05ZU1hKdU9ESjNtL2hPTFZ4Y3hnSnV3WG9pRXJXZDBFNDJ2UGFuampWTWhudA0KS1k1bDhxR01KNkZoSzlMWXgycUNyZi9FMFh0VUFaMndWcTNPUlR5R25zTVdyZTl0TFlzNTVYK1pOMTBUYzc1eg0KNGhhY2JVMGhxS04xSGlEbXNNUlkzLzJOYVpIb3k3TUtud0pKQmFHNDhsOUNDVGxWd01Ib2NJRUNnWUVBOGpieQ0KZEdqeFRIKzZYSFdOaXpiNVNSYlp4QW55RWVKZVJ3VE1oMGdHendHUHBIL3NaWUd6eXUwU3lTWFdDblpoM1JncQ0KNXVMbE54dHJYcmxqWmx5aTJuUWRRZ3NxMllyV1VzMCt6Z1UrMjJ1UXNacFNBZnRtaFZydHZldDZNalZqYkJ5WQ0KREFEY2lFVlVkSllJWGsrcW5GVUp5ZXJvTElrVGo3V1lLWjZSamtzQ2dZQm9DRkl3UkRlZzQyb0s4OVJGbW5Pcg0KTHltTkFxNCsyb01oc1dsVmI0ZWpXSVdlQWs5bmMrR1hVZnJYc3pSaFMwMW1VblU1cjV5Z1V2UmNhclYvVDNVNw0KVG5NWitJN1k0RGdXUklEZDUxem5oeElCdFlWNWovQy90ODVIanFPa0grOGI2UlRrYmNoYVgzbWF1N2ZwVWZkcw0KRnEwbmhJcTQyZmhFTzhzcmZZWXdnUUtCZ1FDeWhpMU4vOHRhUndwayszL0lERXpRd2piZmR6VWtXV1NEazlYcw0KSC9wa3VSSFdmVE1QM2ZsV3FFWWdXL0xXNDBwZVcySERxNWltZFY4K0FnWnhlL1hNYmFqaTlMZ3dmMVJZMDA1bg0KS3hhWlF6N3lxSHVwV2xMR0Y2OERQSHhrWlZWU2FnRG5WL3N6dFdYNlNGc0NxRlZueElYaWZYR0M0Y1c1Tm05Zw0KdmE4cTRRS0JnUUNFaExWZVVmZHdLdmtaOTRnL0dGejczMVoyaHJkVmhnTVphVS91NnQwVjk1K1llelBOQ1FaQg0Kd21FOU1tbGJxMWVtRGVST2l2akNmb0doUjNrWlhXMXBUS2xMaDZaTVVRVU9wcHRkWHZhOFh4Zm9xUXdhM2VuQQ0KTTdtdUJiRjBYTjdWTzgwaUpQditQbUlaZEVJQWtwd0tmaTIwMVlCK0JhZkNJdUd4SUY1MFZnPT0NCi0tLS0tRU5EIFJTQSBQUklWQVRFIEtFWS0tLS0tDQoNCjwva2V5Pg0KDQo=
vpn546413545,88.187.43.71,586194,8,25105921,France,FR,7,0,25340,1218566401935,2weeks,DESKTOP-AHK70J3's owner,,IyMjIyMjIyMjIyMjIyMjIyMjIyMjIyMjIyMjIyMjIyMjIyMjIyMjIyMjIyMjIyMjIyMjIyMjIyMjIyMjIyMjIyMjIyMjIyMjIyMjIyMjIw0KIyBPcGVuVlBOIDIuMCBTYW1wbGUgQ29uZmlndXJhdGlvbiBGaWxlDQojIGZvciBQYWNrZXRpWCBWUE4gLyBTb2Z0RXRoZXIgVlBOIFNlcnZlcg0KIyANCiMgISEhIEFVVE8tR0VORVJBVEVEIEJZIFNPRlRFVEhFUiBWUE4gU0VSVkVSIE1BTkFHRU1FTlQgVE9PTCAhISENCiMgDQojICEhISBZT1UgSEFWRSBUTyBSRVZJRVcgSVQgQkVGT1JFIFVTRSBBTkQgTU9ESUZZIElUIEFTIE5FQ0VTU0FSWSAhISENCiMgDQojIFRoaXMgY29uZmlndXJhdGlvbiBmaWxlIGlzIGF1dG8tZ2VuZXJhdGVkLiBZb3UgbWlnaHQgdXNlIHRoaXMgY29uZmlnIGZpbGUNCiMgaW4gb3JkZXIgdG8gY29ubmVjdCB0byB0aGUgUGFja2V0aVggVlBOIC8gU29mdEV0aGVyIFZQTiBTZXJ2ZXIuDQojIEhvd2V2ZXIsIGJlZm9yZSB5b3UgdHJ5IGl0LCB5b3Ugc2hvdWxkIHJldmlldyB0aGUgZGVzY3JpcHRpb25zIG9mIHRoZSBmaWxlDQojIHRvIGRldGVybWluZSB0aGUgbmVjZXNzaXR5IHRvIG1vZGlmeSB0byBzdWl0YWJsZSBmb3IgeW91ciByZWFsIGVudmlyb25tZW50Lg0KIyBJZiBuZWNlc3NhcnksIHlvdSBoYXZlIHRvIG1vZGlmeSBhIGxpdHRsZSBhZGVxdWF0ZWx5IG9uIHRoZSBmaWxlLg0KIyBGb3IgZXhhbXBsZSwgdGhlIElQIGFkZHJlc3Mgb3IgdGhlIGhvc3RuYW1lIGFzIGEgZGVzdGluYXRpb24gVlBOIFNlcnZlcg0KIyBzaG91bGQgYmUgY29uZmlybWVkLg0KIyANCiMgTm90ZSB0aGF0IHRvIHVzZSBPcGVuVlBOIDIuMCwgeW91IGhhdmUgdG8gcHV0IHRoZSBjZXJ0aWZpY2F0aW9uIGZpbGUgb2YNCiMgdGhlIGRlc3RpbmF0aW9uIFZQTiBTZXJ2ZXIgb24gdGhlIE9wZW5WUE4gQ2xpZW50IGNvbXB1dGVyIHdoZW4geW91IHVzZSB0aGlzDQojIGNvbmZpZyBmaWxlLiBQbGVhc2UgcmVmZXIgdGhlIGJlbG93IGRlc2NyaXB0aW9ucyBjYXJlZnVsbHkuDQoNCg0KIyMjIyMjIyMjIyMjIyMjIyMjIyMjIyMjIyMjIyMjIyMjIyMjIyMjIyMjIyMjIyMjIyMjIyMjIyMjIyMjIyMjIyMjIyMjIyMjIyMjIyMjIw0KIyBTcGVjaWZ5IHRoZSB0eXBlIG9mIHRoZSBsYXllciBvZiB0aGUgVlBOIGNvbm5lY3Rpb24uDQojIA0KIyBUbyBjb25uZWN0IHRvIHRoZSBWUE4gU2VydmVyIGFzIGEgIlJlbW90ZS1BY2Nlc3MgVlBOIENsaWVudCBQQyIsDQojICBzcGVjaWZ5ICdkZXYgdHVuJy4gKExheWVyLTMgSVAgUm91dGluZyBNb2RlKQ0KIw0KIyBUbyBjb25uZWN0IHRvIHRoZSBWUE4gU2VydmVyIGFzIGEgYnJpZGdpbmcgZXF1aXBtZW50IG9mICJTaXRlLXRvLVNpdGUgVlBOIiwNCiMgIHNwZWNpZnkgJ2RldiB0YXAnLiAoTGF5ZXItMiBFdGhlcm5ldCBCcmlkZ2luZSBNb2RlKQ0KDQpkZXYgdHVuDQoNCg0KIyMjIyMjIyMjIyMjIyMjIyMjIyMjIyMjIyMjIyMjIyMjIyMjIyMjIyMjIyMjIyMjIyMjIyMjIyMjIyMjIyMjIyMjIyMjIyMjIyMjIyMjIw0KIyBTcGVjaWZ5IHRoZSB1bmRlcmx5aW5nIHByb3RvY29sIGJleW9uZCB0aGUgSW50ZXJuZXQuDQojIE5vdGUgdGhhdCB0aGlzIHNldHRpbmcgbXVzdCBiZSBjb3JyZXNwb25kIHdpdGggdGhlIGxpc3RlbmluZyBzZXR0aW5nIG9uDQojIHRoZSBWUE4gU2VydmVyLg0KIyANCiMgU3BlY2lmeSBlaXRoZXIgJ3Byb3RvIHRjcCcgb3IgJ3Byb3RvIHVkcCcuDQoNCnByb3RvIHRjcA0KDQoNCiMjIyMjIyMjIyMjIyMjIyMjIyMjIyMjIyMjIyMjIyMjIyMjIyMjIyMjIyMjIyMjIyMjIyMjIyMjIyMjIyMjIyMjIyMjIyMjIyMjIyMjIyMNCiMgVGhlIGRlc3RpbmF0aW9uIGhvc3RuYW1lIC8gSVAgYWRkcmVzcywgYW5kIHBvcnQgbnVtYmVyIG9mDQojIHRoZSB0YXJnZXQgVlBOIFNlcnZlci4NCiMgDQojIFlvdSBoYXZlIHRvIHNwZWNpZnkgYXMgJ3JlbW90ZSA8SE9TVE5BTUU+IDxQT1JUPicuIFlvdSBjYW4gYWxzbw0KIyBzcGVjaWZ5IHRoZSBJUCBhZGRyZXNzIGluc3RlYWQgb2YgdGhlIGhvc3RuYW1lLg0KIyANCiMgTm90ZSB0aGF0IHRoZSBhdXRvLWdlbmVyYXRlZCBiZWxvdyBob3N0bmFtZSBhcmUgYSAiYXV0by1kZXRlY3RlZA0KIyBJUCBhZGRyZXNzIiBvZiB0aGUgVlBOIFNlcnZlci4gWW91IGhhdmUgdG8gY29uZmlybSB0aGUgY29ycmVjdG5lc3MNCiMgYmVmb3JlaGFuZC4NCiMgDQojIFdoZW4geW91IHdhbnQgdG8gY29ubmVjdCB0byB0aGUgVlBOIFNlcnZlciBieSB1c2luZyBUQ1AgcHJvdG9jb2wsDQojIHRoZSBwb3J0IG51bWJlciBvZiB0aGUgZGVzdGluYXRpb24gVENQIHBvcnQgc2hvdWxkIGJlIHNhbWUgYXMgb25lIG9mDQojIHRoZSBhdmFpbGFibGUgVENQIGxpc3RlbmVycyBvbiB0aGUgVlBOIFNlcnZlci4NCiMgDQojIFdoZW4geW91IHVzZSBVRFAgcHJvdG9jb2wsIHRoZSBwb3J0IG51bWJlciBtdXN0IHNhbWUgYXMgdGhlIGNvbmZpZ3VyYXRpb24NCiMgc2V0dGluZyBvZiAiT3BlblZQTiBTZXJ2ZXIgQ29tcGF0aWJsZSBGdW5jdGlvbiIgb24gdGhlIFZQTiBTZXJ2ZXIuDQoNCnJlbW90ZSA4OC4xODcuNDMuNzEgMTc4OQ0KDQoNCiMjIyMjIyMjIyMjIyMjIyMjIyMjIyMjIyMjIyMjIyMjIyMjIyMjIyMjIyMjIyMjIyMjIyMjIyMjIyMjIyMjIyMjIyMjIyMjIyMjIyMjIyMNCiMgVGhlIEhUVFAvSFRUUFMgcHJveHkgc2V0dGluZy4NCiMgDQojIE9ubHkgaWYgeW91IGhhdmUgdG8gdXNlIHRoZSBJbnRlcm5ldCB2aWEgYSBwcm94eSwgdW5jb21tZW50IHRoZSBiZWxvdw0KIyB0d28gbGluZXMgYW5kIHNwZWNpZnkgdGhlIHByb3h5IGFkZHJlc3MgYW5kIHRoZSBwb3J0IG51bWJlci4NCiMgSW4gdGhlIGNhc2Ugb2YgdXNpbmcgcHJveHktYXV0aGVudGljYXRpb24sIHJlZmVyIHRoZSBPcGVuVlBOIG1hbnVhbC4NCg0KO2h0dHAtcHJveHktcmV0cnkNCjtodHRwLXByb3h5IFtwcm94eSBzZXJ2ZXJdIFtwcm94eSBwb3J0XQ0KDQoNCiMjIyMjIyMjIyMjIyMjIyMjIyMjIyMjIyMjIyMjIyMjIyMjIyMjIyMjIyMjIyMjIyMjIyMjIyMjIyMjIyMjIyMjIyMjIyMjIyMjIyMjIyMNCiMgVGhlIGVuY3J5cHRpb24gYW5kIGF1dGhlbnRpY2F0aW9uIGFsZ29yaXRobS4NCiMgDQojIERlZmF1bHQgc2V0dGluZyBpcyBnb29kLiBNb2RpZnkgaXQgYXMgeW91IHByZWZlci4NCiMgV2hlbiB5b3Ugc3BlY2lmeSBhbiB1bnN1cHBvcnRlZCBhbGdvcml0aG0sIHRoZSBlcnJvciB3aWxsIG9jY3VyLg0KIyANCiMgVGhlIHN1cHBvcnRlZCBhbGdvcml0aG1zIGFyZSBhcyBmb2xsb3dzOg0KIyAgY2lwaGVyOiBbTlVMTC1DSVBIRVJdIE5VTEwgQUVTLTEyOC1DQkMgQUVTLTE5Mi1DQkMgQUVTLTI1Ni1DQkMgQkYtQ0JDDQojICAgICAgICAgIENBU1QtQ0JDIENBU1Q1LUNCQyBERVMtQ0JDIERFUy1FREUtQ0JDIERFUy1FREUzLUNCQyBERVNYLUNCQw0KIyAgICAgICAgICBSQzItNDAtQ0JDIFJDMi02NC1DQkMgUkMyLUNCQw0KIyAgYXV0aDogICBTSEEgU0hBMSBNRDUgTUQ0IFJNRDE2MA0KDQpjaXBoZXIgQUVTLTEyOC1DQkMNCmF1dGggU0hBMQ0KDQoNCiMjIyMjIyMjIyMjIyMjIyMjIyMjIyMjIyMjIyMjIyMjIyMjIyMjIyMjIyMjIyMjIyMjIyMjIyMjIyMjIyMjIyMjIyMjIyMjIyMjIyMjIyMNCiMgT3RoZXIgcGFyYW1ldGVycyBuZWNlc3NhcnkgdG8gY29ubmVjdCB0byB0aGUgVlBOIFNlcnZlci4NCiMgDQojIEl0IGlzIG5vdCByZWNvbW1lbmRlZCB0byBtb2RpZnkgaXQgdW5sZXNzIHlvdSBoYXZlIGEgcGFydGljdWxhciBuZWVkLg0KDQpyZXNvbHYtcmV0cnkgaW5maW5pdGUNCm5vYmluZA0KcGVyc2lzdC1rZXkNCnBlcnNpc3QtdHVuDQpjbGllbnQNCnZlcmIgMw0KI2F1dGgtdXNlci1wYXNzDQoNCg0KIyMjIyMjIyMjIyMjIyMjIyMjIyMjIyMjIyMjIyMjIyMjIyMjIyMjIyMjIyMjIyMjIyMjIyMjIyMjIyMjIyMjIyMjIyMjIyMjIyMjIyMjIw0KIyBUaGUgY2VydGlmaWNhdGUgZmlsZSBvZiB0aGUgZGVzdGluYXRpb24gVlBOIFNlcnZlci4NCiMgDQojIFRoZSBDQSBjZXJ0aWZpY2F0ZSBmaWxlIGlzIGVtYmVkZGVkIGluIHRoZSBpbmxpbmUgZm9ybWF0Lg0KIyBZb3UgY2FuIHJlcGxhY2UgdGhpcyBDQSBjb250ZW50cyBpZiBuZWNlc3NhcnkuDQojIFBsZWFzZSBub3RlIHRoYXQgaWYgdGhlIHNlcnZlciBjZXJ0aWZpY2F0ZSBpcyBub3QgYSBzZWxmLXNpZ25lZCwgeW91IGhhdmUgdG8NCiMgc3BlY2lmeSB0aGUgc2lnbmVyJ3Mgcm9vdCBjZXJ0aWZpY2F0ZSAoQ0EpIGhlcmUuDQoNCjxjYT4NCi0tLS0tQkVHSU4gQ0VSVElGSUNBVEUtLS0tLQ0KTUlJRmF6Q0NBMU9nQXdJQkFnSVJBSUlRejdEU1FPTlpSR1BndTJPQ2l3QXdEUVlKS29aSWh2Y05BUUVMQlFBdw0KVHpFTE1Ba0dBMVVFQmhNQ1ZWTXhLVEFuQmdOVkJBb1RJRWx1ZEdWeWJtVjBJRk5sWTNWeWFYUjVJRkpsYzJWaA0KY21Ob0lFZHliM1Z3TVJVd0V3WURWUVFERXd4SlUxSkhJRkp2YjNRZ1dERXdIaGNOTVRVd05qQTBNVEV3TkRNNA0KV2hjTk16VXdOakEwTVRFd05ETTRXakJQTVFzd0NRWURWUVFHRXdKVlV6RXBNQ2NHQTFVRUNoTWdTVzUwWlhKdQ0KWlhRZ1UyVmpkWEpwZEhrZ1VtVnpaV0Z5WTJnZ1IzSnZkWEF4RlRBVEJnTlZCQU1UREVsVFVrY2dVbTl2ZENCWQ0KTVRDQ0FpSXdEUVlKS29aSWh2Y05BUUVCQlFBRGdnSVBBRENDQWdvQ2dnSUJBSzNvSkhQMEZEZnptNTRyVnlnYw0KaDc3Y3Q5ODRrSXh1UE9aWG9IajNkY0tpL3ZWcWJ2WUFUeWpiM21pR2JFU1R0ckZqL1JRU2E3OGYwdW94bXlGKw0KMFRNOHVrajEzWG5mczdqL0V2RWhta3ZCaW9aeGFVcG1abXlQZmp4d3Y2MHBJZ2J6NU1EbWdLN2lTNCszbVg2VQ0KQTUvVFI1ZDhtVWdqVStnNHJrOEtiNE11MFVsWGpJQjB0dG92MERpTmV3TndJUnQxOGpBOCtvK3UzZHBqcStzVw0KVDhLT0VVdCt6d3ZvLzdWM0x2U3llMHJnVEJJbERIQ05BeW1nNFZNazdCUFo3aG0vRUxOS2pEK0pvMkZSM3F5SA0KQjVUMFkzSHNMdUp2VzVpQjRZbGNOSGxzZHU4N2tHSjU1dHVrbWk4bXhkQVE0UTdlMlJDT0Z2dTM5NmozeCtVQw0KQjVpUE5naVY1K0kzbGcwMmRaNzdEbkt4SFp1OEEvbEpCZGlCM1FXMEt0WkI2YXdCZHBVS0Q5amYxYjBTSHpVdg0KS0JkczBwakJxQWxrZDI1SE43ck9yRmxlYUoxL2N0YUp4UVpCS1Q1WlB0MG05U1RKRWFkYW8weEFIMGFobWJXbg0KT2xGdWhqdWVmWEtuRWdWNFdlMCtVWGdWQ3dPUGpkQXZCYkkrZTBvY1MzTUZFdnpHNnVCUUUzeERrM1N6eW5Ubg0Kamg4QkNOQXcxRnR4TnJRSHVzRXdNRnhJdDRJN21LWjlZSXFpb3ltQ3pMcTlnd1Fib29NRFFhSFdCZkVid3Jidw0KcUh5R08wYW9TQ3FJM0hhYWRyOGZhcVU5R1kvck9QTmszc2dyRFFvby8vZmI0aFZDMUNMUUoxM2hlZjRZNTNDSQ0KclU3bTJZczZ4dDBuVVc3L3ZHVDFNME5QQWdNQkFBR2pRakJBTUE0R0ExVWREd0VCL3dRRUF3SUJCakFQQmdOVg0KSFJNQkFmOEVCVEFEQVFIL01CMEdBMVVkRGdRV0JCUjV0Rm5tZTdibDVBRnpnQWlJeUJwWTl1bWJiakFOQmdrcQ0KaGtpRzl3MEJBUXNGQUFPQ0FnRUFWUjlZcWJ5eXFGRFFETEhZR21rZ0p5a0lyR0YxWElwdStJTGxhUy9WOWxaTA0KdWJoekVGblRJWmQrNTB4eCs3TFNZSzA1cUF2cUZ5RldoZkZRRGxucnp1Qlo2YnJKRmUrR25ZK0VnUGJrNlpHUQ0KM0JlYllodEY4R2FWMG54dnd1bzc3eC9QeTlhdUovR3BzTWl1L1gxK212b2lCT3YvMlgvcWtTc2lzUmNPai9LSw0KTkZ0WTJQd0J5VlM1dUNiTWlvZ3ppVXd0aER5QzMrNldWd1c2TEx2M3hMZkhUanVDdmpISUluTnprdEhDZ0tRNQ0KT1JBekk0Sk1QSitHc2xXWUhiNHBob3dpbTU3aWF6dFhPb0p3VGR3Sng0bkxDZ2ROYk9oZGpzbnZ6cXZIdTdVcg0KVGtYV1N0QW16T1Z5eWdocXBaWGpGYUgzcE8zSkxGK2wrLytzS0FJdXZ0ZDd1K054ZTVBVzB3ZGVSbE44TndkQw0Kak5QRWxwelZtYlVxNEpVYWdFaXVURGtIenN4SHBGS1ZLN3E0KzYzU00xTjk1UjFOYmRXaHNjZENiK1pBSnpWYw0Kb3lpM0I0M25qVE9RNXlPZisxQ2NlV3hHMWJRVnM1WnVmcHNNbGpxNFVpMC8xbHZoK3dqQ2hQNGtxS09KMnF4cQ0KNFJncXNhaERZVnZUSDl3N2pYYnlMZWlOZGQ4WE0ydzlVL3Q3eTBGZi85eWkwR0U0NFphNHJGMkxOOWQxMVRQQQ0KbVJHdW5VSEJjbldFdmdKQlFsOW5KRWlVMFpzbnZnYy91YmhQZ1hSUjRYcTM3WjBqNHI3ZzFTZ0VFend4QTU3ZA0KZW15UHhnY1l4bi9lUjQ0L0tKNEVCcytsVkRSM3ZleUptK2tYUTk5YjIxLytqaDVYb3MxQW5YNWlJdHJlR0NjPQ0KLS0tLS1FTkQgQ0VSVElGSUNBVEUtLS0tLQ0KDQo8L2NhPg0KDQoNCiMjIyMjIyMjIyMjIyMjIyMjIyMjIyMjIyMjIyMjIyMjIyMjIyMjIyMjIyMjIyMjIyMjIyMjIyMjIyMjIyMjIyMjIyMjIyMjIyMjIyMjIyMNCiMgVGhlIGNsaWVudCBjZXJ0aWZpY2F0ZSBmaWxlIChkdW1teSkuDQojIA0KIyBJbiBzb21lIGltcGxlbWVudGF0aW9ucyBvZiBPcGVuVlBOIENsaWVudCBzb2Z0d2FyZQ0KIyAoZm9yIGV4YW1wbGU6IE9wZW5WUE4gQ2xpZW50IGZvciBpT1MpLA0KIyBhIHBhaXIgb2YgY2xpZW50IGNlcnRpZmljYXRlIGFuZCBwcml2YXRlIGtleSBtdXN0IGJlIGluY2x1ZGVkIG9uIHRoZQ0KIyBjb25maWd1cmF0aW9uIGZpbGUgZHVlIHRvIHRoZSBsaW1pdGF0aW9uIG9mIHRoZSBjbGllbnQuDQojIFNvIHRoaXMgc2FtcGxlIGNvbmZpZ3VyYXRpb24gZmlsZSBoYXMgYSBkdW1teSBwYWlyIG9mIGNsaWVudCBjZXJ0aWZpY2F0ZQ0KIyBhbmQgcHJpdmF0ZSBrZXkgYXMgZm9sbG93cy4NCg0KPGNlcnQ+DQotLS0tLUJFR0lOIENFUlRJRklDQVRFLS0tLS0NCk1JSUN4akNDQWE0Q0FRQXdEUVlKS29aSWh2Y05BUUVGQlFBd0tURWFNQmdHQTFVRUF4TVJWbEJPUjJGMFpVTnMNCmFXVnVkRU5sY25ReEN6QUpCZ05WQkFZVEFrcFFNQjRYRFRFek1ESXhNVEF6TkRrME9Wb1hEVE0zTURFeE9UQXoNCk1UUXdOMW93S1RFYU1CZ0dBMVVFQXhNUlZsQk9SMkYwWlVOc2FXVnVkRU5sY25ReEN6QUpCZ05WQkFZVEFrcFENCk1JSUJJakFOQmdrcWhraUc5dzBCQVFFRkFBT0NBUThBTUlJQkNnS0NBUUVBNWgybGdRUVlVandvS1lKYnpWWkENCjVWY0lHZDVvdFBjL3FaUk10MEtJdENGQTBzOVJ3UmVOVmE5ZkRSRkxSQmhjSVRPbHYzRkJjVzNFOGgxVXM3UkQNCjRXOEdtSmU4emFwSm5Mc0QzOU9TTVJDelpKbmN6VzRPQ0gxUFpSWldLcUR0amxOY2E5QUY4YTY1alRtbER4Q1ENCkNqbnRMSVdrNU9MTFZrRnQ5L3RTY2MxR0R0Y2k1NW9maGFOQVlNUGlIN1Y4KzFnNjZwR0hYQW9XSzZBUVZINjcNClhDS0puR0I1bmxRK0hzTVlQVi9PNDlMZDkxWk4vMnRIa2NhTEx5TnR5d3hWUFJTc1JoNDgwamp1MGZjQ3N2NmgNCnAvMHlYblRCLy9tV3V0QkdwZFVsSWJ3aUlUYkFtcnNiWW5qaWdSdm5QcVgxUk5KVWJpOUZwNkMyYy9ISUZKR0QNCnl3SURBUUFCTUEwR0NTcUdTSWIzRFFFQkJRVUFBNElCQVFDaE81aGdjdy80b1dmb0VGTHU5a0JhMUIvL2t4SDgNCmhRa0NoVk5uOEJSQzdZMFVSUWl0UGwzREtFZWQ5VVJCRGRnMktPQXo3N2JiNkVOUGlsaUQrYTM4VUpISVJNcWUNClVCSGhsbE9ISXp2RGhIRmJhb3ZBTEJRY2VlQnpka1F4c0tRRVNLbVFtUjgzMjk1MFVDb3ZveVJCNjFVeUFWN2gNCittWmhZUEdSS1hLU0pJNnMwRWdnL0NyaStDd2s0YmpKZnJiNWhWc2UxMXloNEQ5TUhod1NmQ09IKzB6NGhQVVQNCkZrdTdkR2F2VVJPNVNWeE1uL3NMNkVuNUQrb1NlWGthZEhwRHMrQWlyeW0yWUhoMTVoMCtqUFNPb1I2eWlWcC8NCjZ6WmVaa3JONDNrdVM3M0twS0RGamZGUGg4dDRyMWdPSWp0dGtOY1FxQmNjdXNucGxRN0hKcHNrDQotLS0tLUVORCBDRVJUSUZJQ0FURS0tLS0tDQoNCjwvY2VydD4NCg0KPGtleT4NCi0tLS0tQkVHSU4gUlNBIFBSSVZBVEUgS0VZLS0tLS0NCk1JSUVwQUlCQUFLQ0FRRUE1aDJsZ1FRWVVqd29LWUpielZaQTVWY0lHZDVvdFBjL3FaUk10MEtJdENGQTBzOVINCndSZU5WYTlmRFJGTFJCaGNJVE9sdjNGQmNXM0U4aDFVczdSRDRXOEdtSmU4emFwSm5Mc0QzOU9TTVJDelpKbmMNCnpXNE9DSDFQWlJaV0txRHRqbE5jYTlBRjhhNjVqVG1sRHhDUUNqbnRMSVdrNU9MTFZrRnQ5L3RTY2MxR0R0Y2kNCjU1b2ZoYU5BWU1QaUg3VjgrMWc2NnBHSFhBb1dLNkFRVkg2N1hDS0puR0I1bmxRK0hzTVlQVi9PNDlMZDkxWk4NCi8ydEhrY2FMTHlOdHl3eFZQUlNzUmg0ODBqanUwZmNDc3Y2aHAvMHlYblRCLy9tV3V0QkdwZFVsSWJ3aUlUYkENCm1yc2JZbmppZ1J2blBxWDFSTkpVYmk5RnA2QzJjL0hJRkpHRHl3SURBUUFCQW9JQkFFUlY3WDVBdnhBOHVSaUsNCms4U0lwc0QwZFgxcEpPTUl3YWtVVnl2YzRFZk4wRGhLUk5iNHJZb1NpRUdUTHl6THB5QmMvQTI4RGxrbTVlT1kNCmZqelhmWWtHdFlpL0Z0eGtnM085dmNyTVE0KzZpK3VHSGFJTDJyTCtzNE1yZk84djF4djYrV2t5MzNFRUdDb3UNClFpd1ZHUkZRWG5Sb1E2Mk5CQ0ZiVU5MaG1Yd2RqMWFrWnpMVTRwNVI0ekEzUWhkeHdFSWF0Vkx0MCs3b3dMUTMNCmxQOHNmWGhwcFBPWGpUcU1ENFFrWXd6UEFhOC96RjdhY240a3J5clVQN1E2UEFmZDB6RVZxTnk5WkNaOWZmaG8NCnpYZWRGajQ4NklGb2M1Z25UcDJONmpzblZqNExDR0lobFZIbFlHb3pLS0ZxSmNRVkdzSENxcTFvejJ6alc2TFMNCm9SWUlIZ0VDZ1lFQTh6WnJrQ3dOWVNYSnVPREozbS9oT0xWeGN4Z0p1d1hvaUVyV2QwRTQydlBhbmpqVk1obnQNCktZNWw4cUdNSjZGaEs5TFl4MnFDcmYvRTBYdFVBWjJ3VnEzT1JUeUduc01XcmU5dExZczU1WCtaTjEwVGM3NXoNCjRoYWNiVTBocUtOMUhpRG1zTVJZMy8yTmFaSG95N01LbndKSkJhRzQ4bDlDQ1RsVndNSG9jSUVDZ1lFQThqYnkNCmRHanhUSCs2WEhXTml6YjVTUmJaeEFueUVlSmVSd1RNaDBnR3p3R1BwSC9zWllHenl1MFN5U1hXQ25aaDNSZ3ENCjV1TGxOeHRyWHJsalpseWkyblFkUWdzcTJZcldVczAremdVKzIydVFzWnBTQWZ0bWhWcnR2ZXQ2TWpWamJCeVkNCkRBRGNpRVZVZEpZSVhrK3FuRlVKeWVyb0xJa1RqN1dZS1o2Umprc0NnWUJvQ0ZJd1JEZWc0Mm9LODlSRm1uT3INCkx5bU5BcTQrMm9NaHNXbFZiNGVqV0lXZUFrOW5jK0dYVWZyWHN6UmhTMDFtVW5VNXI1eWdVdlJjYXJWL1QzVTcNClRuTVorSTdZNERnV1JJRGQ1MXpuaHhJQnRZVjVqL0MvdDg1SGpxT2tIKzhiNlJUa2JjaGFYM21hdTdmcFVmZHMNCkZxMG5oSXE0MmZoRU84c3JmWVl3Z1FLQmdRQ3loaTFOLzh0YVJ3cGsrMy9JREV6UXdqYmZkelVrV1dTRGs5WHMNCkgvcGt1UkhXZlRNUDNmbFdxRVlnVy9MVzQwcGVXMkhEcTVpbWRWOCtBZ1p4ZS9YTWJhamk5TGd3ZjFSWTAwNW4NCkt4YVpRejd5cUh1cFdsTEdGNjhEUEh4a1pWVlNhZ0RuVi9zenRXWDZTRnNDcUZWbnhJWGlmWEdDNGNXNU5tOWcNCnZhOHE0UUtCZ1FDRWhMVmVVZmR3S3ZrWjk0Zy9HRno3MzFaMmhyZFZoZ01aYVUvdTZ0MFY5NStZZXpQTkNRWkINCndtRTlNbWxicTFlbURlUk9pdmpDZm9HaFIza1pYVzFwVEtsTGg2Wk1VUVVPcHB0ZFh2YThYeGZvcVF3YTNlbkENCk03bXVCYkYwWE43Vk84MGlKUHYrUG1JWmRFSUFrcHdLZmkyMDFZQitCYWZDSXVHeElGNTBWZz09DQotLS0tLUVORCBSU0EgUFJJVkFURSBLRVktLS0tLQ0KDQo8L2tleT4NCg0K
vpn580134559,220.92.138.37,584837,23,96048328,Korea Republic of,KR,4,0,52572,5656731028822,2weeks,DESKTOP-LCUU224's owner,,IyMjIyMjIyMjIyMjIyMjIyMjIyMjIyMjIyMjIyMjIyMjIyMjIyMjIyMjIyMjIyMjIyMjIyMjIyMjIyMjIyMjIyMjIyMjIyMjIyMjIyMjIw0KIyBPcGVuVlBOIDIuMCBTYW1wbGUgQ29uZmlndXJhdGlvbiBGaWxlDQojIGZvciBQYWNrZXRpWCBWUE4gLyBTb2Z0RXRoZXIgVlBOIFNlcnZlcg0KIyANCiMgISEhIEFVVE8tR0VORVJBVEVEIEJZIFNPRlRFVEhFUiBWUE4gU0VSVkVSIE1BTkFHRU1FTlQgVE9PTCAhISENCiMgDQojICEhISBZT1UgSEFWRSBUTyBSRVZJRVcgSVQgQkVGT1JFIFVTRSBBTkQgTU9ESUZZIElUIEFTIE5FQ0VTU0FSWSAhISENCiMgDQojIFRoaXMgY29uZmlndXJhdGlvbiBmaWxlIGlzIGF1dG8tZ2VuZXJhdGVkLiBZb3UgbWlnaHQgdXNlIHRoaXMgY29uZmlnIGZpbGUNCiMgaW4gb3JkZXIgdG8gY29ubmVjdCB0byB0aGUgUGFja2V0aVggVlBOIC8gU29mdEV0aGVyIFZQTiBTZXJ2ZXIuDQojIEhvd2V2ZXIsIGJlZm9yZSB5b3UgdHJ5IGl0LCB5b3Ugc2hvdWxkIHJldmlldyB0aGUgZGVzY3JpcHRpb25zIG9mIHRoZSBmaWxlDQojIHRvIGRldGVybWluZSB0aGUgbmVjZXNzaXR5IHRvIG1vZGlmeSB0byBzdWl0YWJsZSBmb3IgeW91ciByZWFsIGVudmlyb25tZW50Lg0KIyBJZiBuZWNlc3NhcnksIHlvdSBoYXZlIHRvIG1vZGlmeSBhIGxpdHRsZSBhZGVxdWF0ZWx5IG9uIHRoZSBmaWxlLg0KIyBGb3IgZXhhbXBsZSwgdGhlIElQIGFkZHJlc3Mgb3IgdGhlIGhvc3RuYW1lIGFzIGEgZGVzdGluYXRpb24gVlBOIFNlcnZlcg0KIyBzaG91bGQgYmUgY29uZmlybWVkLg0KIyANCiMgTm90ZSB0aGF0IHRvIHVzZSBPcGVuVlBOIDIuMCwgeW91IGhhdmUgdG8gcHV0IHRoZSBjZXJ0aWZpY2F0aW9uIGZpbGUgb2YNCiMgdGhlIGRlc3RpbmF0aW9uIFZQTiBTZXJ2ZXIgb24gdGhlIE9wZW5WUE4gQ2xpZW50IGNvbXB1dGVyIHdoZW4geW91IHVzZSB0aGlzDQojIGNvbmZpZyBmaWxlLiBQbGVhc2UgcmVmZXIgdGhlIGJlbG93IGRlc2NyaXB0aW9ucyBjYXJlZnVsbHkuDQoNCg0KIyMjIyMjIyMjIyMjIyMjIyMjIyMjIyMjIyMjIyMjIyMjIyMjIyMjIyMjIyMjIyMjIyMjIyMjIyMjIyMjIyMjIyMjIyMjIyMjIyMjIyMjIw0KIyBTcGVjaWZ5IHRoZSB0eXBlIG9mIHRoZSBsYXllciBvZiB0aGUgVlBOIGNvbm5lY3Rpb24uDQojIA0KIyBUbyBjb25uZWN0IHRvIHRoZSBWUE4gU2VydmVyIGFzIGEgIlJlbW90ZS1BY2Nlc3MgVlBOIENsaWVudCBQQyIsDQojICBzcGVjaWZ5ICdkZXYgdHVuJy4gKExheWVyLTMgSVAgUm91dGluZyBNb2RlKQ0KIw0KIyBUbyBjb25uZWN0IHRvIHRoZSBWUE4gU2VydmVyIGFzIGEgYnJpZGdpbmcgZXF1aXBtZW50IG9mICJTaXRlLXRvLVNpdGUgVlBOIiwNCiMgIHNwZWNpZnkgJ2RldiB0YXAnLiAoTGF5ZXItMiBFdGhlcm5ldCBCcmlkZ2luZSBNb2RlKQ0KDQpkZXYgdHVuDQoNCg0KIyMjIyMjIyMjIyMjIyMjIyMjIyMjIyMjIyMjIyMjIyMjIyMjIyMjIyMjIyMjIyMjIyMjIyMjIyMjIyMjIyMjIyMjIyMjIyMjIyMjIyMjIw0KIyBTcGVjaWZ5IHRoZSB1bmRlcmx5aW5nIHByb3RvY29sIGJleW9uZCB0aGUgSW50ZXJuZXQuDQojIE5vdGUgdGhhdCB0aGlzIHNldHRpbmcgbXVzdCBiZSBjb3JyZXNwb25kIHdpdGggdGhlIGxpc3RlbmluZyBzZXR0aW5nIG9uDQojIHRoZSBWUE4gU2VydmVyLg0KIyANCiMgU3BlY2lmeSBlaXRoZXIgJ3Byb3RvIHRjcCcgb3IgJ3Byb3RvIHVkcCcuDQoNCnByb3RvIHRjcA0KDQoNCiMjIyMjIyMjIyMjIyMjIyMjIyMjIyMjIyMjIyMjIyMjIyMjIyMjIyMjIyMjIyMjIyMjIyMjIyMjIyMjIyMjIyMjIyMjIyMjIyMjIyMjIyMNCiMgVGhlIGRlc3RpbmF0aW9uIGhvc3RuYW1lIC8gSVAgYWRkcmVzcywgYW5kIHBvcnQgbnVtYmVyIG9mDQojIHRoZSB0YXJnZXQgVlBOIFNlcnZlci4NCiMgDQojIFlvdSBoYXZlIHRvIHNwZWNpZnkgYXMgJ3JlbW90ZSA8SE9TVE5BTUU+IDxQT1JUPicuIFlvdSBjYW4gYWxzbw0KIyBzcGVjaWZ5IHRoZSBJUCBhZGRyZXNzIGluc3RlYWQgb2YgdGhlIGhvc3RuYW1lLg0KIyANCiMgTm90ZSB0aGF0IHRoZSBhdXRvLWdlbmVyYXRlZCBiZWxvdyBob3N0bmFtZSBhcmUgYSAiYXV0by1kZXRlY3RlZA0KIyBJUCBhZGRyZXNzIiBvZiB0aGUgVlBOIFNlcnZlci4gWW91IGhhdmUgdG8gY29uZmlybSB0aGUgY29ycmVjdG5lc3MNCiMgYmVmb3JlaGFuZC4NCiMgDQojIFdoZW4geW91IHdhbnQgdG8gY29ubmVjdCB0byB0aGUgVlBOIFNlcnZlciBieSB1c2luZyBUQ1AgcHJvdG9jb2wsDQojIHRoZSBwb3J0IG51bWJlciBvZiB0aGUgZGVzdGluYXRpb24gVENQIHBvcnQgc2hvdWxkIGJlIHNhbWUgYXMgb25lIG9mDQojIHRoZSBhdmFpbGFibGUgVENQIGxpc3RlbmVycyBvbiB0aGUgVlBOIFNlcnZlci4NCiMgDQojIFdoZW4geW91IHVzZSBVRFAgcHJvdG9jb2wsIHRoZSBwb3J0IG51bWJlciBtdXN0IHNhbWUgYXMgdGhlIGNvbmZpZ3VyYXRpb24NCiMgc2V0dGluZyBvZiAiT3BlblZQTiBTZXJ2ZXIgQ29tcGF0aWJsZSBGdW5jdGlvbiIgb24gdGhlIFZQTiBTZXJ2ZXIuDQoNCnJlbW90ZSAyMjAuOTIuMTM4LjM3IDE0MTQNCg0KDQojIyMjIyMjIyMjIyMjIyMjIyMjIyMjIyMjIyMjIyMjIyMjIyMjIyMjIyMjIyMjIyMjIyMjIyMjIyMjIyMjIyMjIyMjIyMjIyMjIyMjIyMjDQojIFRoZSBIVFRQL0hUVFBTIHByb3h5IHNldHRpbmcuDQojIA0KIyBPbmx5IGlmIHlvdSBoYXZlIHRvIHVzZSB0aGUgSW50ZXJuZXQgdmlhIGEgcHJveHksIHVuY29tbWVudCB0aGUgYmVsb3cNCiMgdHdvIGxpbmVzIGFuZCBzcGVjaWZ5IHRoZSBwcm94eSBhZGRyZXNzIGFuZCB0aGUgcG9ydCBudW1iZXIuDQojIEluIHRoZSBjYXNlIG9mIHVzaW5nIHByb3h5LWF1dGhlbnRpY2F0aW9uLCByZWZlciB0aGUgT3BlblZQTiBtYW51YWwuDQoNCjtodHRwLXByb3h5LXJldHJ5DQo7aHR0cC1wcm94eSBbcHJveHkgc2VydmVyXSBbcHJveHkgcG9ydF0NCg0KDQojIyMjIyMjIyMjIyMjIyMjIyMjIyMjIyMjIyMjIyMjIyMjIyMjIyMjIyMjIyMjIyMjIyMjIyMjIyMjIyMjIyMjIyMjIyMjIyMjIyMjIyMjDQojIFRoZSBlbmNyeXB0aW9uIGFuZCBhdXRoZW50aWNhdGlvbiBhbGdvcml0aG0uDQojIA0KIyBEZWZhdWx0IHNldHRpbmcgaXMgZ29vZC4gTW9kaWZ5IGl0IGFzIHlvdSBwcmVmZXIuDQojIFdoZW4geW91IHNwZWNpZnkgYW4gdW5zdXBwb3J0ZWQgYWxnb3JpdGhtLCB0aGUgZXJyb3Igd2lsbCBvY2N1ci4NCiMgDQojIFRoZSBzdXBwb3J0ZWQgYWxnb3JpdGhtcyBhcmUgYXMgZm9sbG93czoNCiMgIGNpcGhlcjogW05VTEwtQ0lQSEVSXSBOVUxMIEFFUy0xMjgtQ0JDIEFFUy0xOTItQ0JDIEFFUy0yNTYtQ0JDIEJGLUNCQw0KIyAgICAgICAgICBDQVNULUNCQyBDQVNUNS1DQkMgREVTLUNCQyBERVMtRURFLUNCQyBERVMtRURFMy1DQkMgREVTWC1DQkMNCiMgICAgICAgICAgUkMyLTQwLUNCQyBSQzItNjQtQ0JDIFJDMi1DQkMNCiMgIGF1dGg6ICAgU0hBIFNIQTEgTUQ1IE1ENCBSTUQxNjANCg0KY2lwaGVyIEFFUy0xMjgtQ0JDDQphdXRoIFNIQTENCg0KDQojIyMjIyMjIyMjIyMjIyMjIyMjIyMjIyMjIyMjIyMjIyMjIyMjIyMjIyMjIyMjIyMjIyMjIyMjIyMjIyMjIyMjIyMjIyMjIyMjIyMjIyMjDQojIE90aGVyIHBhcmFtZXRlcnMgbmVjZXNzYXJ5IHRvIGNvbm5lY3QgdG8gdGhlIFZQTiBTZXJ2ZXIuDQojIA0KIyBJdCBpcyBub3QgcmVjb21tZW5kZWQgdG8gbW9kaWZ5IGl0IHVubGVzcyB5b3UgaGF2ZSBhIHBhcnRpY3VsYXIgbmVlZC4NCg0KcmVzb2x2LXJldHJ5IGluZmluaXRlDQpub2JpbmQNCnBlcnNpc3Qta2V5DQpwZXJzaXN0LXR1bg0KY2xpZW50DQp2ZXJiIDMNCiNhdXRoLXVzZXItcGFzcw0KDQoNCiMjIyMjIyMjIyMjIyMjIyMjIyMjIyMjIyMjIyMjIyMjIyMjIyMjIyMjIyMjIyMjIyMjIyMjIyMjIyMjIyMjIyMjIyMjIyMjIyMjIyMjIyMNCiMgVGhlIGNlcnRpZmljYXRlIGZpbGUgb2YgdGhlIGRlc3RpbmF0aW9uIFZQTiBTZXJ2ZXIuDQojIA0KIyBUaGUgQ0EgY2VydGlmaWNhdGUgZmlsZSBpcyBlbWJlZGRlZCBpbiB0aGUgaW5saW5lIGZvcm1hdC4NCiMgWW91IGNhbiByZXBsYWNlIHRoaXMgQ0EgY29udGVudHMgaWYgbmVjZXNzYXJ5Lg0KIyBQbGVhc2Ugbm90ZSB0aGF0IGlmIHRoZSBzZXJ2ZXIgY2VydGlmaWNhdGUgaXMgbm90IGEgc2VsZi1zaWduZWQsIHlvdSBoYXZlIHRvDQojIHNwZWNpZnkgdGhlIHNpZ25lcidzIHJvb3QgY2VydGlmaWNhdGUgKENBKSBoZXJlLg0KDQo8Y2E+DQotLS0tLUJFR0lOIENFUlRJRklDQVRFLS0tLS0NCk1JSUZhekNDQTFPZ0F3SUJBZ0lSQUlJUXo3RFNRT05aUkdQZ3UyT0Npd0F3RFFZSktvWklodmNOQVFFTEJRQXcNClR6RUxNQWtHQTFVRUJoTUNWVk14S1RBbkJnTlZCQW9USUVsdWRHVnlibVYwSUZObFkzVnlhWFI1SUZKbGMyVmgNCmNtTm9JRWR5YjNWd01SVXdFd1lEVlFRREV3eEpVMUpISUZKdmIzUWdXREV3SGhjTk1UVXdOakEwTVRFd05ETTQNCldoY05NelV3TmpBME1URXdORE00V2pCUE1Rc3dDUVlEVlFRR0V3SlZVekVwTUNjR0ExVUVDaE1nU1c1MFpYSnUNClpYUWdVMlZqZFhKcGRIa2dVbVZ6WldGeVkyZ2dSM0p2ZFhBeEZUQVRCZ05WQkFNVERFbFRVa2NnVW05dmRDQlkNCk1UQ0NBaUl3RFFZSktvWklodmNOQVFFQkJRQURnZ0lQQURDQ0Fnb0NnZ0lCQUszb0pIUDBGRGZ6bTU0clZ5Z2MNCmg3N2N0OTg0a0l4dVBPWlhvSGozZGNLaS92VnFidllBVHlqYjNtaUdiRVNUdHJGai9SUVNhNzhmMHVveG15RisNCjBUTTh1a2oxM1huZnM3ai9FdkVobWt2QmlvWnhhVXBtWm15UGZqeHd2NjBwSWdiejVNRG1nSzdpUzQrM21YNlUNCkE1L1RSNWQ4bVVnalUrZzRyazhLYjRNdTBVbFhqSUIwdHRvdjBEaU5ld053SVJ0MThqQTgrbyt1M2RwanErc1cNClQ4S09FVXQrend2by83VjNMdlN5ZTByZ1RCSWxESENOQXltZzRWTWs3QlBaN2htL0VMTktqRCtKbzJGUjNxeUgNCkI1VDBZM0hzTHVKdlc1aUI0WWxjTkhsc2R1ODdrR0o1NXR1a21pOG14ZEFRNFE3ZTJSQ09GdnUzOTZqM3grVUMNCkI1aVBOZ2lWNStJM2xnMDJkWjc3RG5LeEhadThBL2xKQmRpQjNRVzBLdFpCNmF3QmRwVUtEOWpmMWIwU0h6VXYNCktCZHMwcGpCcUFsa2QyNUhON3JPckZsZWFKMS9jdGFKeFFaQktUNVpQdDBtOVNUSkVhZGFvMHhBSDBhaG1iV24NCk9sRnVoanVlZlhLbkVnVjRXZTArVVhnVkN3T1BqZEF2QmJJK2Uwb2NTM01GRXZ6RzZ1QlFFM3hEazNTenluVG4NCmpoOEJDTkF3MUZ0eE5yUUh1c0V3TUZ4SXQ0STdtS1o5WUlxaW95bUN6THE5Z3dRYm9vTURRYUhXQmZFYndyYncNCnFIeUdPMGFvU0NxSTNIYWFkcjhmYXFVOUdZL3JPUE5rM3NnckRRb28vL2ZiNGhWQzFDTFFKMTNoZWY0WTUzQ0kNCnJVN20yWXM2eHQwblVXNy92R1QxTTBOUEFnTUJBQUdqUWpCQU1BNEdBMVVkRHdFQi93UUVBd0lCQmpBUEJnTlYNCkhSTUJBZjhFQlRBREFRSC9NQjBHQTFVZERnUVdCQlI1dEZubWU3Ymw1QUZ6Z0FpSXlCcFk5dW1iYmpBTkJna3ENCmhraUc5dzBCQVFzRkFBT0NBZ0VBVlI5WXFieXlxRkRRRExIWUdta2dKeWtJckdGMVhJcHUrSUxsYVMvVjlsWkwNCnViaHpFRm5USVpkKzUweHgrN0xTWUswNXFBdnFGeUZXaGZGUURsbnJ6dUJaNmJySkZlK0duWStFZ1BiazZaR1ENCjNCZWJZaHRGOEdhVjBueHZ3dW83N3gvUHk5YXVKL0dwc01pdS9YMSttdm9pQk92LzJYL3FrU3Npc1JjT2ovS0sNCk5GdFkyUHdCeVZTNXVDYk1pb2d6aVV3dGhEeUMzKzZXVndXNkxMdjN4TGZIVGp1Q3ZqSElJbk56a3RIQ2dLUTUNCk9SQXpJNEpNUEorR3NsV1lIYjRwaG93aW01N2lhenRYT29Kd1Rkd0p4NG5MQ2dkTmJPaGRqc252enF2SHU3VXINClRrWFdTdEFtek9WeXlnaHFwWlhqRmFIM3BPM0pMRitsKy8rc0tBSXV2dGQ3dStOeGU1QVcwd2RlUmxOOE53ZEMNCmpOUEVscHpWbWJVcTRKVWFnRWl1VERrSHpzeEhwRktWSzdxNCs2M1NNMU45NVIxTmJkV2hzY2RDYitaQUp6VmMNCm95aTNCNDNualRPUTV5T2YrMUNjZVd4RzFiUVZzNVp1ZnBzTWxqcTRVaTAvMWx2aCt3akNoUDRrcUtPSjJxeHENCjRSZ3FzYWhEWVZ2VEg5dzdqWGJ5TGVpTmRkOFhNMnc5VS90N3kwRmYvOXlpMEdFNDRaYTRyRjJMTjlkMTFUUEENCm1SR3VuVUhCY25XRXZnSkJRbDluSkVpVTBac252Z2MvdWJoUGdYUlI0WHEzN1owajRyN2cxU2dFRXp3eEE1N2QNCmVteVB4Z2NZeG4vZVI0NC9LSjRFQnMrbFZEUjN2ZXlKbStrWFE5OWIyMS8ramg1WG9zMUFuWDVpSXRyZUdDYz0NCi0tLS0tRU5EIENFUlRJRklDQVRFLS0tLS0NCg0KPC9jYT4NCg0KDQojIyMjIyMjIyMjIyMjIyMjIyMjIyMjIyMjIyMjIyMjIyMjIyMjIyMjIyMjIyMjIyMjIyMjIyMjIyMjIyMjIyMjIyMjIyMjIyMjIyMjIyMjDQojIFRoZSBjbGllbnQgY2VydGlmaWNhdGUgZmlsZSAoZHVtbXkpLg0KIyANCiMgSW4gc29tZSBpbXBsZW1lbnRhdGlvbnMgb2YgT3BlblZQTiBDbGllbnQgc29mdHdhcmUNCiMgKGZvciBleGFtcGxlOiBPcGVuVlBOIENsaWVudCBmb3IgaU9TKSwNCiMgYSBwYWlyIG9mIGNsaWVudCBjZXJ0aWZpY2F0ZSBhbmQgcHJpdmF0ZSBrZXkgbXVzdCBiZSBpbmNsdWRlZCBvbiB0aGUNCiMgY29uZmlndXJhdGlvbiBmaWxlIGR1ZSB0byB0aGUgbGltaXRhdGlvbiBvZiB0aGUgY2xpZW50Lg0KIyBTbyB0aGlzIHNhbXBsZSBjb25maWd1cmF0aW9uIGZpbGUgaGFzIGEgZHVtbXkgcGFpciBvZiBjbGllbnQgY2VydGlmaWNhdGUNCiMgYW5kIHByaXZhdGUga2V5IGFzIGZvbGxvd3MuDQoNCjxjZXJ0Pg0KLS0tLS1CRUdJTiBDRVJUSUZJQ0FURS0tLS0tDQpNSUlDeGpDQ0FhNENBUUF3RFFZSktvWklodmNOQVFFRkJRQXdLVEVhTUJnR0ExVUVBeE1SVmxCT1IyRjBaVU5zDQphV1Z1ZEVObGNuUXhDekFKQmdOVkJBWVRBa3BRTUI0WERURXpNREl4TVRBek5EazBPVm9YRFRNM01ERXhPVEF6DQpNVFF3TjFvd0tURWFNQmdHQTFVRUF4TVJWbEJPUjJGMFpVTnNhV1Z1ZEVObGNuUXhDekFKQmdOVkJBWVRBa3BRDQpNSUlCSWpBTkJna3Foa2lHOXcwQkFRRUZBQU9DQVE4QU1JSUJDZ0tDQVFFQTVoMmxnUVFZVWp3b0tZSmJ6VlpBDQo1VmNJR2Q1b3RQYy9xWlJNdDBLSXRDRkEwczlSd1JlTlZhOWZEUkZMUkJoY0lUT2x2M0ZCY1czRThoMVVzN1JEDQo0VzhHbUplOHphcEpuTHNEMzlPU01SQ3paSm5jelc0T0NIMVBaUlpXS3FEdGpsTmNhOUFGOGE2NWpUbWxEeENRDQpDam50TElXazVPTExWa0Z0OS90U2NjMUdEdGNpNTVvZmhhTkFZTVBpSDdWOCsxZzY2cEdIWEFvV0s2QVFWSDY3DQpYQ0tKbkdCNW5sUStIc01ZUFYvTzQ5TGQ5MVpOLzJ0SGtjYUxMeU50eXd4VlBSU3NSaDQ4MGpqdTBmY0NzdjZoDQpwLzB5WG5UQi8vbVd1dEJHcGRVbElid2lJVGJBbXJzYlluamlnUnZuUHFYMVJOSlViaTlGcDZDMmMvSElGSkdEDQp5d0lEQVFBQk1BMEdDU3FHU0liM0RRRUJCUVVBQTRJQkFRQ2hPNWhnY3cvNG9XZm9FRkx1OWtCYTFCLy9reEg4DQpoUWtDaFZObjhCUkM3WTBVUlFpdFBsM0RLRWVkOVVSQkRkZzJLT0F6NzdiYjZFTlBpbGlEK2EzOFVKSElSTXFlDQpVQkhobGxPSEl6dkRoSEZiYW92QUxCUWNlZUJ6ZGtReHNLUUVTS21RbVI4MzI5NTBVQ292b3lSQjYxVXlBVjdoDQorbVpoWVBHUktYS1NKSTZzMEVnZy9DcmkrQ3drNGJqSmZyYjVoVnNlMTF5aDREOU1IaHdTZkNPSCswejRoUFVUDQpGa3U3ZEdhdlVSTzVTVnhNbi9zTDZFbjVEK29TZVhrYWRIcERzK0FpcnltMllIaDE1aDAralBTT29SNnlpVnAvDQo2elplWmtyTjQza3VTNzNLcEtERmpmRlBoOHQ0cjFnT0lqdHRrTmNRcUJjY3VzbnBsUTdISnBzaw0KLS0tLS1FTkQgQ0VSVElGSUNBVEUtLS0tLQ0KDQo8L2NlcnQ+DQoNCjxrZXk+DQotLS0tLUJFR0lOIFJTQSBQUklWQVRFIEtFWS0tLS0tDQpNSUlFcEFJQkFBS0NBUUVBNWgybGdRUVlVandvS1lKYnpWWkE1VmNJR2Q1b3RQYy9xWlJNdDBLSXRDRkEwczlSDQp3UmVOVmE5ZkRSRkxSQmhjSVRPbHYzRkJjVzNFOGgxVXM3UkQ0VzhHbUplOHphcEpuTHNEMzlPU01SQ3paSm5jDQp6VzRPQ0gxUFpSWldLcUR0amxOY2E5QUY4YTY1alRtbER4Q1FDam50TElXazVPTExWa0Z0OS90U2NjMUdEdGNpDQo1NW9maGFOQVlNUGlIN1Y4KzFnNjZwR0hYQW9XSzZBUVZINjdYQ0tKbkdCNW5sUStIc01ZUFYvTzQ5TGQ5MVpODQovMnRIa2NhTEx5TnR5d3hWUFJTc1JoNDgwamp1MGZjQ3N2NmhwLzB5WG5UQi8vbVd1dEJHcGRVbElid2lJVGJBDQptcnNiWW5qaWdSdm5QcVgxUk5KVWJpOUZwNkMyYy9ISUZKR0R5d0lEQVFBQkFvSUJBRVJWN1g1QXZ4QTh1UmlLDQprOFNJcHNEMGRYMXBKT01Jd2FrVVZ5dmM0RWZOMERoS1JOYjRyWW9TaUVHVEx5ekxweUJjL0EyOERsa201ZU9ZDQpmanpYZllrR3RZaS9GdHhrZzNPOXZjck1RNCs2aSt1R0hhSUwyckwrczRNcmZPOHYxeHY2K1dreTMzRUVHQ291DQpRaXdWR1JGUVhuUm9RNjJOQkNGYlVOTGhtWHdkajFha1p6TFU0cDVSNHpBM1FoZHh3RUlhdFZMdDArN293TFEzDQpsUDhzZlhocHBQT1hqVHFNRDRRa1l3elBBYTgvekY3YWNuNGtyeXJVUDdRNlBBZmQwekVWcU55OVpDWjlmZmhvDQp6WGVkRmo0ODZJRm9jNWduVHAyTjZqc25WajRMQ0dJaGxWSGxZR296S0tGcUpjUVZHc0hDcXExb3oyempXNkxTDQpvUllJSGdFQ2dZRUE4elpya0N3TllTWEp1T0RKM20vaE9MVnhjeGdKdXdYb2lFcldkMEU0MnZQYW5qalZNaG50DQpLWTVsOHFHTUo2RmhLOUxZeDJxQ3JmL0UwWHRVQVoyd1ZxM09SVHlHbnNNV3JlOXRMWXM1NVgrWk4xMFRjNzV6DQo0aGFjYlUwaHFLTjFIaURtc01SWTMvMk5hWkhveTdNS253SkpCYUc0OGw5Q0NUbFZ3TUhvY0lFQ2dZRUE4amJ5DQpkR2p4VEgrNlhIV05pemI1U1JiWnhBbnlFZUplUndUTWgwZ0d6d0dQcEgvc1pZR3p5dTBTeVNYV0NuWmgzUmdxDQo1dUxsTnh0clhybGpabHlpMm5RZFFnc3EyWXJXVXMwK3pnVSsyMnVRc1pwU0FmdG1oVnJ0dmV0Nk1qVmpiQnlZDQpEQURjaUVWVWRKWUlYaytxbkZVSnllcm9MSWtUajdXWUtaNlJqa3NDZ1lCb0NGSXdSRGVnNDJvSzg5UkZtbk9yDQpMeW1OQXE0KzJvTWhzV2xWYjRlaldJV2VBazluYytHWFVmclhzelJoUzAxbVVuVTVyNXlnVXZSY2FyVi9UM1U3DQpUbk1aK0k3WTREZ1dSSURkNTF6bmh4SUJ0WVY1ai9DL3Q4NUhqcU9rSCs4YjZSVGtiY2hhWDNtYXU3ZnBVZmRzDQpGcTBuaElxNDJmaEVPOHNyZllZd2dRS0JnUUN5aGkxTi84dGFSd3BrKzMvSURFelF3amJmZHpVa1dXU0RrOVhzDQpIL3BrdVJIV2ZUTVAzZmxXcUVZZ1cvTFc0MHBlVzJIRHE1aW1kVjgrQWdaeGUvWE1iYWppOUxnd2YxUlkwMDVuDQpLeGFaUXo3eXFIdXBXbExHRjY4RFBIeGtaVlZTYWdEblYvc3p0V1g2U0ZzQ3FGVm54SVhpZlhHQzRjVzVObTlnDQp2YThxNFFLQmdRQ0VoTFZlVWZkd0t2a1o5NGcvR0Z6NzMxWjJocmRWaGdNWmFVL3U2dDBWOTUrWWV6UE5DUVpCDQp3bUU5TW1sYnExZW1EZVJPaXZqQ2ZvR2hSM2taWFcxcFRLbExoNlpNVVFVT3BwdGRYdmE4WHhmb3FRd2EzZW5BDQpNN211QmJGMFhON1ZPODBpSlB2K1BtSVpkRUlBa3B3S2ZpMjAxWUIrQmFmQ0l1R3hJRjUwVmc9PQ0KLS0tLS1FTkQgUlNBIFBSSVZBVEUgS0VZLS0tLS0NCg0KPC9rZXk+DQoNCg==
vpn545684870,169.211.139.99,580633,32,123800419,Korea Republic of,KR,29,21947507,129376,13518047800501,2weeks,DESKTOP-I6DG2A6's owner,,IyMjIyMjIyMjIyMjIyMjIyMjIyMjIyMjIyMjIyMjIyMjIyMjIyMjIyMjIyMjIyMjIyMjIyMjIyMjIyMjIyMjIyMjIyMjIyMjIyMjIyMjIw0KIyBPcGVuVlBOIDIuMCBTYW1wbGUgQ29uZmlndXJhdGlvbiBGaWxlDQojIGZvciBQYWNrZXRpWCBWUE4gLyBTb2Z0RXRoZXIgVlBOIFNlcnZlcg0KIyANCiMgISEhIEFVVE8tR0VORVJBVEVEIEJZIFNPRlRFVEhFUiBWUE4gU0VSVkVSIE1BTkFHRU1FTlQgVE9PTCAhISENCiMgDQojICEhISBZT1UgSEFWRSBUTyBSRVZJRVcgSVQgQkVGT1JFIFVTRSBBTkQgTU9ESUZZIElUIEFTIE5FQ0VTU0FSWSAhISENCiMgDQojIFRoaXMgY29uZmlndXJhdGlvbiBmaWxlIGlzIGF1dG8tZ2VuZXJhdGVkLiBZb3UgbWlnaHQgdXNlIHRoaXMgY29uZmlnIGZpbGUNCiMgaW4gb3JkZXIgdG8gY29ubmVjdCB0byB0aGUgUGFja2V0aVggVlBOIC8gU29mdEV0aGVyIFZQTiBTZXJ2ZXIuDQojIEhvd2V2ZXIsIGJlZm9yZSB5b3UgdHJ5IGl0LCB5b3Ugc2hvdWxkIHJldmlldyB0aGUgZGVzY3JpcHRpb25zIG9mIHRoZSBmaWxlDQojIHRvIGRldGVybWluZSB0aGUgbmVjZXNzaXR5IHRvIG1vZGlmeSB0byBzdWl0YWJsZSBmb3IgeW91ciByZWFsIGVudmlyb25tZW50Lg0KIyBJZiBuZWNlc3NhcnksIHlvdSBoYXZlIHRvIG1vZGlmeSBhIGxpdHRsZSBhZGVxdWF0ZWx5IG9uIHRoZSBmaWxlLg0KIyBGb3IgZXhhbXBsZSwgdGhlIElQIGFkZHJlc3Mgb3IgdGhlIGhvc3RuYW1lIGFzIGEgZGVzdGluYXRpb24gVlBOIFNlcnZlcg0KIyBzaG91bGQgYmUgY29uZmlybWVkLg0KIyANCiMgTm90ZSB0aGF0IHRvIHVzZSBPcGVuVlBOIDIuMCwgeW91IGhhdmUgdG8gcHV0IHRoZSBjZXJ0aWZpY2F0aW9uIGZpbGUgb2YNCiMgdGhlIGRlc3RpbmF0aW9uIFZQTiBTZXJ2ZXIgb24gdGhlIE9wZW5WUE4gQ2xpZW50IGNvbXB1dGVyIHdoZW4geW91IHVzZSB0aGlzDQojIGNvbmZpZyBmaWxlLiBQbGVhc2UgcmVmZXIgdGhlIGJlbG93IGRlc2NyaXB0aW9ucyBjYXJlZnVsbHkuDQoNCg0KIyMjIyMjIyMjIyMjIyMjIyMjIyMjIyMjIyMjIyMjIyMjIyMjIyMjIyMjIyMjIyMjIyMjIyMjIyMjIyMjIyMjIyMjIyMjIyMjIyMjIyMjIw0KIyBTcGVjaWZ5IHRoZSB0eXBlIG9mIHRoZSBsYXllciBvZiB0aGUgVlBOIGNvbm5lY3Rpb24uDQojIA0KIyBUbyBjb25uZWN0IHRvIHRoZSBWUE4gU2VydmVyIGFzIGEgIlJlbW90ZS1BY2Nlc3MgVlBOIENsaWVudCBQQyIsDQojICBzcGVjaWZ5ICdkZXYgdHVuJy4gKExheWVyLTMgSVAgUm91dGluZyBNb2RlKQ0KIw0KIyBUbyBjb25uZWN0IHRvIHRoZSBWUE4gU2VydmVyIGFzIGEgYnJpZGdpbmcgZXF1aXBtZW50IG9mICJTaXRlLXRvLVNpdGUgVlBOIiwNCiMgIHNwZWNpZnkgJ2RldiB0YXAnLiAoTGF5ZXItMiBFdGhlcm5ldCBCcmlkZ2luZSBNb2RlKQ0KDQpkZXYgdHVuDQoNCg0KIyMjIyMjIyMjIyMjIyMjIyMjIyMjIyMjIyMjIyMjIyMjIyMjIyMjIyMjIyMjIyMjIyMjIyMjIyMjIyMjIyMjIyMjIyMjIyMjIyMjIyMjIw0KIyBTcGVjaWZ5IHRoZSB1bmRlcmx5aW5nIHByb3RvY29sIGJleW9uZCB0aGUgSW50ZXJuZXQuDQojIE5vdGUgdGhhdCB0aGlzIHNldHRpbmcgbXVzdCBiZSBjb3JyZXNwb25kIHdpdGggdGhlIGxpc3RlbmluZyBzZXR0aW5nIG9uDQojIHRoZSBWUE4gU2VydmVyLg0KIyANCiMgU3BlY2lmeSBlaXRoZXIgJ3Byb3RvIHRjcCcgb3IgJ3Byb3RvIHVkcCcuDQoNCnByb3RvIHRjcA0KDQoNCiMjIyMjIyMjIyMjIyMjIyMjIyMjIyMjIyMjIyMjIyMjIyMjIyMjIyMjIyMjIyMjIyMjIyMjIyMjIyMjIyMjIyMjIyMjIyMjIyMjIyMjIyMNCiMgVGhlIGRlc3RpbmF0aW9uIGhvc3RuYW1lIC8gSVAgYWRkcmVzcywgYW5kIHBvcnQgbnVtYmVyIG9mDQojIHRoZSB0YXJnZXQgVlBOIFNlcnZlci4NCiMgDQojIFlvdSBoYXZlIHRvIHNwZWNpZnkgYXMgJ3JlbW90ZSA8SE9TVE5BTUU+IDxQT1JUPicuIFlvdSBjYW4gYWxzbw0KIyBzcGVjaWZ5IHRoZSBJUCBhZGRyZXNzIGluc3RlYWQgb2YgdGhlIGhvc3RuYW1lLg0KIyANCiMgTm90ZSB0aGF0IHRoZSBhdXRvLWdlbmVyYXRlZCBiZWxvdyBob3N0bmFtZSBhcmUgYSAiYXV0by1kZXRlY3RlZA0KIyBJUCBhZGRyZXNzIiBvZiB0aGUgVlBOIFNlcnZlci4gWW91IGhhdmUgdG8gY29uZmlybSB0aGUgY29ycmVjdG5lc3MNCiMgYmVmb3JlaGFuZC4NCiMgDQojIFdoZW4geW91IHdhbnQgdG8gY29ubmVjdCB0byB0aGUgVlBOIFNlcnZlciBieSB1c2luZyBUQ1AgcHJvdG9jb2wsDQojIHRoZSBwb3J0IG51bWJlciBvZiB0aGUgZGVzdGluYXRpb24gVENQIHBvcnQgc2hvdWxkIGJlIHNhbWUgYXMgb25lIG9mDQojIHRoZSBhdmFpbGFibGUgVENQIGxpc3RlbmVycyBvbiB0aGUgVlBOIFNlcnZlci4NCiMgDQojIFdoZW4geW91IHVzZSBVRFAgcHJvdG9jb2wsIHRoZSBwb3J0IG51bWJlciBtdXN0IHNhbWUgYXMgdGhlIGNvbmZpZ3VyYXRpb24NCiMgc2V0dGluZyBvZiAiT3BlblZQTiBTZXJ2ZXIgQ29tcGF0aWJsZSBGdW5jdGlvbiIgb24gdGhlIFZQTiBTZXJ2ZXIuDQoNCnJlbW90ZSAxNjkuMjExLjEzOS45OSAxODY0DQoNCg0KIyMjIyMjIyMjIyMjIyMjIyMjIyMjIyMjIyMjIyMjIyMjIyMjIyMjIyMjIyMjIyMjIyMjIyMjIyMjIyMjIyMjIyMjIyMjIyMjIyMjIyMjIw0KIyBUaGUgSFRUUC9IVFRQUyBwcm94eSBzZXR0aW5nLg0KIyANCiMgT25seSBpZiB5b3UgaGF2ZSB0byB1c2UgdGhlIEludGVybmV0IHZpYSBhIHByb3h5LCB1bmNvbW1lbnQgdGhlIGJlbG93DQojIHR3byBsaW5lcyBhbmQgc3BlY2lmeSB0aGUgcHJveHkgYWRkcmVzcyBhbmQgdGhlIHBvcnQgbnVtYmVyLg0KIyBJbiB0aGUgY2FzZSBvZiB1c2luZyBwcm94eS1hdXRoZW50aWNhdGlvbiwgcmVmZXIgdGhlIE9wZW5WUE4gbWFudWFsLg0KDQo7aHR0cC1wcm94eS1yZXRyeQ0KO2h0dHAtcHJveHkgW3Byb3h5IHNlcnZlcl0gW3Byb3h5IHBvcnRdDQoNCg0KIyMjIyMjIyMjIyMjIyMjIyMjIyMjIyMjIyMjIyMjIyMjIyMjIyMjIyMjIyMjIyMjIyMjIyMjIyMjIyMjIyMjIyMjIyMjIyMjIyMjIyMjIw0KIyBUaGUgZW5jcnlwdGlvbiBhbmQgYXV0aGVudGljYXRpb24gYWxnb3JpdGhtLg0KIyANCiMgRGVmYXVsdCBzZXR0aW5nIGlzIGdvb2QuIE1vZGlmeSBpdCBhcyB5b3UgcHJlZmVyLg0KIyBXaGVuIHlvdSBzcGVjaWZ5IGFuIHVuc3VwcG9ydGVkIGFsZ29yaXRobSwgdGhlIGVycm9yIHdpbGwgb2NjdXIuDQojIA0KIyBUaGUgc3VwcG9ydGVkIGFsZ29yaXRobXMgYXJlIGFzIGZvbGxvd3M6DQojICBjaXBoZXI6IFtOVUxMLUNJUEhFUl0gTlVMTCBBRVMtMTI4LUNCQyBBRVMtMTkyLUNCQyBBRVMtMjU2LUNCQyBCRi1DQkMNCiMgICAgICAgICAgQ0FTVC1DQkMgQ0FTVDUtQ0JDIERFUy1DQkMgREVTLUVERS1DQkMgREVTLUVERTMtQ0JDIERFU1gtQ0JDDQojICAgICAgICAgIFJDMi00MC1DQkMgUkMyLTY0LUNCQyBSQzItQ0JDDQojICBhdXRoOiAgIFNIQSBTSEExIE1ENSBNRDQgUk1EMTYwDQoNCmNpcGhlciBBRVMtMTI4LUNCQw0KYXV0aCBTSEExDQoNCg0KIyMjIyMjIyMjIyMjIyMjIyMjIyMjIyMjIyMjIyMjIyMjIyMjIyMjIyMjIyMjIyMjIyMjIyMjIyMjIyMjIyMjIyMjIyMjIyMjIyMjIyMjIw0KIyBPdGhlciBwYXJhbWV0ZXJzIG5lY2Vzc2FyeSB0byBjb25uZWN0IHRvIHRoZSBWUE4gU2VydmVyLg0KIyANCiMgSXQgaXMgbm90IHJlY29tbWVuZGVkIHRvIG1vZGlmeSBpdCB1bmxlc3MgeW91IGhhdmUgYSBwYXJ0aWN1bGFyIG5lZWQuDQoNCnJlc29sdi1yZXRyeSBpbmZpbml0ZQ0Kbm9iaW5kDQpwZXJzaXN0LWtleQ0KcGVyc2lzdC10dW4NCmNsaWVudA0KdmVyYiAzDQojYXV0aC11c2VyLXBhc3MNCg0KDQojIyMjIyMjIyMjIyMjIyMjIyMjIyMjIyMjIyMjIyMjIyMjIyMjIyMjIyMjIyMjIyMjIyMjIyMjIyMjIyMjIyMjIyMjIyMjIyMjIyMjIyMjDQojIFRoZSBjZXJ0aWZpY2F0ZSBmaWxlIG9mIHRoZSBkZXN0aW5hdGlvbiBWUE4gU2VydmVyLg0KIyANCiMgVGhlIENBIGNlcnRpZmljYXRlIGZpbGUgaXMgZW1iZWRkZWQgaW4gdGhlIGlubGluZSBmb3JtYXQuDQojIFlvdSBjYW4gcmVwbGFjZSB0aGlzIENBIGNvbnRlbnRzIGlmIG5lY2Vzc2FyeS4NCiMgUGxlYXNlIG5vdGUgdGhhdCBpZiB0aGUgc2VydmVyIGNlcnRpZmljYXRlIGlzIG5vdCBhIHNlbGYtc2lnbmVkLCB5b3UgaGF2ZSB0bw0KIyBzcGVjaWZ5IHRoZSBzaWduZXIncyByb290IGNlcnRpZmljYXRlIChDQSkgaGVyZS4NCg0KPGNhPg0KLS0tLS1CRUdJTiBDRVJUSUZJQ0FURS0tLS0tDQpNSUlGYXpDQ0ExT2dBd0lCQWdJUkFJSVF6N0RTUU9OWlJHUGd1Mk9DaXdBd0RRWUpLb1pJaHZjTkFRRUxCUUF3DQpUekVMTUFrR0ExVUVCaE1DVlZNeEtUQW5CZ05WQkFvVElFbHVkR1Z5Ym1WMElGTmxZM1Z5YVhSNUlGSmxjMlZoDQpjbU5vSUVkeWIzVndNUlV3RXdZRFZRUURFd3hKVTFKSElGSnZiM1FnV0RFd0hoY05NVFV3TmpBME1URXdORE00DQpXaGNOTXpVd05qQTBNVEV3TkRNNFdqQlBNUXN3Q1FZRFZRUUdFd0pWVXpFcE1DY0dBMVVFQ2hNZ1NXNTBaWEp1DQpaWFFnVTJWamRYSnBkSGtnVW1WelpXRnlZMmdnUjNKdmRYQXhGVEFUQmdOVkJBTVRERWxUVWtjZ1VtOXZkQ0JZDQpNVENDQWlJd0RRWUpLb1pJaHZjTkFRRUJCUUFEZ2dJUEFEQ0NBZ29DZ2dJQkFLM29KSFAwRkRmem01NHJWeWdjDQpoNzdjdDk4NGtJeHVQT1pYb0hqM2RjS2kvdlZxYnZZQVR5amIzbWlHYkVTVHRyRmovUlFTYTc4ZjB1b3hteUYrDQowVE04dWtqMTNYbmZzN2ovRXZFaG1rdkJpb1p4YVVwbVpteVBmanh3djYwcElnYno1TURtZ0s3aVM0KzNtWDZVDQpBNS9UUjVkOG1VZ2pVK2c0cms4S2I0TXUwVWxYaklCMHR0b3YwRGlOZXdOd0lSdDE4akE4K28rdTNkcGpxK3NXDQpUOEtPRVV0K3p3dm8vN1YzTHZTeWUwcmdUQklsREhDTkF5bWc0Vk1rN0JQWjdobS9FTE5LakQrSm8yRlIzcXlIDQpCNVQwWTNIc0x1SnZXNWlCNFlsY05IbHNkdTg3a0dKNTV0dWttaThteGRBUTRRN2UyUkNPRnZ1Mzk2ajN4K1VDDQpCNWlQTmdpVjUrSTNsZzAyZFo3N0RuS3hIWnU4QS9sSkJkaUIzUVcwS3RaQjZhd0JkcFVLRDlqZjFiMFNIelV2DQpLQmRzMHBqQnFBbGtkMjVITjdyT3JGbGVhSjEvY3RhSnhRWkJLVDVaUHQwbTlTVEpFYWRhbzB4QUgwYWhtYlduDQpPbEZ1aGp1ZWZYS25FZ1Y0V2UwK1VYZ1ZDd09QamRBdkJiSStlMG9jUzNNRkV2ekc2dUJRRTN4RGszU3p5blRuDQpqaDhCQ05BdzFGdHhOclFIdXNFd01GeEl0NEk3bUtaOVlJcWlveW1DekxxOWd3UWJvb01EUWFIV0JmRWJ3cmJ3DQpxSHlHTzBhb1NDcUkzSGFhZHI4ZmFxVTlHWS9yT1BOazNzZ3JEUW9vLy9mYjRoVkMxQ0xRSjEzaGVmNFk1M0NJDQpyVTdtMllzNnh0MG5VVzcvdkdUMU0wTlBBZ01CQUFHalFqQkFNQTRHQTFVZER3RUIvd1FFQXdJQkJqQVBCZ05WDQpIUk1CQWY4RUJUQURBUUgvTUIwR0ExVWREZ1FXQkJSNXRGbm1lN2JsNUFGemdBaUl5QnBZOXVtYmJqQU5CZ2txDQpoa2lHOXcwQkFRc0ZBQU9DQWdFQVZSOVlxYnl5cUZEUURMSFlHbWtnSnlrSXJHRjFYSXB1K0lMbGFTL1Y5bFpMDQp1Ymh6RUZuVElaZCs1MHh4KzdMU1lLMDVxQXZxRnlGV2hmRlFEbG5yenVCWjZickpGZStHblkrRWdQYms2WkdRDQozQmViWWh0RjhHYVYwbnh2d3VvNzd4L1B5OWF1Si9HcHNNaXUvWDErbXZvaUJPdi8yWC9xa1NzaXNSY09qL0tLDQpORnRZMlB3QnlWUzV1Q2JNaW9nemlVd3RoRHlDMys2V1Z3VzZMTHYzeExmSFRqdUN2akhJSW5Oemt0SENnS1E1DQpPUkF6STRKTVBKK0dzbFdZSGI0cGhvd2ltNTdpYXp0WE9vSndUZHdKeDRuTENnZE5iT2hkanNudnpxdkh1N1VyDQpUa1hXU3RBbXpPVnl5Z2hxcFpYakZhSDNwTzNKTEYrbCsvK3NLQUl1dnRkN3UrTnhlNUFXMHdkZVJsTjhOd2RDDQpqTlBFbHB6Vm1iVXE0SlVhZ0VpdVREa0h6c3hIcEZLVks3cTQrNjNTTTFOOTVSMU5iZFdoc2NkQ2IrWkFKelZjDQpveWkzQjQzbmpUT1E1eU9mKzFDY2VXeEcxYlFWczVadWZwc01sanE0VWkwLzFsdmgrd2pDaFA0a3FLT0oycXhxDQo0Umdxc2FoRFlWdlRIOXc3alhieUxlaU5kZDhYTTJ3OVUvdDd5MEZmLzl5aTBHRTQ0WmE0ckYyTE45ZDExVFBBDQptUkd1blVIQmNuV0V2Z0pCUWw5bkpFaVUwWnNudmdjL3ViaFBnWFJSNFhxMzdaMGo0cjdnMVNnRUV6d3hBNTdkDQplbXlQeGdjWXhuL2VSNDQvS0o0RUJzK2xWRFIzdmV5Sm0ra1hROTliMjEvK2poNVhvczFBblg1aUl0cmVHQ2M9DQotLS0tLUVORCBDRVJUSUZJQ0FURS0tLS0tDQoNCjwvY2E+DQoNCg0KIyMjIyMjIyMjIyMjIyMjIyMjIyMjIyMjIyMjIyMjIyMjIyMjIyMjIyMjIyMjIyMjIyMjIyMjIyMjIyMjIyMjIyMjIyMjIyMjIyMjIyMjIw0KIyBUaGUgY2xpZW50IGNlcnRpZmljYXRlIGZpbGUgKGR1bW15KS4NCiMgDQojIEluIHNvbWUgaW1wbGVtZW50YXRpb25zIG9mIE9wZW5WUE4gQ2xpZW50IHNvZnR3YXJlDQojIChmb3IgZXhhbXBsZTogT3BlblZQTiBDbGllbnQgZm9yIGlPUyksDQojIGEgcGFpciBvZiBjbGllbnQgY2VydGlmaWNhdGUgYW5kIHByaXZhdGUga2V5IG11c3QgYmUgaW5jbHVkZWQgb24gdGhlDQojIGNvbmZpZ3VyYXRpb24gZmlsZSBkdWUgdG8gdGhlIGxpbWl0YXRpb24gb2YgdGhlIGNsaWVudC4NCiMgU28gdGhpcyBzYW1wbGUgY29uZmlndXJhdGlvbiBmaWxlIGhhcyBhIGR1bW15IHBhaXIgb2YgY2xpZW50IGNlcnRpZmljYXRlDQojIGFuZCBwcml2YXRlIGtleSBhcyBmb2xsb3dzLg0KDQo8Y2VydD4NCi0tLS0tQkVHSU4gQ0VSVElGSUNBVEUtLS0tLQ0KTUlJQ3hqQ0NBYTRDQVFBd0RRWUpLb1pJaHZjTkFRRUZCUUF3S1RFYU1CZ0dBMVVFQXhNUlZsQk9SMkYwWlVOcw0KYVdWdWRFTmxjblF4Q3pBSkJnTlZCQVlUQWtwUU1CNFhEVEV6TURJeE1UQXpORGswT1ZvWERUTTNNREV4T1RBeg0KTVRRd04xb3dLVEVhTUJnR0ExVUVBeE1SVmxCT1IyRjBaVU5zYVdWdWRFTmxjblF4Q3pBSkJnTlZCQVlUQWtwUQ0KTUlJQklqQU5CZ2txaGtpRzl3MEJBUUVGQUFPQ0FROEFNSUlCQ2dLQ0FRRUE1aDJsZ1FRWVVqd29LWUpielZaQQ0KNVZjSUdkNW90UGMvcVpSTXQwS0l0Q0ZBMHM5UndSZU5WYTlmRFJGTFJCaGNJVE9sdjNGQmNXM0U4aDFVczdSRA0KNFc4R21KZTh6YXBKbkxzRDM5T1NNUkN6WkpuY3pXNE9DSDFQWlJaV0txRHRqbE5jYTlBRjhhNjVqVG1sRHhDUQ0KQ2pudExJV2s1T0xMVmtGdDkvdFNjYzFHRHRjaTU1b2ZoYU5BWU1QaUg3VjgrMWc2NnBHSFhBb1dLNkFRVkg2Nw0KWENLSm5HQjVubFErSHNNWVBWL080OUxkOTFaTi8ydEhrY2FMTHlOdHl3eFZQUlNzUmg0ODBqanUwZmNDc3Y2aA0KcC8weVhuVEIvL21XdXRCR3BkVWxJYndpSVRiQW1yc2JZbmppZ1J2blBxWDFSTkpVYmk5RnA2QzJjL0hJRkpHRA0KeXdJREFRQUJNQTBHQ1NxR1NJYjNEUUVCQlFVQUE0SUJBUUNoTzVoZ2N3LzRvV2ZvRUZMdTlrQmExQi8va3hIOA0KaFFrQ2hWTm44QlJDN1kwVVJRaXRQbDNES0VlZDlVUkJEZGcyS09Bejc3YmI2RU5QaWxpRCthMzhVSkhJUk1xZQ0KVUJIaGxsT0hJenZEaEhGYmFvdkFMQlFjZWVCemRrUXhzS1FFU0ttUW1SODMyOTUwVUNvdm95UkI2MVV5QVY3aA0KK21aaFlQR1JLWEtTSkk2czBFZ2cvQ3JpK0N3azRiakpmcmI1aFZzZTExeWg0RDlNSGh3U2ZDT0grMHo0aFBVVA0KRmt1N2RHYXZVUk81U1Z4TW4vc0w2RW41RCtvU2VYa2FkSHBEcytBaXJ5bTJZSGgxNWgwK2pQU09vUjZ5aVZwLw0KNnpaZVprck40M2t1UzczS3BLREZqZkZQaDh0NHIxZ09JanR0a05jUXFCY2N1c25wbFE3SEpwc2sNCi0tLS0tRU5EIENFUlRJRklDQVRFLS0tLS0NCg0KPC9jZXJ0Pg0KDQo8a2V5Pg0KLS0tLS1CRUdJTiBSU0EgUFJJVkFURSBLRVktLS0tLQ0KTUlJRXBBSUJBQUtDQVFFQTVoMmxnUVFZVWp3b0tZSmJ6VlpBNVZjSUdkNW90UGMvcVpSTXQwS0l0Q0ZBMHM5Ug0Kd1JlTlZhOWZEUkZMUkJoY0lUT2x2M0ZCY1czRThoMVVzN1JENFc4R21KZTh6YXBKbkxzRDM5T1NNUkN6WkpuYw0Kelc0T0NIMVBaUlpXS3FEdGpsTmNhOUFGOGE2NWpUbWxEeENRQ2pudExJV2s1T0xMVmtGdDkvdFNjYzFHRHRjaQ0KNTVvZmhhTkFZTVBpSDdWOCsxZzY2cEdIWEFvV0s2QVFWSDY3WENLSm5HQjVubFErSHNNWVBWL080OUxkOTFaTg0KLzJ0SGtjYUxMeU50eXd4VlBSU3NSaDQ4MGpqdTBmY0NzdjZocC8weVhuVEIvL21XdXRCR3BkVWxJYndpSVRiQQ0KbXJzYlluamlnUnZuUHFYMVJOSlViaTlGcDZDMmMvSElGSkdEeXdJREFRQUJBb0lCQUVSVjdYNUF2eEE4dVJpSw0KazhTSXBzRDBkWDFwSk9NSXdha1VWeXZjNEVmTjBEaEtSTmI0cllvU2lFR1RMeXpMcHlCYy9BMjhEbGttNWVPWQ0KZmp6WGZZa0d0WWkvRnR4a2czTzl2Y3JNUTQrNmkrdUdIYUlMMnJMK3M0TXJmTzh2MXh2NitXa3kzM0VFR0NvdQ0KUWl3VkdSRlFYblJvUTYyTkJDRmJVTkxobVh3ZGoxYWtaekxVNHA1UjR6QTNRaGR4d0VJYXRWTHQwKzdvd0xRMw0KbFA4c2ZYaHBwUE9YalRxTUQ0UWtZd3pQQWE4L3pGN2FjbjRrcnlyVVA3UTZQQWZkMHpFVnFOeTlaQ1o5ZmZobw0KelhlZEZqNDg2SUZvYzVnblRwMk42anNuVmo0TENHSWhsVkhsWUdvektLRnFKY1FWR3NIQ3FxMW96MnpqVzZMUw0Kb1JZSUhnRUNnWUVBOHpacmtDd05ZU1hKdU9ESjNtL2hPTFZ4Y3hnSnV3WG9pRXJXZDBFNDJ2UGFuampWTWhudA0KS1k1bDhxR01KNkZoSzlMWXgycUNyZi9FMFh0VUFaMndWcTNPUlR5R25zTVdyZTl0TFlzNTVYK1pOMTBUYzc1eg0KNGhhY2JVMGhxS04xSGlEbXNNUlkzLzJOYVpIb3k3TUtud0pKQmFHNDhsOUNDVGxWd01Ib2NJRUNnWUVBOGpieQ0KZEdqeFRIKzZYSFdOaXpiNVNSYlp4QW55RWVKZVJ3VE1oMGdHendHUHBIL3NaWUd6eXUwU3lTWFdDblpoM1JncQ0KNXVMbE54dHJYcmxqWmx5aTJuUWRRZ3NxMllyV1VzMCt6Z1UrMjJ1UXNacFNBZnRtaFZydHZldDZNalZqYkJ5WQ0KREFEY2lFVlVkSllJWGsrcW5GVUp5ZXJvTElrVGo3V1lLWjZSamtzQ2dZQm9DRkl3UkRlZzQyb0s4OVJGbW5Pcg0KTHltTkFxNCsyb01oc1dsVmI0ZWpXSVdlQWs5bmMrR1hVZnJYc3pSaFMwMW1VblU1cjV5Z1V2UmNhclYvVDNVNw0KVG5NWitJN1k0RGdXUklEZDUxem5oeElCdFlWNWovQy90ODVIanFPa0grOGI2UlRrYmNoYVgzbWF1N2ZwVWZkcw0KRnEwbmhJcTQyZmhFTzhzcmZZWXdnUUtCZ1FDeWhpMU4vOHRhUndwayszL0lERXpRd2piZmR6VWtXV1NEazlYcw0KSC9wa3VSSFdmVE1QM2ZsV3FFWWdXL0xXNDBwZVcySERxNWltZFY4K0FnWnhlL1hNYmFqaTlMZ3dmMVJZMDA1bg0KS3hhWlF6N3lxSHVwV2xMR0Y2OERQSHhrWlZWU2FnRG5WL3N6dFdYNlNGc0NxRlZueElYaWZYR0M0Y1c1Tm05Zw0KdmE4cTRRS0JnUUNFaExWZVVmZHdLdmtaOTRnL0dGejczMVoyaHJkVmhnTVphVS91NnQwVjk1K1llelBOQ1FaQg0Kd21FOU1tbGJxMWVtRGVST2l2akNmb0doUjNrWlhXMXBUS2xMaDZaTVVRVU9wcHRkWHZhOFh4Zm9xUXdhM2VuQQ0KTTdtdUJiRjBYTjdWTzgwaUpQditQbUlaZEVJQWtwd0tmaTIwMVlCK0JhZkNJdUd4SUY1MFZnPT0NCi0tLS0tRU5EIFJTQSBQUklWQVRFIEtFWS0tLS0tDQoNCjwva2V5Pg0KDQo=
vpn696593038,61.83.155.7,576674,29,162213761,Korea Republic of,KR,21,0,117181,11799057390290,2weeks,DESKTOP-1THSA8N's owner,,IyMjIyMjIyMjIyMjIyMjIyMjIyMjIyMjIyMjIyMjIyMjIyMjIyMjIyMjIyMjIyMjIyMjIyMjIyMjIyMjIyMjIyMjIyMjIyMjIyMjIyMjIw0KIyBPcGVuVlBOIDIuMCBTYW1wbGUgQ29uZmlndXJhdGlvbiBGaWxlDQojIGZvciBQYWNrZXRpWCBWUE4gLyBTb2Z0RXRoZXIgVlBOIFNlcnZlcg0KIyANCiMgISEhIEFVVE8tR0VORVJBVEVEIEJZIFNPRlRFVEhFUiBWUE4gU0VSVkVSIE1BTkFHRU1FTlQgVE9PTCAhISENCiMgDQojICEhISBZT1UgSEFWRSBUTyBSRVZJRVcgSVQgQkVGT1JFIFVTRSBBTkQgTU9ESUZZIElUIEFTIE5FQ0VTU0FSWSAhISENCiMgDQojIFRoaXMgY29uZmlndXJhdGlvbiBmaWxlIGlzIGF1dG8tZ2VuZXJhdGVkLiBZb3UgbWlnaHQgdXNlIHRoaXMgY29uZmlnIGZpbGUNCiMgaW4gb3JkZXIgdG8gY29ubmVjdCB0byB0aGUgUGFja2V0aVggVlBOIC8gU29mdEV0aGVyIFZQTiBTZXJ2ZXIuDQojIEhvd2V2ZXIsIGJlZm9yZSB5b3UgdHJ5IGl0LCB5b3Ugc2hvdWxkIHJldmlldyB0aGUgZGVzY3JpcHRpb25zIG9mIHRoZSBmaWxlDQojIHRvIGRldGVybWluZSB0aGUgbmVjZXNzaXR5IHRvIG1vZGlmeSB0byBzdWl0YWJsZSBmb3IgeW91ciByZWFsIGVudmlyb25tZW50Lg0KIyBJZiBuZWNlc3NhcnksIHlvdSBoYXZlIHRvIG1vZGlmeSBhIGxpdHRsZSBhZGVxdWF0ZWx5IG9uIHRoZSBmaWxlLg0KIyBGb3IgZXhhbXBsZSwgdGhlIElQIGFkZHJlc3Mgb3IgdGhlIGhvc3RuYW1lIGFzIGEgZGVzdGluYXRpb24gVlBOIFNlcnZlcg0KIyBzaG91bGQgYmUgY29uZmlybWVkLg0KIyANCiMgTm90ZSB0aGF0IHRvIHVzZSBPcGVuVlBOIDIuMCwgeW91IGhhdmUgdG8gcHV0IHRoZSBjZXJ0aWZpY2F0aW9uIGZpbGUgb2YNCiMgdGhlIGRlc3RpbmF0aW9uIFZQTiBTZXJ2ZXIgb24gdGhlIE9wZW5WUE4gQ2xpZW50IGNvbXB1dGVyIHdoZW4geW91IHVzZSB0aGlzDQojIGNvbmZpZyBmaWxlLiBQbGVhc2UgcmVmZXIgdGhlIGJlbG93IGRlc2NyaXB0aW9ucyBjYXJlZnVsbHkuDQoNCg0KIyMjIyMjIyMjIyMjIyMjIyMjIyMjIyMjIyMjIyMjIyMjIyMjIyMjIyMjIyMjIyMjIyMjIyMjIyMjIyMjIyMjIyMjIyMjIyMjIyMjIyMjIw0KIyBTcGVjaWZ5IHRoZSB0eXBlIG9mIHRoZSBsYXllciBvZiB0aGUgVlBOIGNvbm5lY3Rpb24uDQojIA0KIyBUbyBjb25uZWN0IHRvIHRoZSBWUE4gU2VydmVyIGFzIGEgIlJlbW90ZS1BY2Nlc3MgVlBOIENsaWVudCBQQyIsDQojICBzcGVjaWZ5ICdkZXYgdHVuJy4gKExheWVyLTMgSVAgUm91dGluZyBNb2RlKQ0KIw0KIyBUbyBjb25uZWN0IHRvIHRoZSBWUE4gU2VydmVyIGFzIGEgYnJpZGdpbmcgZXF1aXBtZW50IG9mICJTaXRlLXRvLVNpdGUgVlBOIiwNCiMgIHNwZWNpZnkgJ2RldiB0YXAnLiAoTGF5ZXItMiBFdGhlcm5ldCBCcmlkZ2luZSBNb2RlKQ0KDQpkZXYgdHVuDQoNCg0KIyMjIyMjIyMjIyMjIyMjIyMjIyMjIyMjIyMjIyMjIyMjIyMjIyMjIyMjIyMjIyMjIyMjIyMjIyMjIyMjIyMjIyMjIyMjIyMjIyMjIyMjIw0KIyBTcGVjaWZ5IHRoZSB1bmRlcmx5aW5nIHByb3RvY29sIGJleW9uZCB0aGUgSW50ZXJuZXQuDQojIE5vdGUgdGhhdCB0aGlzIHNldHRpbmcgbXVzdCBiZSBjb3JyZXNwb25kIHdpdGggdGhlIGxpc3RlbmluZyBzZXR0aW5nIG9uDQojIHRoZSBWUE4gU2VydmVyLg0KIyANCiMgU3BlY2lmeSBlaXRoZXIgJ3Byb3RvIHRjcCcgb3IgJ3Byb3RvIHVkcCcuDQoNCnByb3RvIHRjcA0KDQoNCiMjIyMjIyMjIyMjIyMjIyMjIyMjIyMjIyMjIyMjIyMjIyMjIyMjIyMjIyMjIyMjIyMjIyMjIyMjIyMjIyMjIyMjIyMjIyMjIyMjIyMjIyMNCiMgVGhlIGRlc3RpbmF0aW9uIGhvc3RuYW1lIC8gSVAgYWRkcmVzcywgYW5kIHBvcnQgbnVtYmVyIG9mDQojIHRoZSB0YXJnZXQgVlBOIFNlcnZlci4NCiMgDQojIFlvdSBoYXZlIHRvIHNwZWNpZnkgYXMgJ3JlbW90ZSA8SE9TVE5BTUU+IDxQT1JUPicuIFlvdSBjYW4gYWxzbw0KIyBzcGVjaWZ5IHRoZSBJUCBhZGRyZXNzIGluc3RlYWQgb2YgdGhlIGhvc3RuYW1lLg0KIyANCiMgTm90ZSB0aGF0IHRoZSBhdXRvLWdlbmVyYXRlZCBiZWxvdyBob3N0bmFtZSBhcmUgYSAiYXV0by1kZXRlY3RlZA0KIyBJUCBhZGRyZXNzIiBvZiB0aGUgVlBOIFNlcnZlci4gWW91IGhhdmUgdG8gY29uZmlybSB0aGUgY29ycmVjdG5lc3MNCiMgYmVmb3JlaGFuZC4NCiMgDQojIFdoZW4geW91IHdhbnQgdG8gY29ubmVjdCB0byB0aGUgVlBOIFNlcnZlciBieSB1c2luZyBUQ1AgcHJvdG9jb2wsDQojIHRoZSBwb3J0IG51bWJlciBvZiB0aGUgZGVzdGluYXRpb24gVENQIHBvcnQgc2hvdWxkIGJlIHNhbWUgYXMgb25lIG9mDQojIHRoZSBhdmFpbGFibGUgVENQIGxpc3RlbmVycyBvbiB0aGUgVlBOIFNlcnZlci4NCiMgDQojIFdoZW4geW91IHVzZSBVRFAgcHJvdG9jb2wsIHRoZSBwb3J0IG51bWJlciBtdXN0IHNhbWUgYXMgdGhlIGNvbmZpZ3VyYXRpb24NCiMgc2V0dGluZyBvZiAiT3BlblZQTiBTZXJ2ZXIgQ29tcGF0aWJsZSBGdW5jdGlvbiIgb24gdGhlIFZQTiBTZXJ2ZXIuDQoNCnJlbW90ZSA2MS44My4xNTUuNyA5OTUNCg0KDQojIyMjIyMjIyMjIyMjIyMjIyMjIyMjIyMjIyMjIyMjIyMjIyMjIyMjIyMjIyMjIyMjIyMjIyMjIyMjIyMjIyMjIyMjIyMjIyMjIyMjIyMjDQojIFRoZSBIVFRQL0hUVFBTIHByb3h5IHNldHRpbmcuDQojIA0KIyBPbmx5IGlmIHlvdSBoYXZlIHRvIHVzZSB0aGUgSW50ZXJuZXQgdmlhIGEgcHJveHksIHVuY29tbWVudCB0aGUgYmVsb3cNCiMgdHdvIGxpbmVzIGFuZCBzcGVjaWZ5IHRoZSBwcm94eSBhZGRyZXNzIGFuZCB0aGUgcG9ydCBudW1iZXIuDQojIEluIHRoZSBjYXNlIG9mIHVzaW5nIHByb3h5LWF1dGhlbnRpY2F0aW9uLCByZWZlciB0aGUgT3BlblZQTiBtYW51YWwuDQoNCjtodHRwLXByb3h5LXJldHJ5DQo7aHR0cC1wcm94eSBbcHJveHkgc2VydmVyXSBbcHJveHkgcG9ydF0NCg0KDQojIyMjIyMjIyMjIyMjIyMjIyMjIyMjIyMjIyMjIyMjIyMjIyMjIyMjIyMjIyMjIyMjIyMjIyMjIyMjIyMjIyMjIyMjIyMjIyMjIyMjIyMjDQojIFRoZSBlbmNyeXB0aW9uIGFuZCBhdXRoZW50aWNhdGlvbiBhbGdvcml0aG0uDQojIA0KIyBEZWZhdWx0IHNldHRpbmcgaXMgZ29vZC4gTW9kaWZ5IGl0IGFzIHlvdSBwcmVmZXIuDQojIFdoZW4geW91IHNwZWNpZnkgYW4gdW5zdXBwb3J0ZWQgYWxnb3JpdGhtLCB0aGUgZXJyb3Igd2lsbCBvY2N1ci4NCiMgDQojIFRoZSBzdXBwb3J0ZWQgYWxnb3JpdGhtcyBhcmUgYXMgZm9sbG93czoNCiMgIGNpcGhlcjogW05VTEwtQ0lQSEVSXSBOVUxMIEFFUy0xMjgtQ0JDIEFFUy0xOTItQ0JDIEFFUy0yNTYtQ0JDIEJGLUNCQw0KIyAgICAgICAgICBDQVNULUNCQyBDQVNUNS1DQkMgREVTLUNCQyBERVMtRURFLUNCQyBERVMtRURFMy1DQkMgREVTWC1DQkMNCiMgICAgICAgICAgUkMyLTQwLUNCQyBSQzItNjQtQ0JDIFJDMi1DQkMNCiMgIGF1dGg6ICAgU0hBIFNIQTEgTUQ1IE1ENCBSTUQxNjANCg0KY2lwaGVyIEFFUy0xMjgtQ0JDDQphdXRoIFNIQTENCg0KDQojIyMjIyMjIyMjIyMjIyMjIyMjIyMjIyMjIyMjIyMjIyMjIyMjIyMjIyMjIyMjIyMjIyMjIyMjIyMjIyMjIyMjIyMjIyMjIyMjIyMjIyMjDQojIE90aGVyIHBhcmFtZXRlcnMgbmVjZXNzYXJ5IHRvIGNvbm5lY3QgdG8gdGhlIFZQTiBTZXJ2ZXIuDQojIA0KIyBJdCBpcyBub3QgcmVjb21tZW5kZWQgdG8gbW9kaWZ5IGl0IHVubGVzcyB5b3UgaGF2ZSBhIHBhcnRpY3VsYXIgbmVlZC4NCg0KcmVzb2x2LXJldHJ5IGluZmluaXRlDQpub2JpbmQNCnBlcnNpc3Qta2V5DQpwZXJzaXN0LXR1bg0KY2xpZW50DQp2ZXJiIDMNCiNhdXRoLXVzZXItcGFzcw0KDQoNCiMjIyMjIyMjIyMjIyMjIyMjIyMjIyMjIyMjIyMjIyMjIyMjIyMjIyMjIyMjIyMjIyMjIyMjIyMjIyMjIyMjIyMjIyMjIyMjIyMjIyMjIyMNCiMgVGhlIGNlcnRpZmljYXRlIGZpbGUgb2YgdGhlIGRlc3RpbmF0aW9uIFZQTiBTZXJ2ZXIuDQojIA0KIyBUaGUgQ0EgY2VydGlmaWNhdGUgZmlsZSBpcyBlbWJlZGRlZCBpbiB0aGUgaW5saW5lIGZvcm1hdC4NCiMgWW91IGNhbiByZXBsYWNlIHRoaXMgQ0EgY29udGVudHMgaWYgbmVjZXNzYXJ5Lg0KIyBQbGVhc2Ugbm90ZSB0aGF0IGlmIHRoZSBzZXJ2ZXIgY2VydGlmaWNhdGUgaXMgbm90IGEgc2VsZi1zaWduZWQsIHlvdSBoYXZlIHRvDQojIHNwZWNpZnkgdGhlIHNpZ25lcidzIHJvb3QgY2VydGlmaWNhdGUgKENBKSBoZXJlLg0KDQo8Y2E+DQotLS0tLUJFR0lOIENFUlRJRklDQVRFLS0tLS0NCk1JSUZhekNDQTFPZ0F3SUJBZ0lSQUlJUXo3RFNRT05aUkdQZ3UyT0Npd0F3RFFZSktvWklodmNOQVFFTEJRQXcNClR6RUxNQWtHQTFVRUJoTUNWVk14S1RBbkJnTlZCQW9USUVsdWRHVnlibVYwSUZObFkzVnlhWFI1SUZKbGMyVmgNCmNtTm9JRWR5YjNWd01SVXdFd1lEVlFRREV3eEpVMUpISUZKdmIzUWdXREV3SGhjTk1UVXdOakEwTVRFd05ETTQNCldoY05NelV3TmpBME1URXdORE00V2pCUE1Rc3dDUVlEVlFRR0V3SlZVekVwTUNjR0ExVUVDaE1nU1c1MFpYSnUNClpYUWdVMlZqZFhKcGRIa2dVbVZ6WldGeVkyZ2dSM0p2ZFhBeEZUQVRCZ05WQkFNVERFbFRVa2NnVW05dmRDQlkNCk1UQ0NBaUl3RFFZSktvWklodmNOQVFFQkJRQURnZ0lQQURDQ0Fnb0NnZ0lCQUszb0pIUDBGRGZ6bTU0clZ5Z2MNCmg3N2N0OTg0a0l4dVBPWlhvSGozZGNLaS92VnFidllBVHlqYjNtaUdiRVNUdHJGai9SUVNhNzhmMHVveG15RisNCjBUTTh1a2oxM1huZnM3ai9FdkVobWt2QmlvWnhhVXBtWm15UGZqeHd2NjBwSWdiejVNRG1nSzdpUzQrM21YNlUNCkE1L1RSNWQ4bVVnalUrZzRyazhLYjRNdTBVbFhqSUIwdHRvdjBEaU5ld053SVJ0MThqQTgrbyt1M2RwanErc1cNClQ4S09FVXQrend2by83VjNMdlN5ZTByZ1RCSWxESENOQXltZzRWTWs3QlBaN2htL0VMTktqRCtKbzJGUjNxeUgNCkI1VDBZM0hzTHVKdlc1aUI0WWxjTkhsc2R1ODdrR0o1NXR1a21pOG14ZEFRNFE3ZTJSQ09GdnUzOTZqM3grVUMNCkI1aVBOZ2lWNStJM2xnMDJkWjc3RG5LeEhadThBL2xKQmRpQjNRVzBLdFpCNmF3QmRwVUtEOWpmMWIwU0h6VXYNCktCZHMwcGpCcUFsa2QyNUhON3JPckZsZWFKMS9jdGFKeFFaQktUNVpQdDBtOVNUSkVhZGFvMHhBSDBhaG1iV24NCk9sRnVoanVlZlhLbkVnVjRXZTArVVhnVkN3T1BqZEF2QmJJK2Uwb2NTM01GRXZ6RzZ1QlFFM3hEazNTenluVG4NCmpoOEJDTkF3MUZ0eE5yUUh1c0V3TUZ4SXQ0STdtS1o5WUlxaW95bUN6THE5Z3dRYm9vTURRYUhXQmZFYndyYncNCnFIeUdPMGFvU0NxSTNIYWFkcjhmYXFVOUdZL3JPUE5rM3NnckRRb28vL2ZiNGhWQzFDTFFKMTNoZWY0WTUzQ0kNCnJVN20yWXM2eHQwblVXNy92R1QxTTBOUEFnTUJBQUdqUWpCQU1BNEdBMVVkRHdFQi93UUVBd0lCQmpBUEJnTlYNCkhSTUJBZjhFQlRBREFRSC9NQjBHQTFVZERnUVdCQlI1dEZubWU3Ymw1QUZ6Z0FpSXlCcFk5dW1iYmpBTkJna3ENCmhraUc5dzBCQVFzRkFBT0NBZ0VBVlI5WXFieXlxRkRRRExIWUdta2dKeWtJckdGMVhJcHUrSUxsYVMvVjlsWkwNCnViaHpFRm5USVpkKzUweHgrN0xTWUswNXFBdnFGeUZXaGZGUURsbnJ6dUJaNmJySkZlK0duWStFZ1BiazZaR1ENCjNCZWJZaHRGOEdhVjBueHZ3dW83N3gvUHk5YXVKL0dwc01pdS9YMSttdm9pQk92LzJYL3FrU3Npc1JjT2ovS0sNCk5GdFkyUHdCeVZTNXVDYk1pb2d6aVV3dGhEeUMzKzZXVndXNkxMdjN4TGZIVGp1Q3ZqSElJbk56a3RIQ2dLUTUNCk9SQXpJNEpNUEorR3NsV1lIYjRwaG93aW01N2lhenRYT29Kd1Rkd0p4NG5MQ2dkTmJPaGRqc252enF2SHU3VXINClRrWFdTdEFtek9WeXlnaHFwWlhqRmFIM3BPM0pMRitsKy8rc0tBSXV2dGQ3dStOeGU1QVcwd2RlUmxOOE53ZEMNCmpOUEVscHpWbWJVcTRKVWFnRWl1VERrSHpzeEhwRktWSzdxNCs2M1NNMU45NVIxTmJkV2hzY2RDYitaQUp6VmMNCm95aTNCNDNualRPUTV5T2YrMUNjZVd4RzFiUVZzNVp1ZnBzTWxqcTRVaTAvMWx2aCt3akNoUDRrcUtPSjJxeHENCjRSZ3FzYWhEWVZ2VEg5dzdqWGJ5TGVpTmRkOFhNMnc5VS90N3kwRmYvOXlpMEdFNDRaYTRyRjJMTjlkMTFUUEENCm1SR3VuVUhCY25XRXZnSkJRbDluSkVpVTBac252Z2MvdWJoUGdYUlI0WHEzN1owajRyN2cxU2dFRXp3eEE1N2QNCmVteVB4Z2NZeG4vZVI0NC9LSjRFQnMrbFZEUjN2ZXlKbStrWFE5OWIyMS8ramg1WG9zMUFuWDVpSXRyZUdDYz0NCi0tLS0tRU5EIENFUlRJRklDQVRFLS0tLS0NCg0KPC9jYT4NCg0KDQojIyMjIyMjIyMjIyMjIyMjIyMjIyMjIyMjIyMjIyMjIyMjIyMjIyMjIyMjIyMjIyMjIyMjIyMjIyMjIyMjIyMjIyMjIyMjIyMjIyMjIyMjDQojIFRoZSBjbGllbnQgY2VydGlmaWNhdGUgZmlsZSAoZHVtbXkpLg0KIyANCiMgSW4gc29tZSBpbXBsZW1lbnRhdGlvbnMgb2YgT3BlblZQTiBDbGllbnQgc29mdHdhcmUNCiMgKGZvciBleGFtcGxlOiBPcGVuVlBOIENsaWVudCBmb3IgaU9TKSwNCiMgYSBwYWlyIG9mIGNsaWVudCBjZXJ0aWZpY2F0ZSBhbmQgcHJpdmF0ZSBrZXkgbXVzdCBiZSBpbmNsdWRlZCBvbiB0aGUNCiMgY29uZmlndXJhdGlvbiBmaWxlIGR1ZSB0byB0aGUgbGltaXRhdGlvbiBvZiB0aGUgY2xpZW50Lg0KIyBTbyB0aGlzIHNhbXBsZSBjb25maWd1cmF0aW9uIGZpbGUgaGFzIGEgZHVtbXkgcGFpciBvZiBjbGllbnQgY2VydGlmaWNhdGUNCiMgYW5kIHByaXZhdGUga2V5IGFzIGZvbGxvd3MuDQoNCjxjZXJ0Pg0KLS0tLS1CRUdJTiBDRVJUSUZJQ0FURS0tLS0tDQpNSUlDeGpDQ0FhNENBUUF3RFFZSktvWklodmNOQVFFRkJRQXdLVEVhTUJnR0ExVUVBeE1SVmxCT1IyRjBaVU5zDQphV1Z1ZEVObGNuUXhDekFKQmdOVkJBWVRBa3BRTUI0WERURXpNREl4TVRBek5EazBPVm9YRFRNM01ERXhPVEF6DQpNVFF3TjFvd0tURWFNQmdHQTFVRUF4TVJWbEJPUjJGMFpVTnNhV1Z1ZEVObGNuUXhDekFKQmdOVkJBWVRBa3BRDQpNSUlCSWpBTkJna3Foa2lHOXcwQkFRRUZBQU9DQVE4QU1JSUJDZ0tDQVFFQTVoMmxnUVFZVWp3b0tZSmJ6VlpBDQo1VmNJR2Q1b3RQYy9xWlJNdDBLSXRDRkEwczlSd1JlTlZhOWZEUkZMUkJoY0lUT2x2M0ZCY1czRThoMVVzN1JEDQo0VzhHbUplOHphcEpuTHNEMzlPU01SQ3paSm5jelc0T0NIMVBaUlpXS3FEdGpsTmNhOUFGOGE2NWpUbWxEeENRDQpDam50TElXazVPTExWa0Z0OS90U2NjMUdEdGNpNTVvZmhhTkFZTVBpSDdWOCsxZzY2cEdIWEFvV0s2QVFWSDY3DQpYQ0tKbkdCNW5sUStIc01ZUFYvTzQ5TGQ5MVpOLzJ0SGtjYUxMeU50eXd4VlBSU3NSaDQ4MGpqdTBmY0NzdjZoDQpwLzB5WG5UQi8vbVd1dEJHcGRVbElid2lJVGJBbXJzYlluamlnUnZuUHFYMVJOSlViaTlGcDZDMmMvSElGSkdEDQp5d0lEQVFBQk1BMEdDU3FHU0liM0RRRUJCUVVBQTRJQkFRQ2hPNWhnY3cvNG9XZm9FRkx1OWtCYTFCLy9reEg4DQpoUWtDaFZObjhCUkM3WTBVUlFpdFBsM0RLRWVkOVVSQkRkZzJLT0F6NzdiYjZFTlBpbGlEK2EzOFVKSElSTXFlDQpVQkhobGxPSEl6dkRoSEZiYW92QUxCUWNlZUJ6ZGtReHNLUUVTS21RbVI4MzI5NTBVQ292b3lSQjYxVXlBVjdoDQorbVpoWVBHUktYS1NKSTZzMEVnZy9DcmkrQ3drNGJqSmZyYjVoVnNlMTF5aDREOU1IaHdTZkNPSCswejRoUFVUDQpGa3U3ZEdhdlVSTzVTVnhNbi9zTDZFbjVEK29TZVhrYWRIcERzK0FpcnltMllIaDE1aDAralBTT29SNnlpVnAvDQo2elplWmtyTjQza3VTNzNLcEtERmpmRlBoOHQ0cjFnT0lqdHRrTmNRcUJjY3VzbnBsUTdISnBzaw0KLS0tLS1FTkQgQ0VSVElGSUNBVEUtLS0tLQ0KDQo8L2NlcnQ+DQoNCjxrZXk+DQotLS0tLUJFR0lOIFJTQSBQUklWQVRFIEtFWS0tLS0tDQpNSUlFcEFJQkFBS0NBUUVBNWgybGdRUVlVandvS1lKYnpWWkE1VmNJR2Q1b3RQYy9xWlJNdDBLSXRDRkEwczlSDQp3UmVOVmE5ZkRSRkxSQmhjSVRPbHYzRkJjVzNFOGgxVXM3UkQ0VzhHbUplOHphcEpuTHNEMzlPU01SQ3paSm5jDQp6VzRPQ0gxUFpSWldLcUR0amxOY2E5QUY4YTY1alRtbER4Q1FDam50TElXazVPTExWa0Z0OS90U2NjMUdEdGNpDQo1NW9maGFOQVlNUGlIN1Y4KzFnNjZwR0hYQW9XSzZBUVZINjdYQ0tKbkdCNW5sUStIc01ZUFYvTzQ5TGQ5MVpODQovMnRIa2NhTEx5TnR5d3hWUFJTc1JoNDgwamp1MGZjQ3N2NmhwLzB5WG5UQi8vbVd1dEJHcGRVbElid2lJVGJBDQptcnNiWW5qaWdSdm5QcVgxUk5KVWJpOUZwNkMyYy9ISUZKR0R5d0lEQVFBQkFvSUJBRVJWN1g1QXZ4QTh1UmlLDQprOFNJcHNEMGRYMXBKT01Jd2FrVVZ5dmM0RWZOMERoS1JOYjRyWW9TaUVHVEx5ekxweUJjL0EyOERsa201ZU9ZDQpmanpYZllrR3RZaS9GdHhrZzNPOXZjck1RNCs2aSt1R0hhSUwyckwrczRNcmZPOHYxeHY2K1dreTMzRUVHQ291DQpRaXdWR1JGUVhuUm9RNjJOQkNGYlVOTGhtWHdkajFha1p6TFU0cDVSNHpBM1FoZHh3RUlhdFZMdDArN293TFEzDQpsUDhzZlhocHBQT1hqVHFNRDRRa1l3elBBYTgvekY3YWNuNGtyeXJVUDdRNlBBZmQwekVWcU55OVpDWjlmZmhvDQp6WGVkRmo0ODZJRm9jNWduVHAyTjZqc25WajRMQ0dJaGxWSGxZR296S0tGcUpjUVZHc0hDcXExb3oyempXNkxTDQpvUllJSGdFQ2dZRUE4elpya0N3TllTWEp1T0RKM20vaE9MVnhjeGdKdXdYb2lFcldkMEU0MnZQYW5qalZNaG50DQpLWTVsOHFHTUo2RmhLOUxZeDJxQ3JmL0UwWHRVQVoyd1ZxM09SVHlHbnNNV3JlOXRMWXM1NVgrWk4xMFRjNzV6DQo0aGFjYlUwaHFLTjFIaURtc01SWTMvMk5hWkhveTdNS253SkpCYUc0OGw5Q0NUbFZ3TUhvY0lFQ2dZRUE4amJ5DQpkR2p4VEgrNlhIV05pemI1U1JiWnhBbnlFZUplUndUTWgwZ0d6d0dQcEgvc1pZR3p5dTBTeVNYV0NuWmgzUmdxDQo1dUxsTnh0clhybGpabHlpMm5RZFFnc3EyWXJXVXMwK3pnVSsyMnVRc1pwU0FmdG1oVnJ0dmV0Nk1qVmpiQnlZDQpEQURjaUVWVWRKWUlYaytxbkZVSnllcm9MSWtUajdXWUtaNlJqa3NDZ1lCb0NGSXdSRGVnNDJvSzg5UkZtbk9yDQpMeW1OQXE0KzJvTWhzV2xWYjRlaldJV2VBazluYytHWFVmclhzelJoUzAxbVVuVTVyNXlnVXZSY2FyVi9UM1U3DQpUbk1aK0k3WTREZ1dSSURkNTF6bmh4SUJ0WVY1ai9DL3Q4NUhqcU9rSCs4YjZSVGtiY2hhWDNtYXU3ZnBVZmRzDQpGcTBuaElxNDJmaEVPOHNyZllZd2dRS0JnUUN5aGkxTi84dGFSd3BrKzMvSURFelF3amJmZHpVa1dXU0RrOVhzDQpIL3BrdVJIV2ZUTVAzZmxXcUVZZ1cvTFc0MHBlVzJIRHE1aW1kVjgrQWdaeGUvWE1iYWppOUxnd2YxUlkwMDVuDQpLeGFaUXo3eXFIdXBXbExHRjY4RFBIeGtaVlZTYWdEblYvc3p0V1g2U0ZzQ3FGVm54SVhpZlhHQzRjVzVObTlnDQp2YThxNFFLQmdRQ0VoTFZlVWZkd0t2a1o5NGcvR0Z6NzMxWjJocmRWaGdNWmFVL3U2dDBWOTUrWWV6UE5DUVpCDQp3bUU5TW1sYnExZW1EZVJPaXZqQ2ZvR2hSM2taWFcxcFRLbExoNlpNVVFVT3BwdGRYdmE4WHhmb3FRd2EzZW5BDQpNN211QmJGMFhON1ZPODBpSlB2K1BtSVpkRUlBa3B3S2ZpMjAxWUIrQmFmQ0l1R3hJRjUwVmc9PQ0KLS0tLS1FTkQgUlNBIFBSSVZBVEUgS0VZLS0tLS0NCg0KPC9rZXk+DQoNCg==
vpn727392058,175.192.42.117,569787,31,31728525,Korea Republic of,KR,15,0,1175326,95708201310944,2weeks,MS's owner,,IyMjIyMjIyMjIyMjIyMjIyMjIyMjIyMjIyMjIyMjIyMjIyMjIyMjIyMjIyMjIyMjIyMjIyMjIyMjIyMjIyMjIyMjIyMjIyMjIyMjIyMjIw0KIyBPcGVuVlBOIDIuMCBTYW1wbGUgQ29uZmlndXJhdGlvbiBGaWxlDQojIGZvciBQYWNrZXRpWCBWUE4gLyBTb2Z0RXRoZXIgVlBOIFNlcnZlcg0KIyANCiMgISEhIEFVVE8tR0VORVJBVEVEIEJZIFNPRlRFVEhFUiBWUE4gU0VSVkVSIE1BTkFHRU1FTlQgVE9PTCAhISENCiMgDQojICEhISBZT1UgSEFWRSBUTyBSRVZJRVcgSVQgQkVGT1JFIFVTRSBBTkQgTU9ESUZZIElUIEFTIE5FQ0VTU0FSWSAhISENCiMgDQojIFRoaXMgY29uZmlndXJhdGlvbiBmaWxlIGlzIGF1dG8tZ2VuZXJhdGVkLiBZb3UgbWlnaHQgdXNlIHRoaXMgY29uZmlnIGZpbGUNCiMgaW4gb3JkZXIgdG8gY29ubmVjdCB0byB0aGUgUGFja2V0aVggVlBOIC8gU29mdEV0aGVyIFZQTiBTZXJ2ZXIuDQojIEhvd2V2ZXIsIGJlZm9yZSB5b3UgdHJ5IGl0LCB5b3Ugc2hvdWxkIHJldmlldyB0aGUgZGVzY3JpcHRpb25zIG9mIHRoZSBmaWxlDQojIHRvIGRldGVybWluZSB0aGUgbmVjZXNzaXR5IHRvIG1vZGlmeSB0byBzdWl0YWJsZSBmb3IgeW91ciByZWFsIGVudmlyb25tZW50Lg0KIyBJZiBuZWNlc3NhcnksIHlvdSBoYXZlIHRvIG1vZGlmeSBhIGxpdHRsZSBhZGVxdWF0ZWx5IG9uIHRoZSBmaWxlLg0KIyBGb3IgZXhhbXBsZSwgdGhlIElQIGFkZHJlc3Mgb3IgdGhlIGhvc3RuYW1lIGFzIGEgZGVzdGluYXRpb24gVlBOIFNlcnZlcg0KIyBzaG91bGQgYmUgY29uZmlybWVkLg0KIyANCiMgTm90ZSB0aGF0IHRvIHVzZSBPcGVuVlBOIDIuMCwgeW91IGhhdmUgdG8gcHV0IHRoZSBjZXJ0aWZpY2F0aW9uIGZpbGUgb2YNCiMgdGhlIGRlc3RpbmF0aW9uIFZQTiBTZXJ2ZXIgb24gdGhlIE9wZW5WUE4gQ2xpZW50IGNvbXB1dGVyIHdoZW4geW91IHVzZSB0aGlzDQojIGNvbmZpZyBmaWxlLiBQbGVhc2UgcmVmZXIgdGhlIGJlbG93IGRlc2NyaXB0aW9ucyBjYXJlZnVsbHkuDQoNCg0KIyMjIyMjIyMjIyMjIyMjIyMjIyMjIyMjIyMjIyMjIyMjIyMjIyMjIyMjIyMjIyMjIyMjIyMjIyMjIyMjIyMjIyMjIyMjIyMjIyMjIyMjIw0KIyBTcGVjaWZ5IHRoZSB0eXBlIG9mIHRoZSBsYXllciBvZiB0aGUgVlBOIGNvbm5lY3Rpb24uDQojIA0KIyBUbyBjb25uZWN0IHRvIHRoZSBWUE4gU2VydmVyIGFzIGEgIlJlbW90ZS1BY2Nlc3MgVlBOIENsaWVudCBQQyIsDQojICBzcGVjaWZ5ICdkZXYgdHVuJy4gKExheWVyLTMgSVAgUm91dGluZyBNb2RlKQ0KIw0KIyBUbyBjb25uZWN0IHRvIHRoZSBWUE4gU2VydmVyIGFzIGEgYnJpZGdpbmcgZXF1aXBtZW50IG9mICJTaXRlLXRvLVNpdGUgVlBOIiwNCiMgIHNwZWNpZnkgJ2RldiB0YXAnLiAoTGF5ZXItMiBFdGhlcm5ldCBCcmlkZ2luZSBNb2RlKQ0KDQpkZXYgdHVuDQoNCg0KIyMjIyMjIyMjIyMjIyMjIyMjIyMjIyMjIyMjIyMjIyMjIyMjIyMjIyMjIyMjIyMjIyMjIyMjIyMjIyMjIyMjIyMjIyMjIyMjIyMjIyMjIw0KIyBTcGVjaWZ5IHRoZSB1bmRlcmx5aW5nIHByb3RvY29sIGJleW9uZCB0aGUgSW50ZXJuZXQuDQojIE5vdGUgdGhhdCB0aGlzIHNldHRpbmcgbXVzdCBiZSBjb3JyZXNwb25kIHdpdGggdGhlIGxpc3RlbmluZyBzZXR0aW5nIG9uDQojIHRoZSBWUE4gU2VydmVyLg0KIyANCiMgU3BlY2lmeSBlaXRoZXIgJ3Byb3RvIHRjcCcgb3IgJ3Byb3RvIHVkcCcuDQoNCnByb3RvIHRjcA0KDQoNCiMjIyMjIyMjIyMjIyMjIyMjIyMjIyMjIyMjIyMjIyMjIyMjIyMjIyMjIyMjIyMjIyMjIyMjIyMjIyMjIyMjIyMjIyMjIyMjIyMjIyMjIyMNCiMgVGhlIGRlc3RpbmF0aW9uIGhvc3RuYW1lIC8gSVAgYWRkcmVzcywgYW5kIHBvcnQgbnVtYmVyIG9mDQojIHRoZSB0YXJnZXQgVlBOIFNlcnZlci4NCiMgDQojIFlvdSBoYXZlIHRvIHNwZWNpZnkgYXMgJ3JlbW90ZSA8SE9TVE5BTUU+IDxQT1JUPicuIFlvdSBjYW4gYWxzbw0KIyBzcGVjaWZ5IHRoZSBJUCBhZGRyZXNzIGluc3RlYWQgb2YgdGhlIGhvc3RuYW1lLg0KIyANCiMgTm90ZSB0aGF0IHRoZSBhdXRvLWdlbmVyYXRlZCBiZWxvdyBob3N0bmFtZSBhcmUgYSAiYXV0by1kZXRlY3RlZA0KIyBJUCBhZGRyZXNzIiBvZiB0aGUgVlBOIFNlcnZlci4gWW91IGhhdmUgdG8gY29uZmlybSB0aGUgY29ycmVjdG5lc3MNCiMgYmVmb3JlaGFuZC4NCiMgDQojIFdoZW4geW91IHdhbnQgdG8gY29ubmVjdCB0byB0aGUgVlBOIFNlcnZlciBieSB1c2luZyBUQ1AgcHJvdG9jb2wsDQojIHRoZSBwb3J0IG51bWJlciBvZiB0aGUgZGVzdGluYXRpb24gVENQIHBvcnQgc2hvdWxkIGJlIHNhbWUgYXMgb25lIG9mDQojIHRoZSBhdmFpbGFibGUgVENQIGxpc3RlbmVycyBvbiB0aGUgVlBOIFNlcnZlci4NCiMgDQojIFdoZW4geW91IHVzZSBVRFAgcHJvdG9jb2wsIHRoZSBwb3J0IG51bWJlciBtdXN0IHNhbWUgYXMgdGhlIGNvbmZpZ3VyYXRpb24NCiMgc2V0dGluZyBvZiAiT3BlblZQTiBTZXJ2ZXIgQ29tcGF0aWJsZSBGdW5jdGlvbiIgb24gdGhlIFZQTiBTZXJ2ZXIuDQoNCnJlbW90ZSAxNzUuMTkyLjQyLjExNyA5OTUNCg0KDQojIyMjIyMjIyMjIyMjIyMjIyMjIyMjIyMjIyMjIyMjIyMjIyMjIyMjIyMjIyMjIyMjIyMjIyMjIyMjIyMjIyMjIyMjIyMjIyMjIyMjIyMjDQojIFRoZSBIVFRQL0hUVFBTIHByb3h5IHNldHRpbmcuDQojIA0KIyBPbmx5IGlmIHlvdSBoYXZlIHRvIHVzZSB0aGUgSW50ZXJuZXQgdmlhIGEgcHJveHksIHVuY29tbWVudCB0aGUgYmVsb3cNCiMgdHdvIGxpbmVzIGFuZCBzcGVjaWZ5IHRoZSBwcm94eSBhZGRyZXNzIGFuZCB0aGUgcG9ydCBudW1iZXIuDQojIEluIHRoZSBjYXNlIG9mIHVzaW5nIHByb3h5LWF1dGhlbnRpY2F0aW9uLCByZWZlciB0aGUgT3BlblZQTiBtYW51YWwuDQoNCjtodHRwLXByb3h5LXJldHJ5DQo7aHR0cC1wcm94eSBbcHJveHkgc2VydmVyXSBbcHJveHkgcG9ydF0NCg0KDQojIyMjIyMjIyMjIyMjIyMjIyMjIyMjIyMjIyMjIyMjIyMjIyMjIyMjIyMjIyMjIyMjIyMjIyMjIyMjIyMjIyMjIyMjIyMjIyMjIyMjIyMjDQojIFRoZSBlbmNyeXB0aW9uIGFuZCBhdXRoZW50aWNhdGlvbiBhbGdvcml0aG0uDQojIA0KIyBEZWZhdWx0IHNldHRpbmcgaXMgZ29vZC4gTW9kaWZ5IGl0IGFzIHlvdSBwcmVmZXIuDQojIFdoZW4geW91IHNwZWNpZnkgYW4gdW5zdXBwb3J0ZWQgYWxnb3JpdGhtLCB0aGUgZXJyb3Igd2lsbCBvY2N1ci4NCiMgDQojIFRoZSBzdXBwb3J0ZWQgYWxnb3JpdGhtcyBhcmUgYXMgZm9sbG93czoNCiMgIGNpcGhlcjogW05VTEwtQ0lQSEVSXSBOVUxMIEFFUy0xMjgtQ0JDIEFFUy0xOTItQ0JDIEFFUy0yNTYtQ0JDIEJGLUNCQw0KIyAgICAgICAgICBDQVNULUNCQyBDQVNUNS1DQkMgREVTLUNCQyBERVMtRURFLUNCQyBERVMtRURFMy1DQkMgREVTWC1DQkMNCiMgICAgICAgICAgUkMyLTQwLUNCQyBSQzItNjQtQ0JDIFJDMi1DQkMNCiMgIGF1dGg6ICAgU0hBIFNIQTEgTUQ1IE1ENCBSTUQxNjANCg0KY2lwaGVyIEFFUy0xMjgtQ0JDDQphdXRoIFNIQTENCg0KDQojIyMjIyMjIyMjIyMjIyMjIyMjIyMjIyMjIyMjIyMjIyMjIyMjIyMjIyMjIyMjIyMjIyMjIyMjIyMjIyMjIyMjIyMjIyMjIyMjIyMjIyMjDQojIE90aGVyIHBhcmFtZXRlcnMgbmVjZXNzYXJ5IHRvIGNvbm5lY3QgdG8gdGhlIFZQTiBTZXJ2ZXIuDQojIA0KIyBJdCBpcyBub3QgcmVjb21tZW5kZWQgdG8gbW9kaWZ5IGl0IHVubGVzcyB5b3UgaGF2ZSBhIHBhcnRpY3VsYXIgbmVlZC4NCg0KcmVzb2x2LXJldHJ5IGluZmluaXRlDQpub2JpbmQNCnBlcnNpc3Qta2V5DQpwZXJzaXN0LXR1bg0KY2xpZW50DQp2ZXJiIDMNCiNhdXRoLXVzZXItcGFzcw0KDQoNCiMjIyMjIyMjIyMjIyMjIyMjIyMjIyMjIyMjIyMjIyMjIyMjIyMjIyMjIyMjIyMjIyMjIyMjIyMjIyMjIyMjIyMjIyMjIyMjIyMjIyMjIyMNCiMgVGhlIGNlcnRpZmljYXRlIGZpbGUgb2YgdGhlIGRlc3RpbmF0aW9uIFZQTiBTZXJ2ZXIuDQojIA0KIyBUaGUgQ0EgY2VydGlmaWNhdGUgZmlsZSBpcyBlbWJlZGRlZCBpbiB0aGUgaW5saW5lIGZvcm1hdC4NCiMgWW91IGNhbiByZXBsYWNlIHRoaXMgQ0EgY29udGVudHMgaWYgbmVjZXNzYXJ5Lg0KIyBQbGVhc2Ugbm90ZSB0aGF0IGlmIHRoZSBzZXJ2ZXIgY2VydGlmaWNhdGUgaXMgbm90IGEgc2VsZi1zaWduZWQsIHlvdSBoYXZlIHRvDQojIHNwZWNpZnkgdGhlIHNpZ25lcidzIHJvb3QgY2VydGlmaWNhdGUgKENBKSBoZXJlLg0KDQo8Y2E+DQotLS0tLUJFR0lOIENFUlRJRklDQVRFLS0tLS0NCk1JSUZhekNDQTFPZ0F3SUJBZ0lSQUlJUXo3RFNRT05aUkdQZ3UyT0Npd0F3RFFZSktvWklodmNOQVFFTEJRQXcNClR6RUxNQWtHQTFVRUJoTUNWVk14S1RBbkJnTlZCQW9USUVsdWRHVnlibVYwSUZObFkzVnlhWFI1SUZKbGMyVmgNCmNtTm9JRWR5YjNWd01SVXdFd1lEVlFRREV3eEpVMUpISUZKdmIzUWdXREV3SGhjTk1UVXdOakEwTVRFd05ETTQNCldoY05NelV3TmpBME1URXdORE00V2pCUE1Rc3dDUVlEVlFRR0V3SlZVekVwTUNjR0ExVUVDaE1nU1c1MFpYSnUNClpYUWdVMlZqZFhKcGRIa2dVbVZ6WldGeVkyZ2dSM0p2ZFhBeEZUQVRCZ05WQkFNVERFbFRVa2NnVW05dmRDQlkNCk1UQ0NBaUl3RFFZSktvWklodmNOQVFFQkJRQURnZ0lQQURDQ0Fnb0NnZ0lCQUszb0pIUDBGRGZ6bTU0clZ5Z2MNCmg3N2N0OTg0a0l4dVBPWlhvSGozZGNLaS92VnFidllBVHlqYjNtaUdiRVNUdHJGai9SUVNhNzhmMHVveG15RisNCjBUTTh1a2oxM1huZnM3ai9FdkVobWt2QmlvWnhhVXBtWm15UGZqeHd2NjBwSWdiejVNRG1nSzdpUzQrM21YNlUNCkE1L1RSNWQ4bVVnalUrZzRyazhLYjRNdTBVbFhqSUIwdHRvdjBEaU5ld053SVJ0MThqQTgrbyt1M2RwanErc1cNClQ4S09FVXQrend2by83VjNMdlN5ZTByZ1RCSWxESENOQXltZzRWTWs3QlBaN2htL0VMTktqRCtKbzJGUjNxeUgNCkI1VDBZM0hzTHVKdlc1aUI0WWxjTkhsc2R1ODdrR0o1NXR1a21pOG14ZEFRNFE3ZTJSQ09GdnUzOTZqM3grVUMNCkI1aVBOZ2lWNStJM2xnMDJkWjc3RG5LeEhadThBL2xKQmRpQjNRVzBLdFpCNmF3QmRwVUtEOWpmMWIwU0h6VXYNCktCZHMwcGpCcUFsa2QyNUhON3JPckZsZWFKMS9jdGFKeFFaQktUNVpQdDBtOVNUSkVhZGFvMHhBSDBhaG1iV24NCk9sRnVoanVlZlhLbkVnVjRXZTArVVhnVkN3T1BqZEF2QmJJK2Uwb2NTM01GRXZ6RzZ1QlFFM3hEazNTenluVG4NCmpoOEJDTkF3MUZ0eE5yUUh1c0V3TUZ4SXQ0STdtS1o5WUlxaW95bUN6THE5Z3dRYm9vTURRYUhXQmZFYndyYncNCnFIeUdPMGFvU0NxSTNIYWFkcjhmYXFVOUdZL3JPUE5rM3NnckRRb28vL2ZiNGhWQzFDTFFKMTNoZWY0WTUzQ0kNCnJVN20yWXM2eHQwblVXNy92R1QxTTBOUEFnTUJBQUdqUWpCQU1BNEdBMVVkRHdFQi93UUVBd0lCQmpBUEJnTlYNCkhSTUJBZjhFQlRBREFRSC9NQjBHQTFVZERnUVdCQlI1dEZubWU3Ymw1QUZ6Z0FpSXlCcFk5dW1iYmpBTkJna3ENCmhraUc5dzBCQVFzRkFBT0NBZ0VBVlI5WXFieXlxRkRRRExIWUdta2dKeWtJckdGMVhJcHUrSUxsYVMvVjlsWkwNCnViaHpFRm5USVpkKzUweHgrN0xTWUswNXFBdnFGeUZXaGZGUURsbnJ6dUJaNmJySkZlK0duWStFZ1BiazZaR1ENCjNCZWJZaHRGOEdhVjBueHZ3dW83N3gvUHk5YXVKL0dwc01pdS9YMSttdm9pQk92LzJYL3FrU3Npc1JjT2ovS0sNCk5GdFkyUHdCeVZTNXVDYk1pb2d6aVV3dGhEeUMzKzZXVndXNkxMdjN4TGZIVGp1Q3ZqSElJbk56a3RIQ2dLUTUNCk9SQXpJNEpNUEorR3NsV1lIYjRwaG93aW01N2lhenRYT29Kd1Rkd0p4NG5MQ2dkTmJPaGRqc252enF2SHU3VXINClRrWFdTdEFtek9WeXlnaHFwWlhqRmFIM3BPM0pMRitsKy8rc0tBSXV2dGQ3dStOeGU1QVcwd2RlUmxOOE53ZEMNCmpOUEVscHpWbWJVcTRKVWFnRWl1VERrSHpzeEhwRktWSzdxNCs2M1NNMU45NVIxTmJkV2hzY2RDYitaQUp6VmMNCm95aTNCNDNualRPUTV5T2YrMUNjZVd4RzFiUVZzNVp1ZnBzTWxqcTRVaTAvMWx2aCt3akNoUDRrcUtPSjJxeHENCjRSZ3FzYWhEWVZ2VEg5dzdqWGJ5TGVpTmRkOFhNMnc5VS90N3kwRmYvOXlpMEdFNDRaYTRyRjJMTjlkMTFUUEENCm1SR3VuVUhCY25XRXZnSkJRbDluSkVpVTBac252Z2MvdWJoUGdYUlI0WHEzN1owajRyN2cxU2dFRXp3eEE1N2QNCmVteVB4Z2NZeG4vZVI0NC9LSjRFQnMrbFZEUjN2ZXlKbStrWFE5OWIyMS8ramg1WG9zMUFuWDVpSXRyZUdDYz0NCi0tLS0tRU5EIENFUlRJRklDQVRFLS0tLS0NCg0KPC9jYT4NCg0KDQojIyMjIyMjIyMjIyMjIyMjIyMjIyMjIyMjIyMjIyMjIyMjIyMjIyMjIyMjIyMjIyMjIyMjIyMjIyMjIyMjIyMjIyMjIyMjIyMjIyMjIyMjDQojIFRoZSBjbGllbnQgY2VydGlmaWNhdGUgZmlsZSAoZHVtbXkpLg0KIyANCiMgSW4gc29tZSBpbXBsZW1lbnRhdGlvbnMgb2YgT3BlblZQTiBDbGllbnQgc29mdHdhcmUNCiMgKGZvciBleGFtcGxlOiBPcGVuVlBOIENsaWVudCBmb3IgaU9TKSwNCiMgYSBwYWlyIG9mIGNsaWVudCBjZXJ0aWZpY2F0ZSBhbmQgcHJpdmF0ZSBrZXkgbXVzdCBiZSBpbmNsdWRlZCBvbiB0aGUNCiMgY29uZmlndXJhdGlvbiBmaWxlIGR1ZSB0byB0aGUgbGltaXRhdGlvbiBvZiB0aGUgY2xpZW50Lg0KIyBTbyB0aGlzIHNhbXBsZSBjb25maWd1cmF0aW9uIGZpbGUgaGFzIGEgZHVtbXkgcGFpciBvZiBjbGllbnQgY2VydGlmaWNhdGUNCiMgYW5kIHByaXZhdGUga2V5IGFzIGZvbGxvd3MuDQoNCjxjZXJ0Pg0KLS0tLS1CRUdJTiBDRVJUSUZJQ0FURS0tLS0tDQpNSUlDeGpDQ0FhNENBUUF3RFFZSktvWklodmNOQVFFRkJRQXdLVEVhTUJnR0ExVUVBeE1SVmxCT1IyRjBaVU5zDQphV1Z1ZEVObGNuUXhDekFKQmdOVkJBWVRBa3BRTUI0WERURXpNREl4TVRBek5EazBPVm9YRFRNM01ERXhPVEF6DQpNVFF3TjFvd0tURWFNQmdHQTFVRUF4TVJWbEJPUjJGMFpVTnNhV1Z1ZEVObGNuUXhDekFKQmdOVkJBWVRBa3BRDQpNSUlCSWpBTkJna3Foa2lHOXcwQkFRRUZBQU9DQVE4QU1JSUJDZ0tDQVFFQTVoMmxnUVFZVWp3b0tZSmJ6VlpBDQo1VmNJR2Q1b3RQYy9xWlJNdDBLSXRDRkEwczlSd1JlTlZhOWZEUkZMUkJoY0lUT2x2M0ZCY1czRThoMVVzN1JEDQo0VzhHbUplOHphcEpuTHNEMzlPU01SQ3paSm5jelc0T0NIMVBaUlpXS3FEdGpsTmNhOUFGOGE2NWpUbWxEeENRDQpDam50TElXazVPTExWa0Z0OS90U2NjMUdEdGNpNTVvZmhhTkFZTVBpSDdWOCsxZzY2cEdIWEFvV0s2QVFWSDY3DQpYQ0tKbkdCNW5sUStIc01ZUFYvTzQ5TGQ5MVpOLzJ0SGtjYUxMeU50eXd4VlBSU3NSaDQ4MGpqdTBmY0NzdjZoDQpwLzB5WG5UQi8vbVd1dEJHcGRVbElid2lJVGJBbXJzYlluamlnUnZuUHFYMVJOSlViaTlGcDZDMmMvSElGSkdEDQp5d0lEQVFBQk1BMEdDU3FHU0liM0RRRUJCUVVBQTRJQkFRQ2hPNWhnY3cvNG9XZm9FRkx1OWtCYTFCLy9reEg4DQpoUWtDaFZObjhCUkM3WTBVUlFpdFBsM0RLRWVkOVVSQkRkZzJLT0F6NzdiYjZFTlBpbGlEK2EzOFVKSElSTXFlDQpVQkhobGxPSEl6dkRoSEZiYW92QUxCUWNlZUJ6ZGtReHNLUUVTS21RbVI4MzI5NTBVQ292b3lSQjYxVXlBVjdoDQorbVpoWVBHUktYS1NKSTZzMEVnZy9DcmkrQ3drNGJqSmZyYjVoVnNlMTF5aDREOU1IaHdTZkNPSCswejRoUFVUDQpGa3U3ZEdhdlVSTzVTVnhNbi9zTDZFbjVEK29TZVhrYWRIcERzK0FpcnltMllIaDE1aDAralBTT29SNnlpVnAvDQo2elplWmtyTjQza3VTNzNLcEtERmpmRlBoOHQ0cjFnT0lqdHRrTmNRcUJjY3VzbnBsUTdISnBzaw0KLS0tLS1FTkQgQ0VSVElGSUNBVEUtLS0tLQ0KDQo8L2NlcnQ+DQoNCjxrZXk+DQotLS0tLUJFR0lOIFJTQSBQUklWQVRFIEtFWS0tLS0tDQpNSUlFcEFJQkFBS0NBUUVBNWgybGdRUVlVandvS1lKYnpWWkE1VmNJR2Q1b3RQYy9xWlJNdDBLSXRDRkEwczlSDQp3UmVOVmE5ZkRSRkxSQmhjSVRPbHYzRkJjVzNFOGgxVXM3UkQ0VzhHbUplOHphcEpuTHNEMzlPU01SQ3paSm5jDQp6VzRPQ0gxUFpSWldLcUR0amxOY2E5QUY4YTY1alRtbER4Q1FDam50TElXazVPTExWa0Z0OS90U2NjMUdEdGNpDQo1NW9maGFOQVlNUGlIN1Y4KzFnNjZwR0hYQW9XSzZBUVZINjdYQ0tKbkdCNW5sUStIc01ZUFYvTzQ5TGQ5MVpODQovMnRIa2NhTEx5TnR5d3hWUFJTc1JoNDgwamp1MGZjQ3N2NmhwLzB5WG5UQi8vbVd1dEJHcGRVbElid2lJVGJBDQptcnNiWW5qaWdSdm5QcVgxUk5KVWJpOUZwNkMyYy9ISUZKR0R5d0lEQVFBQkFvSUJBRVJWN1g1QXZ4QTh1UmlLDQprOFNJcHNEMGRYMXBKT01Jd2FrVVZ5dmM0RWZOMERoS1JOYjRyWW9TaUVHVEx5ekxweUJjL0EyOERsa201ZU9ZDQpmanpYZllrR3RZaS9GdHhrZzNPOXZjck1RNCs2aSt1R0hhSUwyckwrczRNcmZPOHYxeHY2K1dreTMzRUVHQ291DQpRaXdWR1JGUVhuUm9RNjJOQkNGYlVOTGhtWHdkajFha1p6TFU0cDVSNHpBM1FoZHh3RUlhdFZMdDArN293TFEzDQpsUDhzZlhocHBQT1hqVHFNRDRRa1l3elBBYTgvekY3YWNuNGtyeXJVUDdRNlBBZmQwekVWcU55OVpDWjlmZmhvDQp6WGVkRmo0ODZJRm9jNWduVHAyTjZqc25WajRMQ0dJaGxWSGxZR296S0tGcUpjUVZHc0hDcXExb3oyempXNkxTDQpvUllJSGdFQ2dZRUE4elpya0N3TllTWEp1T0RKM20vaE9MVnhjeGdKdXdYb2lFcldkMEU0MnZQYW5qalZNaG50DQpLWTVsOHFHTUo2RmhLOUxZeDJxQ3JmL0UwWHRVQVoyd1ZxM09SVHlHbnNNV3JlOXRMWXM1NVgrWk4xMFRjNzV6DQo0aGFjYlUwaHFLTjFIaURtc01SWTMvMk5hWkhveTdNS253SkpCYUc0OGw5Q0NUbFZ3TUhvY0lFQ2dZRUE4amJ5DQpkR2p4VEgrNlhIV05pemI1U1JiWnhBbnlFZUplUndUTWgwZ0d6d0dQcEgvc1pZR3p5dTBTeVNYV0NuWmgzUmdxDQo1dUxsTnh0clhybGpabHlpMm5RZFFnc3EyWXJXVXMwK3pnVSsyMnVRc1pwU0FmdG1oVnJ0dmV0Nk1qVmpiQnlZDQpEQURjaUVWVWRKWUlYaytxbkZVSnllcm9MSWtUajdXWUtaNlJqa3NDZ1lCb0NGSXdSRGVnNDJvSzg5UkZtbk9yDQpMeW1OQXE0KzJvTWhzV2xWYjRlaldJV2VBazluYytHWFVmclhzelJoUzAxbVVuVTVyNXlnVXZSY2FyVi9UM1U3DQpUbk1aK0k3WTREZ1dSSURkNTF6bmh4SUJ0WVY1ai9DL3Q4NUhqcU9rSCs4YjZSVGtiY2hhWDNtYXU3ZnBVZmRzDQpGcTBuaElxNDJmaEVPOHNyZllZd2dRS0JnUUN5aGkxTi84dGFSd3BrKzMvSURFelF3amJmZHpVa1dXU0RrOVhzDQpIL3BrdVJIV2ZUTVAzZmxXcUVZZ1cvTFc0MHBlVzJIRHE1aW1kVjgrQWdaeGUvWE1iYWppOUxnd2YxUlkwMDVuDQpLeGFaUXo3eXFIdXBXbExHRjY4RFBIeGtaVlZTYWdEblYvc3p0V1g2U0ZzQ3FGVm54SVhpZlhHQzRjVzVObTlnDQp2YThxNFFLQmdRQ0VoTFZlVWZkd0t2a1o5NGcvR0Z6NzMxWjJocmRWaGdNWmFVL3U2dDBWOTUrWWV6UE5DUVpCDQp3bUU5TW1sYnExZW1EZVJPaXZqQ2ZvR2hSM2taWFcxcFRLbExoNlpNVVFVT3BwdGRYdmE4WHhmb3FRd2EzZW5BDQpNN211QmJGMFhON1ZPODBpSlB2K1BtSVpkRUlBa3B3S2ZpMjAxWUIrQmFmQ0l1R3hJRjUwVmc9PQ0KLS0tLS1FTkQgUlNBIFBSSVZBVEUgS0VZLS0tLS0NCg0KPC9rZXk+DQoNCg==
vpn979842102,110.135.220.7,562404,31,36399150,Japan,JP,6,21947507,13532,311430949733,2weeks,DESKTOP-2HKVC5E's owner,,IyMjIyMjIyMjIyMjIyMjIyMjIyMjIyMjIyMjIyMjIyMjIyMjIyMjIyMjIyMjIyMjIyMjIyMjIyMjIyMjIyMjIyMjIyMjIyMjIyMjIyMjIw0KIyBPcGVuVlBOIDIuMCBTYW1wbGUgQ29uZmlndXJhdGlvbiBGaWxlDQojIGZvciBQYWNrZXRpWCBWUE4gLyBTb2Z0RXRoZXIgVlBOIFNlcnZlcg0KIyANCiMgISEhIEFVVE8tR0VORVJBVEVEIEJZIFNPRlRFVEhFUiBWUE4gU0VSVkVSIE1BTkFHRU1FTlQgVE9PTCAhISENCiMgDQojICEhISBZT1UgSEFWRSBUTyBSRVZJRVcgSVQgQkVGT1JFIFVTRSBBTkQgTU9ESUZZIElUIEFTIE5FQ0VTU0FSWSAhISENCiMgDQojIFRoaXMgY29uZmlndXJhdGlvbiBmaWxlIGlzIGF1dG8tZ2VuZXJhdGVkLiBZb3UgbWlnaHQgdXNlIHRoaXMgY29uZmlnIGZpbGUNCiMgaW4gb3JkZXIgdG8gY29ubmVjdCB0byB0aGUgUGFja2V0aVggVlBOIC8gU29mdEV0aGVyIFZQTiBTZXJ2ZXIuDQojIEhvd2V2ZXIsIGJlZm9yZSB5b3UgdHJ5IGl0LCB5b3Ugc2hvdWxkIHJldmlldyB0aGUgZGVzY3JpcHRpb25zIG9mIHRoZSBmaWxlDQojIHRvIGRldGVybWluZSB0aGUgbmVjZXNzaXR5IHRvIG1vZGlmeSB0byBzdWl0YWJsZSBmb3IgeW91ciByZWFsIGVudmlyb25tZW50Lg0KIyBJZiBuZWNlc3NhcnksIHlvdSBoYXZlIHRvIG1vZGlmeSBhIGxpdHRsZSBhZGVxdWF0ZWx5IG9uIHRoZSBmaWxlLg0KIyBGb3IgZXhhbXBsZSwgdGhlIElQIGFkZHJlc3Mgb3IgdGhlIGhvc3RuYW1lIGFzIGEgZGVzdGluYXRpb24gVlBOIFNlcnZlcg0KIyBzaG91bGQgYmUgY29uZmlybWVkLg0KIyANCiMgTm90ZSB0aGF0IHRvIHVzZSBPcGVuVlBOIDIuMCwgeW91IGhhdmUgdG8gcHV0IHRoZSBjZXJ0aWZpY2F0aW9uIGZpbGUgb2YNCiMgdGhlIGRlc3RpbmF0aW9uIFZQTiBTZXJ2ZXIgb24gdGhlIE9wZW5WUE4gQ2xpZW50IGNvbXB1dGVyIHdoZW4geW91IHVzZSB0aGlzDQojIGNvbmZpZyBmaWxlLiBQbGVhc2UgcmVmZXIgdGhlIGJlbG93IGRlc2NyaXB0aW9ucyBjYXJlZnVsbHkuDQoNCg0KIyMjIyMjIyMjIyMjIyMjIyMjIyMjIyMjIyMjIyMjIyMjIyMjIyMjIyMjIyMjIyMjIyMjIyMjIyMjIyMjIyMjIyMjIyMjIyMjIyMjIyMjIw0KIyBTcGVjaWZ5IHRoZSB0eXBlIG9mIHRoZSBsYXllciBvZiB0aGUgVlBOIGNvbm5lY3Rpb24uDQojIA0KIyBUbyBjb25uZWN0IHRvIHRoZSBWUE4gU2VydmVyIGFzIGEgIlJlbW90ZS1BY2Nlc3MgVlBOIENsaWVudCBQQyIsDQojICBzcGVjaWZ5ICdkZXYgdHVuJy4gKExheWVyLTMgSVAgUm91dGluZyBNb2RlKQ0KIw0KIyBUbyBjb25uZWN0IHRvIHRoZSBWUE4gU2VydmVyIGFzIGEgYnJpZGdpbmcgZXF1aXBtZW50IG9mICJTaXRlLXRvLVNpdGUgVlBOIiwNCiMgIHNwZWNpZnkgJ2RldiB0YXAnLiAoTGF5ZXItMiBFdGhlcm5ldCBCcmlkZ2luZSBNb2RlKQ0KDQpkZXYgdHVuDQoNCg0KIyMjIyMjIyMjIyMjIyMjIyMjIyMjIyMjIyMjIyMjIyMjIyMjIyMjIyMjIyMjIyMjIyMjIyMjIyMjIyMjIyMjIyMjIyMjIyMjIyMjIyMjIw0KIyBTcGVjaWZ5IHRoZSB1bmRlcmx5aW5nIHByb3RvY29sIGJleW9uZCB0aGUgSW50ZXJuZXQuDQojIE5vdGUgdGhhdCB0aGlzIHNldHRpbmcgbXVzdCBiZSBjb3JyZXNwb25kIHdpdGggdGhlIGxpc3RlbmluZyBzZXR0aW5nIG9uDQojIHRoZSBWUE4gU2VydmVyLg0KIyANCiMgU3BlY2lmeSBlaXRoZXIgJ3Byb3RvIHRjcCcgb3IgJ3Byb3RvIHVkcCcuDQoNCnByb3RvIHRjcA0KDQoNCiMjIyMjIyMjIyMjIyMjIyMjIyMjIyMjIyMjIyMjIyMjIyMjIyMjIyMjIyMjIyMjIyMjIyMjIyMjIyMjIyMjIyMjIyMjIyMjIyMjIyMjIyMNCiMgVGhlIGRlc3RpbmF0aW9uIGhvc3RuYW1lIC8gSVAgYWRkcmVzcywgYW5kIHBvcnQgbnVtYmVyIG9mDQojIHRoZSB0YXJnZXQgVlBOIFNlcnZlci4NCiMgDQojIFlvdSBoYXZlIHRvIHNwZWNpZnkgYXMgJ3JlbW90ZSA8SE9TVE5BTUU+IDxQT1JUPicuIFlvdSBjYW4gYWxzbw0KIyBzcGVjaWZ5IHRoZSBJUCBhZGRyZXNzIGluc3RlYWQgb2YgdGhlIGhvc3RuYW1lLg0KIyANCiMgTm90ZSB0aGF0IHRoZSBhdXRvLWdlbmVyYXRlZCBiZWxvdyBob3N0bmFtZSBhcmUgYSAiYXV0by1kZXRlY3RlZA0KIyBJUCBhZGRyZXNzIiBvZiB0aGUgVlBOIFNlcnZlci4gWW91IGhhdmUgdG8gY29uZmlybSB0aGUgY29ycmVjdG5lc3MNCiMgYmVmb3JlaGFuZC4NCiMgDQojIFdoZW4geW91IHdhbnQgdG8gY29ubmVjdCB0byB0aGUgVlBOIFNlcnZlciBieSB1c2luZyBUQ1AgcHJvdG9jb2wsDQojIHRoZSBwb3J0IG51bWJlciBvZiB0aGUgZGVzdGluYXRpb24gVENQIHBvcnQgc2hvdWxkIGJlIHNhbWUgYXMgb25lIG9mDQojIHRoZSBhdmFpbGFibGUgVENQIGxpc3RlbmVycyBvbiB0aGUgVlBOIFNlcnZlci4NCiMgDQojIFdoZW4geW91IHVzZSBVRFAgcHJvdG9jb2wsIHRoZSBwb3J0IG51bWJlciBtdXN0IHNhbWUgYXMgdGhlIGNvbmZpZ3VyYXRpb24NCiMgc2V0dGluZyBvZiAiT3BlblZQTiBTZXJ2ZXIgQ29tcGF0aWJsZSBGdW5jdGlvbiIgb24gdGhlIFZQTiBTZXJ2ZXIuDQoNCnJlbW90ZSAxMTAuMTM1LjIyMC43IDE5NjENCg0KDQojIyMjIyMjIyMjIyMjIyMjIyMjIyMjIyMjIyMjIyMjIyMjIyMjIyMjIyMjIyMjIyMjIyMjIyMjIyMjIyMjIyMjIyMjIyMjIyMjIyMjIyMjDQojIFRoZSBIVFRQL0hUVFBTIHByb3h5IHNldHRpbmcuDQojIA0KIyBPbmx5IGlmIHlvdSBoYXZlIHRvIHVzZSB0aGUgSW50ZXJuZXQgdmlhIGEgcHJveHksIHVuY29tbWVudCB0aGUgYmVsb3cNCiMgdHdvIGxpbmVzIGFuZCBzcGVjaWZ5IHRoZSBwcm94eSBhZGRyZXNzIGFuZCB0aGUgcG9ydCBudW1iZXIuDQojIEluIHRoZSBjYXNlIG9mIHVzaW5nIHByb3h5LWF1dGhlbnRpY2F0aW9uLCByZWZlciB0aGUgT3BlblZQTiBtYW51YWwuDQoNCjtodHRwLXByb3h5LXJldHJ5DQo7aHR0cC1wcm94eSBbcHJveHkgc2VydmVyXSBbcHJveHkgcG9ydF0NCg0KDQojIyMjIyMjIyMjIyMjIyMjIyMjIyMjIyMjIyMjIyMjIyMjIyMjIyMjIyMjIyMjIyMjIyMjIyMjIyMjIyMjIyMjIyMjIyMjIyMjIyMjIyMjDQojIFRoZSBlbmNyeXB0aW9uIGFuZCBhdXRoZW50aWNhdGlvbiBhbGdvcml0aG0uDQojIA0KIyBEZWZhdWx0IHNldHRpbmcgaXMgZ29vZC4gTW9kaWZ5IGl0IGFzIHlvdSBwcmVmZXIuDQojIFdoZW4geW91IHNwZWNpZnkgYW4gdW5zdXBwb3J0ZWQgYWxnb3JpdGhtLCB0aGUgZXJyb3Igd2lsbCBvY2N1ci4NCiMgDQojIFRoZSBzdXBwb3J0ZWQgYWxnb3JpdGhtcyBhcmUgYXMgZm9sbG93czoNCiMgIGNpcGhlcjogW05VTEwtQ0lQSEVSXSBOVUxMIEFFUy0xMjgtQ0JDIEFFUy0xOTItQ0JDIEFFUy0yNTYtQ0JDIEJGLUNCQw0KIyAgICAgICAgICBDQVNULUNCQyBDQVNUNS1DQkMgREVTLUNCQyBERVMtRURFLUNCQyBERVMtRURFMy1DQkMgREVTWC1DQkMNCiMgICAgICAgICAgUkMyLTQwLUNCQyBSQzItNjQtQ0JDIFJDMi1DQkMNCiMgIGF1dGg6ICAgU0hBIFNIQTEgTUQ1IE1ENCBSTUQxNjANCg0KY2lwaGVyIEFFUy0xMjgtQ0JDDQphdXRoIFNIQTENCg0KDQojIyMjIyMjIyMjIyMjIyMjIyMjIyMjIyMjIyMjIyMjIyMjIyMjIyMjIyMjIyMjIyMjIyMjIyMjIyMjIyMjIyMjIyMjIyMjIyMjIyMjIyMjDQojIE90aGVyIHBhcmFtZXRlcnMgbmVjZXNzYXJ5IHRvIGNvbm5lY3QgdG8gdGhlIFZQTiBTZXJ2ZXIuDQojIA0KIyBJdCBpcyBub3QgcmVjb21tZW5kZWQgdG8gbW9kaWZ5IGl0IHVubGVzcyB5b3UgaGF2ZSBhIHBhcnRpY3VsYXIgbmVlZC4NCg0KcmVzb2x2LXJldHJ5IGluZmluaXRlDQpub2JpbmQNCnBlcnNpc3Qta2V5DQpwZXJzaXN0LXR1bg0KY2xpZW50DQp2ZXJiIDMNCiNhdXRoLXVzZXItcGFzcw0KDQoNCiMjIyMjIyMjIyMjIyMjIyMjIyMjIyMjIyMjIyMjIyMjIyMjIyMjIyMjIyMjIyMjIyMjIyMjIyMjIyMjIyMjIyMjIyMjIyMjIyMjIyMjIyMNCiMgVGhlIGNlcnRpZmljYXRlIGZpbGUgb2YgdGhlIGRlc3RpbmF0aW9uIFZQTiBTZXJ2ZXIuDQojIA0KIyBUaGUgQ0EgY2VydGlmaWNhdGUgZmlsZSBpcyBlbWJlZGRlZCBpbiB0aGUgaW5saW5lIGZvcm1hdC4NCiMgWW91IGNhbiByZXBsYWNlIHRoaXMgQ0EgY29udGVudHMgaWYgbmVjZXNzYXJ5Lg0KIyBQbGVhc2Ugbm90ZSB0aGF0IGlmIHRoZSBzZXJ2ZXIgY2VydGlmaWNhdGUgaXMgbm90IGEgc2VsZi1zaWduZWQsIHlvdSBoYXZlIHRvDQojIHNwZWNpZnkgdGhlIHNpZ25lcidzIHJvb3QgY2VydGlmaWNhdGUgKENBKSBoZXJlLg0KDQo8Y2E+DQotLS0tLUJFR0lOIENFUlRJRklDQVRFLS0tLS0NCk1JSUZhekNDQTFPZ0F3SUJBZ0lSQUlJUXo3RFNRT05aUkdQZ3UyT0Npd0F3RFFZSktvWklodmNOQVFFTEJRQXcNClR6RUxNQWtHQTFVRUJoTUNWVk14S1RBbkJnTlZCQW9USUVsdWRHVnlibVYwSUZObFkzVnlhWFI1SUZKbGMyVmgNCmNtTm9JRWR5YjNWd01SVXdFd1lEVlFRREV3eEpVMUpISUZKdmIzUWdXREV3SGhjTk1UVXdOakEwTVRFd05ETTQNCldoY05NelV3TmpBME1URXdORE00V2pCUE1Rc3dDUVlEVlFRR0V3SlZVekVwTUNjR0ExVUVDaE1nU1c1MFpYSnUNClpYUWdVMlZqZFhKcGRIa2dVbVZ6WldGeVkyZ2dSM0p2ZFhBeEZUQVRCZ05WQkFNVERFbFRVa2NnVW05dmRDQlkNCk1UQ0NBaUl3RFFZSktvWklodmNOQVFFQkJRQURnZ0lQQURDQ0Fnb0NnZ0lCQUszb0pIUDBGRGZ6bTU0clZ5Z2MNCmg3N2N0OTg0a0l4dVBPWlhvSGozZGNLaS92VnFidllBVHlqYjNtaUdiRVNUdHJGai9SUVNhNzhmMHVveG15RisNCjBUTTh1a2oxM1huZnM3ai9FdkVobWt2QmlvWnhhVXBtWm15UGZqeHd2NjBwSWdiejVNRG1nSzdpUzQrM21YNlUNCkE1L1RSNWQ4bVVnalUrZzRyazhLYjRNdTBVbFhqSUIwdHRvdjBEaU5ld053SVJ0MThqQTgrbyt1M2RwanErc1cNClQ4S09FVXQrend2by83VjNMdlN5ZTByZ1RCSWxESENOQXltZzRWTWs3QlBaN2htL0VMTktqRCtKbzJGUjNxeUgNCkI1VDBZM0hzTHVKdlc1aUI0WWxjTkhsc2R1ODdrR0o1NXR1a21pOG14ZEFRNFE3ZTJSQ09GdnUzOTZqM3grVUMNCkI1aVBOZ2lWNStJM2xnMDJkWjc3RG5LeEhadThBL2xKQmRpQjNRVzBLdFpCNmF3QmRwVUtEOWpmMWIwU0h6VXYNCktCZHMwcGpCcUFsa2QyNUhON3JPckZsZWFKMS9jdGFKeFFaQktUNVpQdDBtOVNUSkVhZGFvMHhBSDBhaG1iV24NCk9sRnVoanVlZlhLbkVnVjRXZTArVVhnVkN3T1BqZEF2QmJJK2Uwb2NTM01GRXZ6RzZ1QlFFM3hEazNTenluVG4NCmpoOEJDTkF3MUZ0eE5yUUh1c0V3TUZ4SXQ0STdtS1o5WUlxaW95bUN6THE5Z3dRYm9vTURRYUhXQmZFYndyYncNCnFIeUdPMGFvU0NxSTNIYWFkcjhmYXFVOUdZL3JPUE5rM3NnckRRb28vL2ZiNGhWQzFDTFFKMTNoZWY0WTUzQ0kNCnJVN20yWXM2eHQwblVXNy92R1QxTTBOUEFnTUJBQUdqUWpCQU1BNEdBMVVkRHdFQi93UUVBd0lCQmpBUEJnTlYNCkhSTUJBZjhFQlRBREFRSC9NQjBHQTFVZERnUVdCQlI1dEZubWU3Ymw1QUZ6Z0FpSXlCcFk5dW1iYmpBTkJna3ENCmhraUc5dzBCQVFzRkFBT0NBZ0VBVlI5WXFieXlxRkRRRExIWUdta2dKeWtJckdGMVhJcHUrSUxsYVMvVjlsWkwNCnViaHpFRm5USVpkKzUweHgrN0xTWUswNXFBdnFGeUZXaGZGUURsbnJ6dUJaNmJySkZlK0duWStFZ1BiazZaR1ENCjNCZWJZaHRGOEdhVjBueHZ3dW83N3gvUHk5YXVKL0dwc01pdS9YMSttdm9pQk92LzJYL3FrU3Npc1JjT2ovS0sNCk5GdFkyUHdCeVZTNXVDYk1pb2d6aVV3dGhEeUMzKzZXVndXNkxMdjN4TGZIVGp1Q3ZqSElJbk56a3RIQ2dLUTUNCk9SQXpJNEpNUEorR3NsV1lIYjRwaG93aW01N2lhenRYT29Kd1Rkd0p4NG5MQ2dkTmJPaGRqc252enF2SHU3VXINClRrWFdTdEFtek9WeXlnaHFwWlhqRmFIM3BPM0pMRitsKy8rc0tBSXV2dGQ3dStOeGU1QVcwd2RlUmxOOE53ZEMNCmpOUEVscHpWbWJVcTRKVWFnRWl1VERrSHpzeEhwRktWSzdxNCs2M1NNMU45NVIxTmJkV2hzY2RDYitaQUp6VmMNCm95aTNCNDNualRPUTV5T2YrMUNjZVd4RzFiUVZzNVp1ZnBzTWxqcTRVaTAvMWx2aCt3akNoUDRrcUtPSjJxeHENCjRSZ3FzYWhEWVZ2VEg5dzdqWGJ5TGVpTmRkOFhNMnc5VS90N3kwRmYvOXlpMEdFNDRaYTRyRjJMTjlkMTFUUEENCm1SR3VuVUhCY25XRXZnSkJRbDluSkVpVTBac252Z2MvdWJoUGdYUlI0WHEzN1owajRyN2cxU2dFRXp3eEE1N2QNCmVteVB4Z2NZeG4vZVI0NC9LSjRFQnMrbFZEUjN2ZXlKbStrWFE5OWIyMS8ramg1WG9zMUFuWDVpSXRyZUdDYz0NCi0tLS0tRU5EIENFUlRJRklDQVRFLS0tLS0NCg0KPC9jYT4NCg0KDQojIyMjIyMjIyMjIyMjIyMjIyMjIyMjIyMjIyMjIyMjIyMjIyMjIyMjIyMjIyMjIyMjIyMjIyMjIyMjIyMjIyMjIyMjIyMjIyMjIyMjIyMjDQojIFRoZSBjbGllbnQgY2VydGlmaWNhdGUgZmlsZSAoZHVtbXkpLg0KIyANCiMgSW4gc29tZSBpbXBsZW1lbnRhdGlvbnMgb2YgT3BlblZQTiBDbGllbnQgc29mdHdhcmUNCiMgKGZvciBleGFtcGxlOiBPcGVuVlBOIENsaWVudCBmb3IgaU9TKSwNCiMgYSBwYWlyIG9mIGNsaWVudCBjZXJ0aWZpY2F0ZSBhbmQgcHJpdmF0ZSBrZXkgbXVzdCBiZSBpbmNsdWRlZCBvbiB0aGUNCiMgY29uZmlndXJhdGlvbiBmaWxlIGR1ZSB0byB0aGUgbGltaXRhdGlvbiBvZiB0aGUgY2xpZW50Lg0KIyBTbyB0aGlzIHNhbXBsZSBjb25maWd1cmF0aW9uIGZpbGUgaGFzIGEgZHVtbXkgcGFpciBvZiBjbGllbnQgY2VydGlmaWNhdGUNCiMgYW5kIHByaXZhdGUga2V5IGFzIGZvbGxvd3MuDQoNCjxjZXJ0Pg0KLS0tLS1CRUdJTiBDRVJUSUZJQ0FURS0tLS0tDQpNSUlDeGpDQ0FhNENBUUF3RFFZSktvWklodmNOQVFFRkJRQXdLVEVhTUJnR0ExVUVBeE1SVmxCT1IyRjBaVU5zDQphV1Z1ZEVObGNuUXhDekFKQmdOVkJBWVRBa3BRTUI0WERURXpNREl4TVRBek5EazBPVm9YRFRNM01ERXhPVEF6DQpNVFF3TjFvd0tURWFNQmdHQTFVRUF4TVJWbEJPUjJGMFpVTnNhV1Z1ZEVObGNuUXhDekFKQmdOVkJBWVRBa3BRDQpNSUlCSWpBTkJna3Foa2lHOXcwQkFRRUZBQU9DQVE4QU1JSUJDZ0tDQVFFQTVoMmxnUVFZVWp3b0tZSmJ6VlpBDQo1VmNJR2Q1b3RQYy9xWlJNdDBLSXRDRkEwczlSd1JlTlZhOWZEUkZMUkJoY0lUT2x2M0ZCY1czRThoMVVzN1JEDQo0VzhHbUplOHphcEpuTHNEMzlPU01SQ3paSm5jelc0T0NIMVBaUlpXS3FEdGpsTmNhOUFGOGE2NWpUbWxEeENRDQpDam50TElXazVPTExWa0Z0OS90U2NjMUdEdGNpNTVvZmhhTkFZTVBpSDdWOCsxZzY2cEdIWEFvV0s2QVFWSDY3DQpYQ0tKbkdCNW5sUStIc01ZUFYvTzQ5TGQ5MVpOLzJ0SGtjYUxMeU50eXd4VlBSU3NSaDQ4MGpqdTBmY0NzdjZoDQpwLzB5WG5UQi8vbVd1dEJHcGRVbElid2lJVGJBbXJzYlluamlnUnZuUHFYMVJOSlViaTlGcDZDMmMvSElGSkdEDQp5d0lEQVFBQk1BMEdDU3FHU0liM0RRRUJCUVVBQTRJQkFRQ2hPNWhnY3cvNG9XZm9FRkx1OWtCYTFCLy9reEg4DQpoUWtDaFZObjhCUkM3WTBVUlFpdFBsM0RLRWVkOVVSQkRkZzJLT0F6NzdiYjZFTlBpbGlEK2EzOFVKSElSTXFlDQpVQkhobGxPSEl6dkRoSEZiYW92QUxCUWNlZUJ6ZGtReHNLUUVTS21RbVI4MzI5NTBVQ292b3lSQjYxVXlBVjdoDQorbVpoWVBHUktYS1NKSTZzMEVnZy9DcmkrQ3drNGJqSmZyYjVoVnNlMTF5aDREOU1IaHdTZkNPSCswejRoUFVUDQpGa3U3ZEdhdlVSTzVTVnhNbi9zTDZFbjVEK29TZVhrYWRIcERzK0FpcnltMllIaDE1aDAralBTT29SNnlpVnAvDQo2elplWmtyTjQza3VTNzNLcEtERmpmRlBoOHQ0cjFnT0lqdHRrTmNRcUJjY3VzbnBsUTdISnBzaw0KLS0tLS1FTkQgQ0VSVElGSUNBVEUtLS0tLQ0KDQo8L2NlcnQ+DQoNCjxrZXk+DQotLS0tLUJFR0lOIFJTQSBQUklWQVRFIEtFWS0tLS0tDQpNSUlFcEFJQkFBS0NBUUVBNWgybGdRUVlVandvS1lKYnpWWkE1VmNJR2Q1b3RQYy9xWlJNdDBLSXRDRkEwczlSDQp3UmVOVmE5ZkRSRkxSQmhjSVRPbHYzRkJjVzNFOGgxVXM3UkQ0VzhHbUplOHphcEpuTHNEMzlPU01SQ3paSm5jDQp6VzRPQ0gxUFpSWldLcUR0amxOY2E5QUY4YTY1alRtbER4Q1FDam50TElXazVPTExWa0Z0OS90U2NjMUdEdGNpDQo1NW9maGFOQVlNUGlIN1Y4KzFnNjZwR0hYQW9XSzZBUVZINjdYQ0tKbkdCNW5sUStIc01ZUFYvTzQ5TGQ5MVpODQovMnRIa2NhTEx5TnR5d3hWUFJTc1JoNDgwamp1MGZjQ3N2NmhwLzB5WG5UQi8vbVd1dEJHcGRVbElid2lJVGJBDQptcnNiWW5qaWdSdm5QcVgxUk5KVWJpOUZwNkMyYy9ISUZKR0R5d0lEQVFBQkFvSUJBRVJWN1g1QXZ4QTh1UmlLDQprOFNJcHNEMGRYMXBKT01Jd2FrVVZ5dmM0RWZOMERoS1JOYjRyWW9TaUVHVEx5ekxweUJjL0EyOERsa201ZU9ZDQpmanpYZllrR3RZaS9GdHhrZzNPOXZjck1RNCs2aSt1R0hhSUwyckwrczRNcmZPOHYxeHY2K1dreTMzRUVHQ291DQpRaXdWR1JGUVhuUm9RNjJOQkNGYlVOTGhtWHdkajFha1p6TFU0cDVSNHpBM1FoZHh3RUlhdFZMdDArN293TFEzDQpsUDhzZlhocHBQT1hqVHFNRDRRa1l3elBBYTgvekY3YWNuNGtyeXJVUDdRNlBBZmQwekVWcU55OVpDWjlmZmhvDQp6WGVkRmo0ODZJRm9jNWduVHAyTjZqc25WajRMQ0dJaGxWSGxZR296S0tGcUpjUVZHc0hDcXExb3oyempXNkxTDQpvUllJSGdFQ2dZRUE4elpya0N3TllTWEp1T0RKM20vaE9MVnhjeGdKdXdYb2lFcldkMEU0MnZQYW5qalZNaG50DQpLWTVsOHFHTUo2RmhLOUxZeDJxQ3JmL0UwWHRVQVoyd1ZxM09SVHlHbnNNV3JlOXRMWXM1NVgrWk4xMFRjNzV6DQo0aGFjYlUwaHFLTjFIaURtc01SWTMvMk5hWkhveTdNS253SkpCYUc0OGw5Q0NUbFZ3TUhvY0lFQ2dZRUE4amJ5DQpkR2p4VEgrNlhIV05pemI1U1JiWnhBbnlFZUplUndUTWgwZ0d6d0dQcEgvc1pZR3p5dTBTeVNYV0NuWmgzUmdxDQo1dUxsTnh0clhybGpabHlpMm5RZFFnc3EyWXJXVXMwK3pnVSsyMnVRc1pwU0FmdG1oVnJ0dmV0Nk1qVmpiQnlZDQpEQURjaUVWVWRKWUlYaytxbkZVSnllcm9MSWtUajdXWUtaNlJqa3NDZ1lCb0NGSXdSRGVnNDJvSzg5UkZtbk9yDQpMeW1OQXE0KzJvTWhzV2xWYjRlaldJV2VBazluYytHWFVmclhzelJoUzAxbVVuVTVyNXlnVXZSY2FyVi9UM1U3DQpUbk1aK0k3WTREZ1dSSURkNTF6bmh4SUJ0WVY1ai9DL3Q4NUhqcU9rSCs4YjZSVGtiY2hhWDNtYXU3ZnBVZmRzDQpGcTBuaElxNDJmaEVPOHNyZllZd2dRS0JnUUN5aGkxTi84dGFSd3BrKzMvSURFelF3amJmZHpVa1dXU0RrOVhzDQpIL3BrdVJIV2ZUTVAzZmxXcUVZZ1cvTFc0MHBlVzJIRHE1aW1kVjgrQWdaeGUvWE1iYWppOUxnd2YxUlkwMDVuDQpLeGFaUXo3eXFIdXBXbExHRjY4RFBIeGtaVlZTYWdEblYvc3p0V1g2U0ZzQ3FGVm54SVhpZlhHQzRjVzVObTlnDQp2YThxNFFLQmdRQ0VoTFZlVWZkd0t2a1o5NGcvR0Z6NzMxWjJocmRWaGdNWmFVL3U2dDBWOTUrWWV6UE5DUVpCDQp3bUU5TW1sYnExZW1EZVJPaXZqQ2ZvR2hSM2taWFcxcFRLbExoNlpNVVFVT3BwdGRYdmE4WHhmb3FRd2EzZW5BDQpNN211QmJGMFhON1ZPODBpSlB2K1BtSVpkRUlBa3B3S2ZpMjAxWUIrQmFmQ0l1R3hJRjUwVmc9PQ0KLS0tLS1FTkQgUlNBIFBSSVZBVEUgS0VZLS0tLS0NCg0KPC9rZXk+DQoNCg==
vpn653820096,211.250.109.130,561368,29,79477314,Korea Republic of,KR,0,0,62240,4866010047637,2weeks,DESKTOP-JFTFMF2's owner,,IyMjIyMjIyMjIyMjIyMjIyMjIyMjIyMjIyMjIyMjIyMjIyMjIyMjIyMjIyMjIyMjIyMjIyMjIyMjIyMjIyMjIyMjIyMjIyMjIyMjIyMjIw0KIyBPcGVuVlBOIDIuMCBTYW1wbGUgQ29uZmlndXJhdGlvbiBGaWxlDQojIGZvciBQYWNrZXRpWCBWUE4gLyBTb2Z0RXRoZXIgVlBOIFNlcnZlcg0KIyANCiMgISEhIEFVVE8tR0VORVJBVEVEIEJZIFNPRlRFVEhFUiBWUE4gU0VSVkVSIE1BTkFHRU1FTlQgVE9PTCAhISENCiMgDQojICEhISBZT1UgSEFWRSBUTyBSRVZJRVcgSVQgQkVGT1JFIFVTRSBBTkQgTU9ESUZZIElUIEFTIE5FQ0VTU0FSWSAhISENCiMgDQojIFRoaXMgY29uZmlndXJhdGlvbiBmaWxlIGlzIGF1dG8tZ2VuZXJhdGVkLiBZb3UgbWlnaHQgdXNlIHRoaXMgY29uZmlnIGZpbGUNCiMgaW4gb3JkZXIgdG8gY29ubmVjdCB0byB0aGUgUGFja2V0aVggVlBOIC8gU29mdEV0aGVyIFZQTiBTZXJ2ZXIuDQojIEhvd2V2ZXIsIGJlZm9yZSB5b3UgdHJ5IGl0LCB5b3Ugc2hvdWxkIHJldmlldyB0aGUgZGVzY3JpcHRpb25zIG9mIHRoZSBmaWxlDQojIHRvIGRldGVybWluZSB0aGUgbmVjZXNzaXR5IHRvIG1vZGlmeSB0byBzdWl0YWJsZSBmb3IgeW91ciByZWFsIGVudmlyb25tZW50Lg0KIyBJZiBuZWNlc3NhcnksIHlvdSBoYXZlIHRvIG1vZGlmeSBhIGxpdHRsZSBhZGVxdWF0ZWx5IG9uIHRoZSBmaWxlLg0KIyBGb3IgZXhhbXBsZSwgdGhlIElQIGFkZHJlc3Mgb3IgdGhlIGhvc3RuYW1lIGFzIGEgZGVzdGluYXRpb24gVlBOIFNlcnZlcg0KIyBzaG91bGQgYmUgY29uZmlybWVkLg0KIyANCiMgTm90ZSB0aGF0IHRvIHVzZSBPcGVuVlBOIDIuMCwgeW91IGhhdmUgdG8gcHV0IHRoZSBjZXJ0aWZpY2F0aW9uIGZpbGUgb2YNCiMgdGhlIGRlc3RpbmF0aW9uIFZQTiBTZXJ2ZXIgb24gdGhlIE9wZW5WUE4gQ2xpZW50IGNvbXB1dGVyIHdoZW4geW91IHVzZSB0aGlzDQojIGNvbmZpZyBmaWxlLiBQbGVhc2UgcmVmZXIgdGhlIGJlbG93IGRlc2NyaXB0aW9ucyBjYXJlZnVsbHkuDQoNCg0KIyMjIyMjIyMjIyMjIyMjIyMjIyMjIyMjIyMjIyMjIyMjIyMjIyMjIyMjIyMjIyMjIyMjIyMjIyMjIyMjIyMjIyMjIyMjIyMjIyMjIyMjIw0KIyBTcGVjaWZ5IHRoZSB0eXBlIG9mIHRoZSBsYXllciBvZiB0aGUgVlBOIGNvbm5lY3Rpb24uDQojIA0KIyBUbyBjb25uZWN0IHRvIHRoZSBWUE4gU2VydmVyIGFzIGEgIlJlbW90ZS1BY2Nlc3MgVlBOIENsaWVudCBQQyIsDQojICBzcGVjaWZ5ICdkZXYgdHVuJy4gKExheWVyLTMgSVAgUm91dGluZyBNb2RlKQ0KIw0KIyBUbyBjb25uZWN0IHRvIHRoZSBWUE4gU2VydmVyIGFzIGEgYnJpZGdpbmcgZXF1aXBtZW50IG9mICJTaXRlLXRvLVNpdGUgVlBOIiwNCiMgIHNwZWNpZnkgJ2RldiB0YXAnLiAoTGF5ZXItMiBFdGhlcm5ldCBCcmlkZ2luZSBNb2RlKQ0KDQpkZXYgdHVuDQoNCg0KIyMjIyMjIyMjIyMjIyMjIyMjIyMjIyMjIyMjIyMjIyMjIyMjIyMjIyMjIyMjIyMjIyMjIyMjIyMjIyMjIyMjIyMjIyMjIyMjIyMjIyMjIw0KIyBTcGVjaWZ5IHRoZSB1bmRlcmx5aW5nIHByb3RvY29sIGJleW9uZCB0aGUgSW50ZXJuZXQuDQojIE5vdGUgdGhhdCB0aGlzIHNldHRpbmcgbXVzdCBiZSBjb3JyZXNwb25kIHdpdGggdGhlIGxpc3RlbmluZyBzZXR0aW5nIG9uDQojIHRoZSBWUE4gU2VydmVyLg0KIyANCiMgU3BlY2lmeSBlaXRoZXIgJ3Byb3RvIHRjcCcgb3IgJ3Byb3RvIHVkcCcuDQoNCnByb3RvIHRjcA0KDQoNCiMjIyMjIyMjIyMjIyMjIyMjIyMjIyMjIyMjIyMjIyMjIyMjIyMjIyMjIyMjIyMjIyMjIyMjIyMjIyMjIyMjIyMjIyMjIyMjIyMjIyMjIyMNCiMgVGhlIGRlc3RpbmF0aW9uIGhvc3RuYW1lIC8gSVAgYWRkcmVzcywgYW5kIHBvcnQgbnVtYmVyIG9mDQojIHRoZSB0YXJnZXQgVlBOIFNlcnZlci4NCiMgDQojIFlvdSBoYXZlIHRvIHNwZWNpZnkgYXMgJ3JlbW90ZSA8SE9TVE5BTUU+IDxQT1JUPicuIFlvdSBjYW4gYWxzbw0KIyBzcGVjaWZ5IHRoZSBJUCBhZGRyZXNzIGluc3RlYWQgb2YgdGhlIGhvc3RuYW1lLg0KIyANCiMgTm90ZSB0aGF0IHRoZSBhdXRvLWdlbmVyYXRlZCBiZWxvdyBob3N0bmFtZSBhcmUgYSAiYXV0by1kZXRlY3RlZA0KIyBJUCBhZGRyZXNzIiBvZiB0aGUgVlBOIFNlcnZlci4gWW91IGhhdmUgdG8gY29uZmlybSB0aGUgY29ycmVjdG5lc3MNCiMgYmVmb3JlaGFuZC4NCiMgDQojIFdoZW4geW91IHdhbnQgdG8gY29ubmVjdCB0byB0aGUgVlBOIFNlcnZlciBieSB1c2luZyBUQ1AgcHJvdG9jb2wsDQojIHRoZSBwb3J0IG51bWJlciBvZiB0aGUgZGVzdGluYXRpb24gVENQIHBvcnQgc2hvdWxkIGJlIHNhbWUgYXMgb25lIG9mDQojIHRoZSBhdmFpbGFibGUgVENQIGxpc3RlbmVycyBvbiB0aGUgVlBOIFNlcnZlci4NCiMgDQojIFdoZW4geW91IHVzZSBVRFAgcHJvdG9jb2wsIHRoZSBwb3J0IG51bWJlciBtdXN0IHNhbWUgYXMgdGhlIGNvbmZpZ3VyYXRpb24NCiMgc2V0dGluZyBvZiAiT3BlblZQTiBTZXJ2ZXIgQ29tcGF0aWJsZSBGdW5jdGlvbiIgb24gdGhlIFZQTiBTZXJ2ZXIuDQoNCnJlbW90ZSAyMTEuMjUwLjEwOS4xMzAgOTk1DQoNCg0KIyMjIyMjIyMjIyMjIyMjIyMjIyMjIyMjIyMjIyMjIyMjIyMjIyMjIyMjIyMjIyMjIyMjIyMjIyMjIyMjIyMjIyMjIyMjIyMjIyMjIyMjIw0KIyBUaGUgSFRUUC9IVFRQUyBwcm94eSBzZXR0aW5nLg0KIyANCiMgT25seSBpZiB5b3UgaGF2ZSB0byB1c2UgdGhlIEludGVybmV0IHZpYSBhIHByb3h5LCB1bmNvbW1lbnQgdGhlIGJlbG93DQojIHR3byBsaW5lcyBhbmQgc3BlY2lmeSB0aGUgcHJveHkgYWRkcmVzcyBhbmQgdGhlIHBvcnQgbnVtYmVyLg0KIyBJbiB0aGUgY2FzZSBvZiB1c2luZyBwcm94eS1hdXRoZW50aWNhdGlvbiwgcmVmZXIgdGhlIE9wZW5WUE4gbWFudWFsLg0KDQo7aHR0cC1wcm94eS1yZXRyeQ0KO2h0dHAtcHJveHkgW3Byb3h5IHNlcnZlcl0gW3Byb3h5IHBvcnRdDQoNCg0KIyMjIyMjIyMjIyMjIyMjIyMjIyMjIyMjIyMjIyMjIyMjIyMjIyMjIyMjIyMjIyMjIyMjIyMjIyMjIyMjIyMjIyMjIyMjIyMjIyMjIyMjIw0KIyBUaGUgZW5jcnlwdGlvbiBhbmQgYXV0aGVudGljYXRpb24gYWxnb3JpdGhtLg0KIyANCiMgRGVmYXVsdCBzZXR0aW5nIGlzIGdvb2QuIE1vZGlmeSBpdCBhcyB5b3UgcHJlZmVyLg0KIyBXaGVuIHlvdSBzcGVjaWZ5IGFuIHVuc3VwcG9ydGVkIGFsZ29yaXRobSwgdGhlIGVycm9yIHdpbGwgb2NjdXIuDQojIA0KIyBUaGUgc3VwcG9ydGVkIGFsZ29yaXRobXMgYXJlIGFzIGZvbGxvd3M6DQojICBjaXBoZXI6IFtOVUxMLUNJUEhFUl0gTlVMTCBBRVMtMTI4LUNCQyBBRVMtMTkyLUNCQyBBRVMtMjU2LUNCQyBCRi1DQkMNCiMgICAgICAgICAgQ0FTVC1DQkMgQ0FTVDUtQ0JDIERFUy1DQkMgREVTLUVERS1DQkMgREVTLUVERTMtQ0JDIERFU1gtQ0JDDQojICAgICAgICAgIFJDMi00MC1DQkMgUkMyLTY0LUNCQyBSQzItQ0JDDQojICBhdXRoOiAgIFNIQSBTSEExIE1ENSBNRDQgUk1EMTYwDQoNCmNpcGhlciBBRVMtMTI4LUNCQw0KYXV0aCBTSEExDQoNCg0KIyMjIyMjIyMjIyMjIyMjIyMjIyMjIyMjIyMjIyMjIyMjIyMjIyMjIyMjIyMjIyMjIyMjIyMjIyMjIyMjIyMjIyMjIyMjIyMjIyMjIyMjIw0KIyBPdGhlciBwYXJhbWV0ZXJzIG5lY2Vzc2FyeSB0byBjb25uZWN0IHRvIHRoZSBWUE4gU2VydmVyLg0KIyANCiMgSXQgaXMgbm90IHJlY29tbWVuZGVkIHRvIG1vZGlmeSBpdCB1bmxlc3MgeW91IGhhdmUgYSBwYXJ0aWN1bGFyIG5lZWQuDQoNCnJlc29sdi1yZXRyeSBpbmZpbml0ZQ0Kbm9iaW5kDQpwZXJzaXN0LWtleQ0KcGVyc2lzdC10dW4NCmNsaWVudA0KdmVyYiAzDQojYXV0aC11c2VyLXBhc3MNCg0KDQojIyMjIyMjIyMjIyMjIyMjIyMjIyMjIyMjIyMjIyMjIyMjIyMjIyMjIyMjIyMjIyMjIyMjIyMjIyMjIyMjIyMjIyMjIyMjIyMjIyMjIyMjDQojIFRoZSBjZXJ0aWZpY2F0ZSBmaWxlIG9mIHRoZSBkZXN0aW5hdGlvbiBWUE4gU2VydmVyLg0KIyANCiMgVGhlIENBIGNlcnRpZmljYXRlIGZpbGUgaXMgZW1iZWRkZWQgaW4gdGhlIGlubGluZSBmb3JtYXQuDQojIFlvdSBjYW4gcmVwbGFjZSB0aGlzIENBIGNvbnRlbnRzIGlmIG5lY2Vzc2FyeS4NCiMgUGxlYXNlIG5vdGUgdGhhdCBpZiB0aGUgc2VydmVyIGNlcnRpZmljYXRlIGlzIG5vdCBhIHNlbGYtc2lnbmVkLCB5b3UgaGF2ZSB0bw0KIyBzcGVjaWZ5IHRoZSBzaWduZXIncyByb290IGNlcnRpZmljYXRlIChDQSkgaGVyZS4NCg0KPGNhPg0KLS0tLS1CRUdJTiBDRVJUSUZJQ0FURS0tLS0tDQpNSUlGYXpDQ0ExT2dBd0lCQWdJUkFJSVF6N0RTUU9OWlJHUGd1Mk9DaXdBd0RRWUpLb1pJaHZjTkFRRUxCUUF3DQpUekVMTUFrR0ExVUVCaE1DVlZNeEtUQW5CZ05WQkFvVElFbHVkR1Z5Ym1WMElGTmxZM1Z5YVhSNUlGSmxjMlZoDQpjbU5vSUVkeWIzVndNUlV3RXdZRFZRUURFd3hKVTFKSElGSnZiM1FnV0RFd0hoY05NVFV3TmpBME1URXdORE00DQpXaGNOTXpVd05qQTBNVEV3TkRNNFdqQlBNUXN3Q1FZRFZRUUdFd0pWVXpFcE1DY0dBMVVFQ2hNZ1NXNTBaWEp1DQpaWFFnVTJWamRYSnBkSGtnVW1WelpXRnlZMmdnUjNKdmRYQXhGVEFUQmdOVkJBTVRERWxUVWtjZ1VtOXZkQ0JZDQpNVENDQWlJd0RRWUpLb1pJaHZjTkFRRUJCUUFEZ2dJUEFEQ0NBZ29DZ2dJQkFLM29KSFAwRkRmem01NHJWeWdjDQpoNzdjdDk4NGtJeHVQT1pYb0hqM2RjS2kvdlZxYnZZQVR5amIzbWlHYkVTVHRyRmovUlFTYTc4ZjB1b3hteUYrDQowVE04dWtqMTNYbmZzN2ovRXZFaG1rdkJpb1p4YVVwbVpteVBmanh3djYwcElnYno1TURtZ0s3aVM0KzNtWDZVDQpBNS9UUjVkOG1VZ2pVK2c0cms4S2I0TXUwVWxYaklCMHR0b3YwRGlOZXdOd0lSdDE4akE4K28rdTNkcGpxK3NXDQpUOEtPRVV0K3p3dm8vN1YzTHZTeWUwcmdUQklsREhDTkF5bWc0Vk1rN0JQWjdobS9FTE5LakQrSm8yRlIzcXlIDQpCNVQwWTNIc0x1SnZXNWlCNFlsY05IbHNkdTg3a0dKNTV0dWttaThteGRBUTRRN2UyUkNPRnZ1Mzk2ajN4K1VDDQpCNWlQTmdpVjUrSTNsZzAyZFo3N0RuS3hIWnU4QS9sSkJkaUIzUVcwS3RaQjZhd0JkcFVLRDlqZjFiMFNIelV2DQpLQmRzMHBqQnFBbGtkMjVITjdyT3JGbGVhSjEvY3RhSnhRWkJLVDVaUHQwbTlTVEpFYWRhbzB4QUgwYWhtYlduDQpPbEZ1aGp1ZWZYS25FZ1Y0V2UwK1VYZ1ZDd09QamRBdkJiSStlMG9jUzNNRkV2ekc2dUJRRTN4RGszU3p5blRuDQpqaDhCQ05BdzFGdHhOclFIdXNFd01GeEl0NEk3bUtaOVlJcWlveW1DekxxOWd3UWJvb01EUWFIV0JmRWJ3cmJ3DQpxSHlHTzBhb1NDcUkzSGFhZHI4ZmFxVTlHWS9yT1BOazNzZ3JEUW9vLy9mYjRoVkMxQ0xRSjEzaGVmNFk1M0NJDQpyVTdtMllzNnh0MG5VVzcvdkdUMU0wTlBBZ01CQUFHalFqQkFNQTRHQTFVZER3RUIvd1FFQXdJQkJqQVBCZ05WDQpIUk1CQWY4RUJUQURBUUgvTUIwR0ExVWREZ1FXQkJSNXRGbm1lN2JsNUFGemdBaUl5QnBZOXVtYmJqQU5CZ2txDQpoa2lHOXcwQkFRc0ZBQU9DQWdFQVZSOVlxYnl5cUZEUURMSFlHbWtnSnlrSXJHRjFYSXB1K0lMbGFTL1Y5bFpMDQp1Ymh6RUZuVElaZCs1MHh4KzdMU1lLMDVxQXZxRnlGV2hmRlFEbG5yenVCWjZickpGZStHblkrRWdQYms2WkdRDQozQmViWWh0RjhHYVYwbnh2d3VvNzd4L1B5OWF1Si9HcHNNaXUvWDErbXZvaUJPdi8yWC9xa1NzaXNSY09qL0tLDQpORnRZMlB3QnlWUzV1Q2JNaW9nemlVd3RoRHlDMys2V1Z3VzZMTHYzeExmSFRqdUN2akhJSW5Oemt0SENnS1E1DQpPUkF6STRKTVBKK0dzbFdZSGI0cGhvd2ltNTdpYXp0WE9vSndUZHdKeDRuTENnZE5iT2hkanNudnpxdkh1N1VyDQpUa1hXU3RBbXpPVnl5Z2hxcFpYakZhSDNwTzNKTEYrbCsvK3NLQUl1dnRkN3UrTnhlNUFXMHdkZVJsTjhOd2RDDQpqTlBFbHB6Vm1iVXE0SlVhZ0VpdVREa0h6c3hIcEZLVks3cTQrNjNTTTFOOTVSMU5iZFdoc2NkQ2IrWkFKelZjDQpveWkzQjQzbmpUT1E1eU9mKzFDY2VXeEcxYlFWczVadWZwc01sanE0VWkwLzFsdmgrd2pDaFA0a3FLT0oycXhxDQo0Umdxc2FoRFlWdlRIOXc3alhieUxlaU5kZDhYTTJ3OVUvdDd5MEZmLzl5aTBHRTQ0WmE0ckYyTE45ZDExVFBBDQptUkd1blVIQmNuV0V2Z0pCUWw5bkpFaVUwWnNudmdjL3ViaFBnWFJSNFhxMzdaMGo0cjdnMVNnRUV6d3hBNTdkDQplbXlQeGdjWXhuL2VSNDQvS0o0RUJzK2xWRFIzdmV5Sm0ra1hROTliMjEvK2poNVhvczFBblg1aUl0cmVHQ2M9DQotLS0tLUVORCBDRVJUSUZJQ0FURS0tLS0tDQoNCjwvY2E+DQoNCg0KIyMjIyMjIyMjIyMjIyMjIyMjIyMjIyMjIyMjIyMjIyMjIyMjIyMjIyMjIyMjIyMjIyMjIyMjIyMjIyMjIyMjIyMjIyMjIyMjIyMjIyMjIw0KIyBUaGUgY2xpZW50IGNlcnRpZmljYXRlIGZpbGUgKGR1bW15KS4NCiMgDQojIEluIHNvbWUgaW1wbGVtZW50YXRpb25zIG9mIE9wZW5WUE4gQ2xpZW50IHNvZnR3YXJlDQojIChmb3IgZXhhbXBsZTogT3BlblZQTiBDbGllbnQgZm9yIGlPUyksDQojIGEgcGFpciBvZiBjbGllbnQgY2VydGlmaWNhdGUgYW5kIHByaXZhdGUga2V5IG11c3QgYmUgaW5jbHVkZWQgb24gdGhlDQojIGNvbmZpZ3VyYXRpb24gZmlsZSBkdWUgdG8gdGhlIGxpbWl0YXRpb24gb2YgdGhlIGNsaWVudC4NCiMgU28gdGhpcyBzYW1wbGUgY29uZmlndXJhdGlvbiBmaWxlIGhhcyBhIGR1bW15IHBhaXIgb2YgY2xpZW50IGNlcnRpZmljYXRlDQojIGFuZCBwcml2YXRlIGtleSBhcyBmb2xsb3dzLg0KDQo8Y2VydD4NCi0tLS0tQkVHSU4gQ0VSVElGSUNBVEUtLS0tLQ0KTUlJQ3hqQ0NBYTRDQVFBd0RRWUpLb1pJaHZjTkFRRUZCUUF3S1RFYU1CZ0dBMVVFQXhNUlZsQk9SMkYwWlVOcw0KYVdWdWRFTmxjblF4Q3pBSkJnTlZCQVlUQWtwUU1CNFhEVEV6TURJeE1UQXpORGswT1ZvWERUTTNNREV4T1RBeg0KTVRRd04xb3dLVEVhTUJnR0ExVUVBeE1SVmxCT1IyRjBaVU5zYVdWdWRFTmxjblF4Q3pBSkJnTlZCQVlUQWtwUQ0KTUlJQklqQU5CZ2txaGtpRzl3MEJBUUVGQUFPQ0FROEFNSUlCQ2dLQ0FRRUE1aDJsZ1FRWVVqd29LWUpielZaQQ0KNVZjSUdkNW90UGMvcVpSTXQwS0l0Q0ZBMHM5UndSZU5WYTlmRFJGTFJCaGNJVE9sdjNGQmNXM0U4aDFVczdSRA0KNFc4R21KZTh6YXBKbkxzRDM5T1NNUkN6WkpuY3pXNE9DSDFQWlJaV0txRHRqbE5jYTlBRjhhNjVqVG1sRHhDUQ0KQ2pudExJV2s1T0xMVmtGdDkvdFNjYzFHRHRjaTU1b2ZoYU5BWU1QaUg3VjgrMWc2NnBHSFhBb1dLNkFRVkg2Nw0KWENLSm5HQjVubFErSHNNWVBWL080OUxkOTFaTi8ydEhrY2FMTHlOdHl3eFZQUlNzUmg0ODBqanUwZmNDc3Y2aA0KcC8weVhuVEIvL21XdXRCR3BkVWxJYndpSVRiQW1yc2JZbmppZ1J2blBxWDFSTkpVYmk5RnA2QzJjL0hJRkpHRA0KeXdJREFRQUJNQTBHQ1NxR1NJYjNEUUVCQlFVQUE0SUJBUUNoTzVoZ2N3LzRvV2ZvRUZMdTlrQmExQi8va3hIOA0KaFFrQ2hWTm44QlJDN1kwVVJRaXRQbDNES0VlZDlVUkJEZGcyS09Bejc3YmI2RU5QaWxpRCthMzhVSkhJUk1xZQ0KVUJIaGxsT0hJenZEaEhGYmFvdkFMQlFjZWVCemRrUXhzS1FFU0ttUW1SODMyOTUwVUNvdm95UkI2MVV5QVY3aA0KK21aaFlQR1JLWEtTSkk2czBFZ2cvQ3JpK0N3azRiakpmcmI1aFZzZTExeWg0RDlNSGh3U2ZDT0grMHo0aFBVVA0KRmt1N2RHYXZVUk81U1Z4TW4vc0w2RW41RCtvU2VYa2FkSHBEcytBaXJ5bTJZSGgxNWgwK2pQU09vUjZ5aVZwLw0KNnpaZVprck40M2t1UzczS3BLREZqZkZQaDh0NHIxZ09JanR0a05jUXFCY2N1c25wbFE3SEpwc2sNCi0tLS0tRU5EIENFUlRJRklDQVRFLS0tLS0NCg0KPC9jZXJ0Pg0KDQo8a2V5Pg0KLS0tLS1CRUdJTiBSU0EgUFJJVkFURSBLRVktLS0tLQ0KTUlJRXBBSUJBQUtDQVFFQTVoMmxnUVFZVWp3b0tZSmJ6VlpBNVZjSUdkNW90UGMvcVpSTXQwS0l0Q0ZBMHM5Ug0Kd1JlTlZhOWZEUkZMUkJoY0lUT2x2M0ZCY1czRThoMVVzN1JENFc4R21KZTh6YXBKbkxzRDM5T1NNUkN6WkpuYw0Kelc0T0NIMVBaUlpXS3FEdGpsTmNhOUFGOGE2NWpUbWxEeENRQ2pudExJV2s1T0xMVmtGdDkvdFNjYzFHRHRjaQ0KNTVvZmhhTkFZTVBpSDdWOCsxZzY2cEdIWEFvV0s2QVFWSDY3WENLSm5HQjVubFErSHNNWVBWL080OUxkOTFaTg0KLzJ0SGtjYUxMeU50eXd4VlBSU3NSaDQ4MGpqdTBmY0NzdjZocC8weVhuVEIvL21XdXRCR3BkVWxJYndpSVRiQQ0KbXJzYlluamlnUnZuUHFYMVJOSlViaTlGcDZDMmMvSElGSkdEeXdJREFRQUJBb0lCQUVSVjdYNUF2eEE4dVJpSw0KazhTSXBzRDBkWDFwSk9NSXdha1VWeXZjNEVmTjBEaEtSTmI0cllvU2lFR1RMeXpMcHlCYy9BMjhEbGttNWVPWQ0KZmp6WGZZa0d0WWkvRnR4a2czTzl2Y3JNUTQrNmkrdUdIYUlMMnJMK3M0TXJmTzh2MXh2NitXa3kzM0VFR0NvdQ0KUWl3VkdSRlFYblJvUTYyTkJDRmJVTkxobVh3ZGoxYWtaekxVNHA1UjR6QTNRaGR4d0VJYXRWTHQwKzdvd0xRMw0KbFA4c2ZYaHBwUE9YalRxTUQ0UWtZd3pQQWE4L3pGN2FjbjRrcnlyVVA3UTZQQWZkMHpFVnFOeTlaQ1o5ZmZobw0KelhlZEZqNDg2SUZvYzVnblRwMk42anNuVmo0TENHSWhsVkhsWUdvektLRnFKY1FWR3NIQ3FxMW96MnpqVzZMUw0Kb1JZSUhnRUNnWUVBOHpacmtDd05ZU1hKdU9ESjNtL2hPTFZ4Y3hnSnV3WG9pRXJXZDBFNDJ2UGFuampWTWhudA0KS1k1bDhxR01KNkZoSzlMWXgycUNyZi9FMFh0VUFaMndWcTNPUlR5R25zTVdyZTl0TFlzNTVYK1pOMTBUYzc1eg0KNGhhY2JVMGhxS04xSGlEbXNNUlkzLzJOYVpIb3k3TUtud0pKQmFHNDhsOUNDVGxWd01Ib2NJRUNnWUVBOGpieQ0KZEdqeFRIKzZYSFdOaXpiNVNSYlp4QW55RWVKZVJ3VE1oMGdHendHUHBIL3NaWUd6eXUwU3lTWFdDblpoM1JncQ0KNXVMbE54dHJYcmxqWmx5aTJuUWRRZ3NxMllyV1VzMCt6Z1UrMjJ1UXNacFNBZnRtaFZydHZldDZNalZqYkJ5WQ0KREFEY2lFVlVkSllJWGsrcW5GVUp5ZXJvTElrVGo3V1lLWjZSamtzQ2dZQm9DRkl3UkRlZzQyb0s4OVJGbW5Pcg0KTHltTkFxNCsyb01oc1dsVmI0ZWpXSVdlQWs5bmMrR1hVZnJYc3pSaFMwMW1VblU1cjV5Z1V2UmNhclYvVDNVNw0KVG5NWitJN1k0RGdXUklEZDUxem5oeElCdFlWNWovQy90ODVIanFPa0grOGI2UlRrYmNoYVgzbWF1N2ZwVWZkcw0KRnEwbmhJcTQyZmhFTzhzcmZZWXdnUUtCZ1FDeWhpMU4vOHRhUndwayszL0lERXpRd2piZmR6VWtXV1NEazlYcw0KSC9wa3VSSFdmVE1QM2ZsV3FFWWdXL0xXNDBwZVcySERxNWltZFY4K0FnWnhlL1hNYmFqaTlMZ3dmMVJZMDA1bg0KS3hhWlF6N3lxSHVwV2xMR0Y2OERQSHhrWlZWU2FnRG5WL3N6dFdYNlNGc0NxRlZueElYaWZYR0M0Y1c1Tm05Zw0KdmE4cTRRS0JnUUNFaExWZVVmZHdLdmtaOTRnL0dGejczMVoyaHJkVmhnTVphVS91NnQwVjk1K1llelBOQ1FaQg0Kd21FOU1tbGJxMWVtRGVST2l2akNmb0doUjNrWlhXMXBUS2xMaDZaTVVRVU9wcHRkWHZhOFh4Zm9xUXdhM2VuQQ0KTTdtdUJiRjBYTjdWTzgwaUpQditQbUlaZEVJQWtwd0tmaTIwMVlCK0JhZkNJdUd4SUY1MFZnPT0NCi0tLS0tRU5EIFJTQSBQUklWQVRFIEtFWS0tLS0tDQoNCjwva2V5Pg0KDQo=
vpn147796427,121.170.150.69,551301,34,191478666,Korea Republic of,KR,5,0,242851,23501073910968,2weeks,DESKTOP-TFHET2S's owner,,IyMjIyMjIyMjIyMjIyMjIyMjIyMjIyMjIyMjIyMjIyMjIyMjIyMjIyMjIyMjIyMjIyMjIyMjIyMjIyMjIyMjIyMjIyMjIyMjIyMjIyMjIw0KIyBPcGVuVlBOIDIuMCBTYW1wbGUgQ29uZmlndXJhdGlvbiBGaWxlDQojIGZvciBQYWNrZXRpWCBWUE4gLyBTb2Z0RXRoZXIgVlBOIFNlcnZlcg0KIyANCiMgISEhIEFVVE8tR0VORVJBVEVEIEJZIFNPRlRFVEhFUiBWUE4gU0VSVkVSIE1BTkFHRU1FTlQgVE9PTCAhISENCiMgDQojICEhISBZT1UgSEFWRSBUTyBSRVZJRVcgSVQgQkVGT1JFIFVTRSBBTkQgTU9ESUZZIElUIEFTIE5FQ0VTU0FSWSAhISENCiMgDQojIFRoaXMgY29uZmlndXJhdGlvbiBmaWxlIGlzIGF1dG8tZ2VuZXJhdGVkLiBZb3UgbWlnaHQgdXNlIHRoaXMgY29uZmlnIGZpbGUNCiMgaW4gb3JkZXIgdG8gY29ubmVjdCB0byB0aGUgUGFja2V0aVggVlBOIC8gU29mdEV0aGVyIFZQTiBTZXJ2ZXIuDQojIEhvd2V2ZXIsIGJlZm9yZSB5b3UgdHJ5IGl0LCB5b3Ugc2hvdWxkIHJldmlldyB0aGUgZGVzY3JpcHRpb25zIG9mIHRoZSBmaWxlDQojIHRvIGRldGVybWluZSB0aGUgbmVjZXNzaXR5IHRvIG1vZGlmeSB0byBzdWl0YWJsZSBmb3IgeW91ciByZWFsIGVudmlyb25tZW50Lg0KIyBJZiBuZWNlc3NhcnksIHlvdSBoYXZlIHRvIG1vZGlmeSBhIGxpdHRsZSBhZGVxdWF0ZWx5IG9uIHRoZSBmaWxlLg0KIyBGb3IgZXhhbXBsZSwgdGhlIElQIGFkZHJlc3Mgb3IgdGhlIGhvc3RuYW1lIGFzIGEgZGVzdGluYXRpb24gVlBOIFNlcnZlcg0KIyBzaG91bGQgYmUgY29uZmlybWVkLg0KIyANCiMgTm90ZSB0aGF0IHRvIHVzZSBPcGVuVlBOIDIuMCwgeW91IGhhdmUgdG8gcHV0IHRoZSBjZXJ0aWZpY2F0aW9uIGZpbGUgb2YNCiMgdGhlIGRlc3RpbmF0aW9uIFZQTiBTZXJ2ZXIgb24gdGhlIE9wZW5WUE4gQ2xpZW50IGNvbXB1dGVyIHdoZW4geW91IHVzZSB0aGlzDQojIGNvbmZpZyBmaWxlLiBQbGVhc2UgcmVmZXIgdGhlIGJlbG93IGRlc2NyaXB0aW9ucyBjYXJlZnVsbHkuDQoNCg0KIyMjIyMjIyMjIyMjIyMjIyMjIyMjIyMjIyMjIyMjIyMjIyMjIyMjIyMjIyMjIyMjIyMjIyMjIyMjIyMjIyMjIyMjIyMjIyMjIyMjIyMjIw0KIyBTcGVjaWZ5IHRoZSB0eXBlIG9mIHRoZSBsYXllciBvZiB0aGUgVlBOIGNvbm5lY3Rpb24uDQojIA0KIyBUbyBjb25uZWN0IHRvIHRoZSBWUE4gU2VydmVyIGFzIGEgIlJlbW90ZS1BY2Nlc3MgVlBOIENsaWVudCBQQyIsDQojICBzcGVjaWZ5ICdkZXYgdHVuJy4gKExheWVyLTMgSVAgUm91dGluZyBNb2RlKQ0KIw0KIyBUbyBjb25uZWN0IHRvIHRoZSBWUE4gU2VydmVyIGFzIGEgYnJpZGdpbmcgZXF1aXBtZW50IG9mICJTaXRlLXRvLVNpdGUgVlBOIiwNCiMgIHNwZWNpZnkgJ2RldiB0YXAnLiAoTGF5ZXItMiBFdGhlcm5ldCBCcmlkZ2luZSBNb2RlKQ0KDQpkZXYgdHVuDQoNCg0KIyMjIyMjIyMjIyMjIyMjIyMjIyMjIyMjIyMjIyMjIyMjIyMjIyMjIyMjIyMjIyMjIyMjIyMjIyMjIyMjIyMjIyMjIyMjIyMjIyMjIyMjIw0KIyBTcGVjaWZ5IHRoZSB1bmRlcmx5aW5nIHByb3RvY29sIGJleW9uZCB0aGUgSW50ZXJuZXQuDQojIE5vdGUgdGhhdCB0aGlzIHNldHRpbmcgbXVzdCBiZSBjb3JyZXNwb25kIHdpdGggdGhlIGxpc3RlbmluZyBzZXR0aW5nIG9uDQojIHRoZSBWUE4gU2VydmVyLg0KIyANCiMgU3BlY2lmeSBlaXRoZXIgJ3Byb3RvIHRjcCcgb3IgJ3Byb3RvIHVkcCcuDQoNCnByb3RvIHRjcA0KDQoNCiMjIyMjIyMjIyMjIyMjIyMjIyMjIyMjIyMjIyMjIyMjIyMjIyMjIyMjIyMjIyMjIyMjIyMjIyMjIyMjIyMjIyMjIyMjIyMjIyMjIyMjIyMNCiMgVGhlIGRlc3RpbmF0aW9uIGhvc3RuYW1lIC8gSVAgYWRkcmVzcywgYW5kIHBvcnQgbnVtYmVyIG9mDQojIHRoZSB0YXJnZXQgVlBOIFNlcnZlci4NCiMgDQojIFlvdSBoYXZlIHRvIHNwZWNpZnkgYXMgJ3JlbW90ZSA8SE9TVE5BTUU+IDxQT1JUPicuIFlvdSBjYW4gYWxzbw0KIyBzcGVjaWZ5IHRoZSBJUCBhZGRyZXNzIGluc3RlYWQgb2YgdGhlIGhvc3RuYW1lLg0KIyANCiMgTm90ZSB0aGF0IHRoZSBhdXRvLWdlbmVyYXRlZCBiZWxvdyBob3N0bmFtZSBhcmUgYSAiYXV0by1kZXRlY3RlZA0KIyBJUCBhZGRyZXNzIiBvZiB0aGUgVlBOIFNlcnZlci4gWW91IGhhdmUgdG8gY29uZmlybSB0aGUgY29ycmVjdG5lc3MNCiMgYmVmb3JlaGFuZC4NCiMgDQojIFdoZW4geW91IHdhbnQgdG8gY29ubmVjdCB0byB0aGUgVlBOIFNlcnZlciBieSB1c2luZyBUQ1AgcHJvdG9jb2wsDQojIHRoZSBwb3J0IG51bWJlciBvZiB0aGUgZGVzdGluYXRpb24gVENQIHBvcnQgc2hvdWxkIGJlIHNhbWUgYXMgb25lIG9mDQojIHRoZSBhdmFpbGFibGUgVENQIGxpc3RlbmVycyBvbiB0aGUgVlBOIFNlcnZlci4NCiMgDQojIFdoZW4geW91IHVzZSBVRFAgcHJvdG9jb2wsIHRoZSBwb3J0IG51bWJlciBtdXN0IHNhbWUgYXMgdGhlIGNvbmZpZ3VyYXRpb24NCiMgc2V0dGluZyBvZiAiT3BlblZQTiBTZXJ2ZXIgQ29tcGF0aWJsZSBGdW5jdGlvbiIgb24gdGhlIFZQTiBTZXJ2ZXIuDQoNCnJlbW90ZSAxMjEuMTcwLjE1MC42OSA5OTUNCg0KDQojIyMjIyMjIyMjIyMjIyMjIyMjIyMjIyMjIyMjIyMjIyMjIyMjIyMjIyMjIyMjIyMjIyMjIyMjIyMjIyMjIyMjIyMjIyMjIyMjIyMjIyMjDQojIFRoZSBIVFRQL0hUVFBTIHByb3h5IHNldHRpbmcuDQojIA0KIyBPbmx5IGlmIHlvdSBoYXZlIHRvIHVzZSB0aGUgSW50ZXJuZXQgdmlhIGEgcHJveHksIHVuY29tbWVudCB0aGUgYmVsb3cNCiMgdHdvIGxpbmVzIGFuZCBzcGVjaWZ5IHRoZSBwcm94eSBhZGRyZXNzIGFuZCB0aGUgcG9ydCBudW1iZXIuDQojIEluIHRoZSBjYXNlIG9mIHVzaW5nIHByb3h5LWF1dGhlbnRpY2F0aW9uLCByZWZlciB0aGUgT3BlblZQTiBtYW51YWwuDQoNCjtodHRwLXByb3h5LXJldHJ5DQo7aHR0cC1wcm94eSBbcHJveHkgc2VydmVyXSBbcHJveHkgcG9ydF0NCg0KDQojIyMjIyMjIyMjIyMjIyMjIyMjIyMjIyMjIyMjIyMjIyMjIyMjIyMjIyMjIyMjIyMjIyMjIyMjIyMjIyMjIyMjIyMjIyMjIyMjIyMjIyMjDQojIFRoZSBlbmNyeXB0aW9uIGFuZCBhdXRoZW50aWNhdGlvbiBhbGdvcml0aG0uDQojIA0KIyBEZWZhdWx0IHNldHRpbmcgaXMgZ29vZC4gTW9kaWZ5IGl0IGFzIHlvdSBwcmVmZXIuDQojIFdoZW4geW91IHNwZWNpZnkgYW4gdW5zdXBwb3J0ZWQgYWxnb3JpdGhtLCB0aGUgZXJyb3Igd2lsbCBvY2N1ci4NCiMgDQojIFRoZSBzdXBwb3J0ZWQgYWxnb3JpdGhtcyBhcmUgYXMgZm9sbG93czoNCiMgIGNpcGhlcjogW05VTEwtQ0lQSEVSXSBOVUxMIEFFUy0xMjgtQ0JDIEFFUy0xOTItQ0JDIEFFUy0yNTYtQ0JDIEJGLUNCQw0KIyAgICAgICAgICBDQVNULUNCQyBDQVNUNS1DQkMgREVTLUNCQyBERVMtRURFLUNCQyBERVMtRURFMy1DQkMgREVTWC1DQkMNCiMgICAgICAgICAgUkMyLTQwLUNCQyBSQzItNjQtQ0JDIFJDMi1DQkMNCiMgIGF1dGg6ICAgU0hBIFNIQTEgTUQ1IE1ENCBSTUQxNjANCg0KY2lwaGVyIEFFUy0xMjgtQ0JDDQphdXRoIFNIQTENCg0KDQojIyMjIyMjIyMjIyMjIyMjIyMjIyMjIyMjIyMjIyMjIyMjIyMjIyMjIyMjIyMjIyMjIyMjIyMjIyMjIyMjIyMjIyMjIyMjIyMjIyMjIyMjDQojIE90aGVyIHBhcmFtZXRlcnMgbmVjZXNzYXJ5IHRvIGNvbm5lY3QgdG8gdGhlIFZQTiBTZXJ2ZXIuDQojIA0KIyBJdCBpcyBub3QgcmVjb21tZW5kZWQgdG8gbW9kaWZ5IGl0IHVubGVzcyB5b3UgaGF2ZSBhIHBhcnRpY3VsYXIgbmVlZC4NCg0KcmVzb2x2LXJldHJ5IGluZmluaXRlDQpub2JpbmQNCnBlcnNpc3Qta2V5DQpwZXJzaXN0LXR1bg0KY2xpZW50DQp2ZXJiIDMNCiNhdXRoLXVzZXItcGFzcw0KDQoNCiMjIyMjIyMjIyMjIyMjIyMjIyMjIyMjIyMjIyMjIyMjIyMjIyMjIyMjIyMjIyMjIyMjIyMjIyMjIyMjIyMjIyMjIyMjIyMjIyMjIyMjIyMNCiMgVGhlIGNlcnRpZmljYXRlIGZpbGUgb2YgdGhlIGRlc3RpbmF0aW9uIFZQTiBTZXJ2ZXIuDQojIA0KIyBUaGUgQ0EgY2VydGlmaWNhdGUgZmlsZSBpcyBlbWJlZGRlZCBpbiB0aGUgaW5saW5lIGZvcm1hdC4NCiMgWW91IGNhbiByZXBsYWNlIHRoaXMgQ0EgY29udGVudHMgaWYgbmVjZXNzYXJ5Lg0KIyBQbGVhc2Ugbm90ZSB0aGF0IGlmIHRoZSBzZXJ2ZXIgY2VydGlmaWNhdGUgaXMgbm90IGEgc2VsZi1zaWduZWQsIHlvdSBoYXZlIHRvDQojIHNwZWNpZnkgdGhlIHNpZ25lcidzIHJvb3QgY2VydGlmaWNhdGUgKENBKSBoZXJlLg0KDQo8Y2E+DQotLS0tLUJFR0lOIENFUlRJRklDQVRFLS0tLS0NCk1JSUZhekNDQTFPZ0F3SUJBZ0lSQUlJUXo3RFNRT05aUkdQZ3UyT0Npd0F3RFFZSktvWklodmNOQVFFTEJRQXcNClR6RUxNQWtHQTFVRUJoTUNWVk14S1RBbkJnTlZCQW9USUVsdWRHVnlibVYwSUZObFkzVnlhWFI1SUZKbGMyVmgNCmNtTm9JRWR5YjNWd01SVXdFd1lEVlFRREV3eEpVMUpISUZKdmIzUWdXREV3SGhjTk1UVXdOakEwTVRFd05ETTQNCldoY05NelV3TmpBME1URXdORE00V2pCUE1Rc3dDUVlEVlFRR0V3SlZVekVwTUNjR0ExVUVDaE1nU1c1MFpYSnUNClpYUWdVMlZqZFhKcGRIa2dVbVZ6WldGeVkyZ2dSM0p2ZFhBeEZUQVRCZ05WQkFNVERFbFRVa2NnVW05dmRDQlkNCk1UQ0NBaUl3RFFZSktvWklodmNOQVFFQkJRQURnZ0lQQURDQ0Fnb0NnZ0lCQUszb0pIUDBGRGZ6bTU0clZ5Z2MNCmg3N2N0OTg0a0l4dVBPWlhvSGozZGNLaS92VnFidllBVHlqYjNtaUdiRVNUdHJGai9SUVNhNzhmMHVveG15RisNCjBUTTh1a2oxM1huZnM3ai9FdkVobWt2QmlvWnhhVXBtWm15UGZqeHd2NjBwSWdiejVNRG1nSzdpUzQrM21YNlUNCkE1L1RSNWQ4bVVnalUrZzRyazhLYjRNdTBVbFhqSUIwdHRvdjBEaU5ld053SVJ0MThqQTgrbyt1M2RwanErc1cNClQ4S09FVXQrend2by83VjNMdlN5ZTByZ1RCSWxESENOQXltZzRWTWs3QlBaN2htL0VMTktqRCtKbzJGUjNxeUgNCkI1VDBZM0hzTHVKdlc1aUI0WWxjTkhsc2R1ODdrR0o1NXR1a21pOG14ZEFRNFE3ZTJSQ09GdnUzOTZqM3grVUMNCkI1aVBOZ2lWNStJM2xnMDJkWjc3RG5LeEhadThBL2xKQmRpQjNRVzBLdFpCNmF3QmRwVUtEOWpmMWIwU0h6VXYNCktCZHMwcGpCcUFsa2QyNUhON3JPckZsZWFKMS9jdGFKeFFaQktUNVpQdDBtOVNUSkVhZGFvMHhBSDBhaG1iV24NCk9sRnVoanVlZlhLbkVnVjRXZTArVVhnVkN3T1BqZEF2QmJJK2Uwb2NTM01GRXZ6RzZ1QlFFM3hEazNTenluVG4NCmpoOEJDTkF3MUZ0eE5yUUh1c0V3TUZ4SXQ0STdtS1o5WUlxaW95bUN6THE5Z3dRYm9vTURRYUhXQmZFYndyYncNCnFIeUdPMGFvU0NxSTNIYWFkcjhmYXFVOUdZL3JPUE5rM3NnckRRb28vL2ZiNGhWQzFDTFFKMTNoZWY0WTUzQ0kNCnJVN20yWXM2eHQwblVXNy92R1QxTTBOUEFnTUJBQUdqUWpCQU1BNEdBMVVkRHdFQi93UUVBd0lCQmpBUEJnTlYNCkhSTUJBZjhFQlRBREFRSC9NQjBHQTFVZERnUVdCQlI1dEZubWU3Ymw1QUZ6Z0FpSXlCcFk5dW1iYmpBTkJna3ENCmhraUc5dzBCQVFzRkFBT0NBZ0VBVlI5WXFieXlxRkRRRExIWUdta2dKeWtJckdGMVhJcHUrSUxsYVMvVjlsWkwNCnViaHpFRm5USVpkKzUweHgrN0xTWUswNXFBdnFGeUZXaGZGUURsbnJ6dUJaNmJySkZlK0duWStFZ1BiazZaR1ENCjNCZWJZaHRGOEdhVjBueHZ3dW83N3gvUHk5YXVKL0dwc01pdS9YMSttdm9pQk92LzJYL3FrU3Npc1JjT2ovS0sNCk5GdFkyUHdCeVZTNXVDYk1pb2d6aVV3dGhEeUMzKzZXVndXNkxMdjN4TGZIVGp1Q3ZqSElJbk56a3RIQ2dLUTUNCk9SQXpJNEpNUEorR3NsV1lIYjRwaG93aW01N2lhenRYT29Kd1Rkd0p4NG5MQ2dkTmJPaGRqc252enF2SHU3VXINClRrWFdTdEFtek9WeXlnaHFwWlhqRmFIM3BPM0pMRitsKy8rc0tBSXV2dGQ3dStOeGU1QVcwd2RlUmxOOE53ZEMNCmpOUEVscHpWbWJVcTRKVWFnRWl1VERrSHpzeEhwRktWSzdxNCs2M1NNMU45NVIxTmJkV2hzY2RDYitaQUp6VmMNCm95aTNCNDNualRPUTV5T2YrMUNjZVd4RzFiUVZzNVp1ZnBzTWxqcTRVaTAvMWx2aCt3akNoUDRrcUtPSjJxeHENCjRSZ3FzYWhEWVZ2VEg5dzdqWGJ5TGVpTmRkOFhNMnc5VS90N3kwRmYvOXlpMEdFNDRaYTRyRjJMTjlkMTFUUEENCm1SR3VuVUhCY25XRXZnSkJRbDluSkVpVTBac252Z2MvdWJoUGdYUlI0WHEzN1owajRyN2cxU2dFRXp3eEE1N2QNCmVteVB4Z2NZeG4vZVI0NC9LSjRFQnMrbFZEUjN2ZXlKbStrWFE5OWIyMS8ramg1WG9zMUFuWDVpSXRyZUdDYz0NCi0tLS0tRU5EIENFUlRJRklDQVRFLS0tLS0NCg0KPC9jYT4NCg0KDQojIyMjIyMjIyMjIyMjIyMjIyMjIyMjIyMjIyMjIyMjIyMjIyMjIyMjIyMjIyMjIyMjIyMjIyMjIyMjIyMjIyMjIyMjIyMjIyMjIyMjIyMjDQojIFRoZSBjbGllbnQgY2VydGlmaWNhdGUgZmlsZSAoZHVtbXkpLg0KIyANCiMgSW4gc29tZSBpbXBsZW1lbnRhdGlvbnMgb2YgT3BlblZQTiBDbGllbnQgc29mdHdhcmUNCiMgKGZvciBleGFtcGxlOiBPcGVuVlBOIENsaWVudCBmb3IgaU9TKSwNCiMgYSBwYWlyIG9mIGNsaWVudCBjZXJ0aWZpY2F0ZSBhbmQgcHJpdmF0ZSBrZXkgbXVzdCBiZSBpbmNsdWRlZCBvbiB0aGUNCiMgY29uZmlndXJhdGlvbiBmaWxlIGR1ZSB0byB0aGUgbGltaXRhdGlvbiBvZiB0aGUgY2xpZW50Lg0KIyBTbyB0aGlzIHNhbXBsZSBjb25maWd1cmF0aW9uIGZpbGUgaGFzIGEgZHVtbXkgcGFpciBvZiBjbGllbnQgY2VydGlmaWNhdGUNCiMgYW5kIHByaXZhdGUga2V5IGFzIGZvbGxvd3MuDQoNCjxjZXJ0Pg0KLS0tLS1CRUdJTiBDRVJUSUZJQ0FURS0tLS0tDQpNSUlDeGpDQ0FhNENBUUF3RFFZSktvWklodmNOQVFFRkJRQXdLVEVhTUJnR0ExVUVBeE1SVmxCT1IyRjBaVU5zDQphV1Z1ZEVObGNuUXhDekFKQmdOVkJBWVRBa3BRTUI0WERURXpNREl4TVRBek5EazBPVm9YRFRNM01ERXhPVEF6DQpNVFF3TjFvd0tURWFNQmdHQTFVRUF4TVJWbEJPUjJGMFpVTnNhV1Z1ZEVObGNuUXhDekFKQmdOVkJBWVRBa3BRDQpNSUlCSWpBTkJna3Foa2lHOXcwQkFRRUZBQU9DQVE4QU1JSUJDZ0tDQVFFQTVoMmxnUVFZVWp3b0tZSmJ6VlpBDQo1VmNJR2Q1b3RQYy9xWlJNdDBLSXRDRkEwczlSd1JlTlZhOWZEUkZMUkJoY0lUT2x2M0ZCY1czRThoMVVzN1JEDQo0VzhHbUplOHphcEpuTHNEMzlPU01SQ3paSm5jelc0T0NIMVBaUlpXS3FEdGpsTmNhOUFGOGE2NWpUbWxEeENRDQpDam50TElXazVPTExWa0Z0OS90U2NjMUdEdGNpNTVvZmhhTkFZTVBpSDdWOCsxZzY2cEdIWEFvV0s2QVFWSDY3DQpYQ0tKbkdCNW5sUStIc01ZUFYvTzQ5TGQ5MVpOLzJ0SGtjYUxMeU50eXd4VlBSU3NSaDQ4MGpqdTBmY0NzdjZoDQpwLzB5WG5UQi8vbVd1dEJHcGRVbElid2lJVGJBbXJzYlluamlnUnZuUHFYMVJOSlViaTlGcDZDMmMvSElGSkdEDQp5d0lEQVFBQk1BMEdDU3FHU0liM0RRRUJCUVVBQTRJQkFRQ2hPNWhnY3cvNG9XZm9FRkx1OWtCYTFCLy9reEg4DQpoUWtDaFZObjhCUkM3WTBVUlFpdFBsM0RLRWVkOVVSQkRkZzJLT0F6NzdiYjZFTlBpbGlEK2EzOFVKSElSTXFlDQpVQkhobGxPSEl6dkRoSEZiYW92QUxCUWNlZUJ6ZGtReHNLUUVTS21RbVI4MzI5NTBVQ292b3lSQjYxVXlBVjdoDQorbVpoWVBHUktYS1NKSTZzMEVnZy9DcmkrQ3drNGJqSmZyYjVoVnNlMTF5aDREOU1IaHdTZkNPSCswejRoUFVUDQpGa3U3ZEdhdlVSTzVTVnhNbi9zTDZFbjVEK29TZVhrYWRIcERzK0FpcnltMllIaDE1aDAralBTT29SNnlpVnAvDQo2elplWmtyTjQza3VTNzNLcEtERmpmRlBoOHQ0cjFnT0lqdHRrTmNRcUJjY3VzbnBsUTdISnBzaw0KLS0tLS1FTkQgQ0VSVElGSUNBVEUtLS0tLQ0KDQo8L2NlcnQ+DQoNCjxrZXk+DQotLS0tLUJFR0lOIFJTQSBQUklWQVRFIEtFWS0tLS0tDQpNSUlFcEFJQkFBS0NBUUVBNWgybGdRUVlVandvS1lKYnpWWkE1VmNJR2Q1b3RQYy9xWlJNdDBLSXRDRkEwczlSDQp3UmVOVmE5ZkRSRkxSQmhjSVRPbHYzRkJjVzNFOGgxVXM3UkQ0VzhHbUplOHphcEpuTHNEMzlPU01SQ3paSm5jDQp6VzRPQ0gxUFpSWldLcUR0amxOY2E5QUY4YTY1alRtbER4Q1FDam50TElXazVPTExWa0Z0OS90U2NjMUdEdGNpDQo1NW9maGFOQVlNUGlIN1Y4KzFnNjZwR0hYQW9XSzZBUVZINjdYQ0tKbkdCNW5sUStIc01ZUFYvTzQ5TGQ5MVpODQovMnRIa2NhTEx5TnR5d3hWUFJTc1JoNDgwamp1MGZjQ3N2NmhwLzB5WG5UQi8vbVd1dEJHcGRVbElid2lJVGJBDQptcnNiWW5qaWdSdm5QcVgxUk5KVWJpOUZwNkMyYy9ISUZKR0R5d0lEQVFBQkFvSUJBRVJWN1g1QXZ4QTh1UmlLDQprOFNJcHNEMGRYMXBKT01Jd2FrVVZ5dmM0RWZOMERoS1JOYjRyWW9TaUVHVEx5ekxweUJjL0EyOERsa201ZU9ZDQpmanpYZllrR3RZaS9GdHhrZzNPOXZjck1RNCs2aSt1R0hhSUwyckwrczRNcmZPOHYxeHY2K1dreTMzRUVHQ291DQpRaXdWR1JGUVhuUm9RNjJOQkNGYlVOTGhtWHdkajFha1p6TFU0cDVSNHpBM1FoZHh3RUlhdFZMdDArN293TFEzDQpsUDhzZlhocHBQT1hqVHFNRDRRa1l3elBBYTgvekY3YWNuNGtyeXJVUDdRNlBBZmQwekVWcU55OVpDWjlmZmhvDQp6WGVkRmo0ODZJRm9jNWduVHAyTjZqc25WajRMQ0dJaGxWSGxZR296S0tGcUpjUVZHc0hDcXExb3oyempXNkxTDQpvUllJSGdFQ2dZRUE4elpya0N3TllTWEp1T0RKM20vaE9MVnhjeGdKdXdYb2lFcldkMEU0MnZQYW5qalZNaG50DQpLWTVsOHFHTUo2RmhLOUxZeDJxQ3JmL0UwWHRVQVoyd1ZxM09SVHlHbnNNV3JlOXRMWXM1NVgrWk4xMFRjNzV6DQo0aGFjYlUwaHFLTjFIaURtc01SWTMvMk5hWkhveTdNS253SkpCYUc0OGw5Q0NUbFZ3TUhvY0lFQ2dZRUE4amJ5DQpkR2p4VEgrNlhIV05pemI1U1JiWnhBbnlFZUplUndUTWgwZ0d6d0dQcEgvc1pZR3p5dTBTeVNYV0NuWmgzUmdxDQo1dUxsTnh0clhybGpabHlpMm5RZFFnc3EyWXJXVXMwK3pnVSsyMnVRc1pwU0FmdG1oVnJ0dmV0Nk1qVmpiQnlZDQpEQURjaUVWVWRKWUlYaytxbkZVSnllcm9MSWtUajdXWUtaNlJqa3NDZ1lCb0NGSXdSRGVnNDJvSzg5UkZtbk9yDQpMeW1OQXE0KzJvTWhzV2xWYjRlaldJV2VBazluYytHWFVmclhzelJoUzAxbVVuVTVyNXlnVXZSY2FyVi9UM1U3DQpUbk1aK0k3WTREZ1dSSURkNTF6bmh4SUJ0WVY1ai9DL3Q4NUhqcU9rSCs4YjZSVGtiY2hhWDNtYXU3ZnBVZmRzDQpGcTBuaElxNDJmaEVPOHNyZllZd2dRS0JnUUN5aGkxTi84dGFSd3BrKzMvSURFelF3amJmZHpVa1dXU0RrOVhzDQpIL3BrdVJIV2ZUTVAzZmxXcUVZZ1cvTFc0MHBlVzJIRHE1aW1kVjgrQWdaeGUvWE1iYWppOUxnd2YxUlkwMDVuDQpLeGFaUXo3eXFIdXBXbExHRjY4RFBIeGtaVlZTYWdEblYvc3p0V1g2U0ZzQ3FGVm54SVhpZlhHQzRjVzVObTlnDQp2YThxNFFLQmdRQ0VoTFZlVWZkd0t2a1o5NGcvR0Z6NzMxWjJocmRWaGdNWmFVL3U2dDBWOTUrWWV6UE5DUVpCDQp3bUU5TW1sYnExZW1EZVJPaXZqQ2ZvR2hSM2taWFcxcFRLbExoNlpNVVFVT3BwdGRYdmE4WHhmb3FRd2EzZW5BDQpNN211QmJGMFhON1ZPODBpSlB2K1BtSVpkRUlBa3B3S2ZpMjAxWUIrQmFmQ0l1R3hJRjUwVmc9PQ0KLS0tLS1FTkQgUlNBIFBSSVZBVEUgS0VZLS0tLS0NCg0KPC9rZXk+DQoNCg==
vpn321461973,14.41.119.41,549968,33,48930032,Korea Republic of,KR,2,0,1663,206235694641,2weeks,KKK's owner,,IyMjIyMjIyMjIyMjIyMjIyMjIyMjIyMjIyMjIyMjIyMjIyMjIyMjIyMjIyMjIyMjIyMjIyMjIyMjIyMjIyMjIyMjIyMjIyMjIyMjIyMjIw0KIyBPcGVuVlBOIDIuMCBTYW1wbGUgQ29uZmlndXJhdGlvbiBGaWxlDQojIGZvciBQYWNrZXRpWCBWUE4gLyBTb2Z0RXRoZXIgVlBOIFNlcnZlcg0KIyANCiMgISEhIEFVVE8tR0VORVJBVEVEIEJZIFNPRlRFVEhFUiBWUE4gU0VSVkVSIE1BTkFHRU1FTlQgVE9PTCAhISENCiMgDQojICEhISBZT1UgSEFWRSBUTyBSRVZJRVcgSVQgQkVGT1JFIFVTRSBBTkQgTU9ESUZZIElUIEFTIE5FQ0VTU0FSWSAhISENCiMgDQojIFRoaXMgY29uZmlndXJhdGlvbiBmaWxlIGlzIGF1dG8tZ2VuZXJhdGVkLiBZb3UgbWlnaHQgdXNlIHRoaXMgY29uZmlnIGZpbGUNCiMgaW4gb3JkZXIgdG8gY29ubmVjdCB0byB0aGUgUGFja2V0aVggVlBOIC8gU29mdEV0aGVyIFZQTiBTZXJ2ZXIuDQojIEhvd2V2ZXIsIGJlZm9yZSB5b3UgdHJ5IGl0LCB5b3Ugc2hvdWxkIHJldmlldyB0aGUgZGVzY3JpcHRpb25zIG9mIHRoZSBmaWxlDQojIHRvIGRldGVybWluZSB0aGUgbmVjZXNzaXR5IHRvIG1vZGlmeSB0byBzdWl0YWJsZSBmb3IgeW91ciByZWFsIGVudmlyb25tZW50Lg0KIyBJZiBuZWNlc3NhcnksIHlvdSBoYXZlIHRvIG1vZGlmeSBhIGxpdHRsZSBhZGVxdWF0ZWx5IG9uIHRoZSBmaWxlLg0KIyBGb3IgZXhhbXBsZSwgdGhlIElQIGFkZHJlc3Mgb3IgdGhlIGhvc3RuYW1lIGFzIGEgZGVzdGluYXRpb24gVlBOIFNlcnZlcg0KIyBzaG91bGQgYmUgY29uZmlybWVkLg0KIyANCiMgTm90ZSB0aGF0IHRvIHVzZSBPcGVuVlBOIDIuMCwgeW91IGhhdmUgdG8gcHV0IHRoZSBjZXJ0aWZpY2F0aW9uIGZpbGUgb2YNCiMgdGhlIGRlc3RpbmF0aW9uIFZQTiBTZXJ2ZXIgb24gdGhlIE9wZW5WUE4gQ2xpZW50IGNvbXB1dGVyIHdoZW4geW91IHVzZSB0aGlzDQojIGNvbmZpZyBmaWxlLiBQbGVhc2UgcmVmZXIgdGhlIGJlbG93IGRlc2NyaXB0aW9ucyBjYXJlZnVsbHkuDQoNCg0KIyMjIyMjIyMjIyMjIyMjIyMjIyMjIyMjIyMjIyMjIyMjIyMjIyMjIyMjIyMjIyMjIyMjIyMjIyMjIyMjIyMjIyMjIyMjIyMjIyMjIyMjIw0KIyBTcGVjaWZ5IHRoZSB0eXBlIG9mIHRoZSBsYXllciBvZiB0aGUgVlBOIGNvbm5lY3Rpb24uDQojIA0KIyBUbyBjb25uZWN0IHRvIHRoZSBWUE4gU2VydmVyIGFzIGEgIlJlbW90ZS1BY2Nlc3MgVlBOIENsaWVudCBQQyIsDQojICBzcGVjaWZ5ICdkZXYgdHVuJy4gKExheWVyLTMgSVAgUm91dGluZyBNb2RlKQ0KIw0KIyBUbyBjb25uZWN0IHRvIHRoZSBWUE4gU2VydmVyIGFzIGEgYnJpZGdpbmcgZXF1aXBtZW50IG9mICJTaXRlLXRvLVNpdGUgVlBOIiwNCiMgIHNwZWNpZnkgJ2RldiB0YXAnLiAoTGF5ZXItMiBFdGhlcm5ldCBCcmlkZ2luZSBNb2RlKQ0KDQpkZXYgdHVuDQoNCg0KIyMjIyMjIyMjIyMjIyMjIyMjIyMjIyMjIyMjIyMjIyMjIyMjIyMjIyMjIyMjIyMjIyMjIyMjIyMjIyMjIyMjIyMjIyMjIyMjIyMjIyMjIw0KIyBTcGVjaWZ5IHRoZSB1bmRlcmx5aW5nIHByb3RvY29sIGJleW9uZCB0aGUgSW50ZXJuZXQuDQojIE5vdGUgdGhhdCB0aGlzIHNldHRpbmcgbXVzdCBiZSBjb3JyZXNwb25kIHdpdGggdGhlIGxpc3RlbmluZyBzZXR0aW5nIG9uDQojIHRoZSBWUE4gU2VydmVyLg0KIyANCiMgU3BlY2lmeSBlaXRoZXIgJ3Byb3RvIHRjcCcgb3IgJ3Byb3RvIHVkcCcuDQoNCnByb3RvIHRjcA0KDQoNCiMjIyMjIyMjIyMjIyMjIyMjIyMjIyMjIyMjIyMjIyMjIyMjIyMjIyMjIyMjIyMjIyMjIyMjIyMjIyMjIyMjIyMjIyMjIyMjIyMjIyMjIyMNCiMgVGhlIGRlc3RpbmF0aW9uIGhvc3RuYW1lIC8gSVAgYWRkcmVzcywgYW5kIHBvcnQgbnVtYmVyIG9mDQojIHRoZSB0YXJnZXQgVlBOIFNlcnZlci4NCiMgDQojIFlvdSBoYXZlIHRvIHNwZWNpZnkgYXMgJ3JlbW90ZSA8SE9TVE5BTUU+IDxQT1JUPicuIFlvdSBjYW4gYWxzbw0KIyBzcGVjaWZ5IHRoZSBJUCBhZGRyZXNzIGluc3RlYWQgb2YgdGhlIGhvc3RuYW1lLg0KIyANCiMgTm90ZSB0aGF0IHRoZSBhdXRvLWdlbmVyYXRlZCBiZWxvdyBob3N0bmFtZSBhcmUgYSAiYXV0by1kZXRlY3RlZA0KIyBJUCBhZGRyZXNzIiBvZiB0aGUgVlBOIFNlcnZlci4gWW91IGhhdmUgdG8gY29uZmlybSB0aGUgY29ycmVjdG5lc3MNCiMgYmVmb3JlaGFuZC4NCiMgDQojIFdoZW4geW91IHdhbnQgdG8gY29ubmVjdCB0byB0aGUgVlBOIFNlcnZlciBieSB1c2luZyBUQ1AgcHJvdG9jb2wsDQojIHRoZSBwb3J0IG51bWJlciBvZiB0aGUgZGVzdGluYXRpb24gVENQIHBvcnQgc2hvdWxkIGJlIHNhbWUgYXMgb25lIG9mDQojIHRoZSBhdmFpbGFibGUgVENQIGxpc3RlbmVycyBvbiB0aGUgVlBOIFNlcnZlci4NCiMgDQojIFdoZW4geW91IHVzZSBVRFAgcHJvdG9jb2wsIHRoZSBwb3J0IG51bWJlciBtdXN0IHNhbWUgYXMgdGhlIGNvbmZpZ3VyYXRpb24NCiMgc2V0dGluZyBvZiAiT3BlblZQTiBTZXJ2ZXIgQ29tcGF0aWJsZSBGdW5jdGlvbiIgb24gdGhlIFZQTiBTZXJ2ZXIuDQoNCnJlbW90ZSAxNC40MS4xMTkuNDEgMTQxNw0KDQoNCiMjIyMjIyMjIyMjIyMjIyMjIyMjIyMjIyMjIyMjIyMjIyMjIyMjIyMjIyMjIyMjIyMjIyMjIyMjIyMjIyMjIyMjIyMjIyMjIyMjIyMjIyMNCiMgVGhlIEhUVFAvSFRUUFMgcHJveHkgc2V0dGluZy4NCiMgDQojIE9ubHkgaWYgeW91IGhhdmUgdG8gdXNlIHRoZSBJbnRlcm5ldCB2aWEgYSBwcm94eSwgdW5jb21tZW50IHRoZSBiZWxvdw0KIyB0d28gbGluZXMgYW5kIHNwZWNpZnkgdGhlIHByb3h5IGFkZHJlc3MgYW5kIHRoZSBwb3J0IG51bWJlci4NCiMgSW4gdGhlIGNhc2Ugb2YgdXNpbmcgcHJveHktYXV0aGVudGljYXRpb24sIHJlZmVyIHRoZSBPcGVuVlBOIG1hbnVhbC4NCg0KO2h0dHAtcHJveHktcmV0cnkNCjtodHRwLXByb3h5IFtwcm94eSBzZXJ2ZXJdIFtwcm94eSBwb3J0XQ0KDQoNCiMjIyMjIyMjIyMjIyMjIyMjIyMjIyMjIyMjIyMjIyMjIyMjIyMjIyMjIyMjIyMjIyMjIyMjIyMjIyMjIyMjIyMjIyMjIyMjIyMjIyMjIyMNCiMgVGhlIGVuY3J5cHRpb24gYW5kIGF1dGhlbnRpY2F0aW9uIGFsZ29yaXRobS4NCiMgDQojIERlZmF1bHQgc2V0dGluZyBpcyBnb29kLiBNb2RpZnkgaXQgYXMgeW91IHByZWZlci4NCiMgV2hlbiB5b3Ugc3BlY2lmeSBhbiB1bnN1cHBvcnRlZCBhbGdvcml0aG0sIHRoZSBlcnJvciB3aWxsIG9jY3VyLg0KIyANCiMgVGhlIHN1cHBvcnRlZCBhbGdvcml0aG1zIGFyZSBhcyBmb2xsb3dzOg0KIyAgY2lwaGVyOiBbTlVMTC1DSVBIRVJdIE5VTEwgQUVTLTEyOC1DQkMgQUVTLTE5Mi1DQkMgQUVTLTI1Ni1DQkMgQkYtQ0JDDQojICAgICAgICAgIENBU1QtQ0JDIENBU1Q1LUNCQyBERVMtQ0JDIERFUy1FREUtQ0JDIERFUy1FREUzLUNCQyBERVNYLUNCQw0KIyAgICAgICAgICBSQzItNDAtQ0JDIFJDMi02NC1DQkMgUkMyLUNCQw0KIyAgYXV0aDogICBTSEEgU0hBMSBNRDUgTUQ0IFJNRDE2MA0KDQpjaXBoZXIgQUVTLTEyOC1DQkMNCmF1dGggU0hBMQ0KDQoNCiMjIyMjIyMjIyMjIyMjIyMjIyMjIyMjIyMjIyMjIyMjIyMjIyMjIyMjIyMjIyMjIyMjIyMjIyMjIyMjIyMjIyMjIyMjIyMjIyMjIyMjIyMNCiMgT3RoZXIgcGFyYW1ldGVycyBuZWNlc3NhcnkgdG8gY29ubmVjdCB0byB0aGUgVlBOIFNlcnZlci4NCiMgDQojIEl0IGlzIG5vdCByZWNvbW1lbmRlZCB0byBtb2RpZnkgaXQgdW5sZXNzIHlvdSBoYXZlIGEgcGFydGljdWxhciBuZWVkLg0KDQpyZXNvbHYtcmV0cnkgaW5maW5pdGUNCm5vYmluZA0KcGVyc2lzdC1rZXkNCnBlcnNpc3QtdHVuDQpjbGllbnQNCnZlcmIgMw0KI2F1dGgtdXNlci1wYXNzDQoNCg0KIyMjIyMjIyMjIyMjIyMjIyMjIyMjIyMjIyMjIyMjIyMjIyMjIyMjIyMjIyMjIyMjIyMjIyMjIyMjIyMjIyMjIyMjIyMjIyMjIyMjIyMjIw0KIyBUaGUgY2VydGlmaWNhdGUgZmlsZSBvZiB0aGUgZGVzdGluYXRpb24gVlBOIFNlcnZlci4NCiMgDQojIFRoZSBDQSBjZXJ0aWZpY2F0ZSBmaWxlIGlzIGVtYmVkZGVkIGluIHRoZSBpbmxpbmUgZm9ybWF0Lg0KIyBZb3UgY2FuIHJlcGxhY2UgdGhpcyBDQSBjb250ZW50cyBpZiBuZWNlc3NhcnkuDQojIFBsZWFzZSBub3RlIHRoYXQgaWYgdGhlIHNlcnZlciBjZXJ0aWZpY2F0ZSBpcyBub3QgYSBzZWxmLXNpZ25lZCwgeW91IGhhdmUgdG8NCiMgc3BlY2lmeSB0aGUgc2lnbmVyJ3Mgcm9vdCBjZXJ0aWZpY2F0ZSAoQ0EpIGhlcmUuDQoNCjxjYT4NCi0tLS0tQkVHSU4gQ0VSVElGSUNBVEUtLS0tLQ0KTUlJRmF6Q0NBMU9nQXdJQkFnSVJBSUlRejdEU1FPTlpSR1BndTJPQ2l3QXdEUVlKS29aSWh2Y05BUUVMQlFBdw0KVHpFTE1Ba0dBMVVFQmhNQ1ZWTXhLVEFuQmdOVkJBb1RJRWx1ZEdWeWJtVjBJRk5sWTNWeWFYUjVJRkpsYzJWaA0KY21Ob0lFZHliM1Z3TVJVd0V3WURWUVFERXd4SlUxSkhJRkp2YjNRZ1dERXdIaGNOTVRVd05qQTBNVEV3TkRNNA0KV2hjTk16VXdOakEwTVRFd05ETTRXakJQTVFzd0NRWURWUVFHRXdKVlV6RXBNQ2NHQTFVRUNoTWdTVzUwWlhKdQ0KWlhRZ1UyVmpkWEpwZEhrZ1VtVnpaV0Z5WTJnZ1IzSnZkWEF4RlRBVEJnTlZCQU1UREVsVFVrY2dVbTl2ZENCWQ0KTVRDQ0FpSXdEUVlKS29aSWh2Y05BUUVCQlFBRGdnSVBBRENDQWdvQ2dnSUJBSzNvSkhQMEZEZnptNTRyVnlnYw0KaDc3Y3Q5ODRrSXh1UE9aWG9IajNkY0tpL3ZWcWJ2WUFUeWpiM21pR2JFU1R0ckZqL1JRU2E3OGYwdW94bXlGKw0KMFRNOHVrajEzWG5mczdqL0V2RWhta3ZCaW9aeGFVcG1abXlQZmp4d3Y2MHBJZ2J6NU1EbWdLN2lTNCszbVg2VQ0KQTUvVFI1ZDhtVWdqVStnNHJrOEtiNE11MFVsWGpJQjB0dG92MERpTmV3TndJUnQxOGpBOCtvK3UzZHBqcStzVw0KVDhLT0VVdCt6d3ZvLzdWM0x2U3llMHJnVEJJbERIQ05BeW1nNFZNazdCUFo3aG0vRUxOS2pEK0pvMkZSM3F5SA0KQjVUMFkzSHNMdUp2VzVpQjRZbGNOSGxzZHU4N2tHSjU1dHVrbWk4bXhkQVE0UTdlMlJDT0Z2dTM5NmozeCtVQw0KQjVpUE5naVY1K0kzbGcwMmRaNzdEbkt4SFp1OEEvbEpCZGlCM1FXMEt0WkI2YXdCZHBVS0Q5amYxYjBTSHpVdg0KS0JkczBwakJxQWxrZDI1SE43ck9yRmxlYUoxL2N0YUp4UVpCS1Q1WlB0MG05U1RKRWFkYW8weEFIMGFobWJXbg0KT2xGdWhqdWVmWEtuRWdWNFdlMCtVWGdWQ3dPUGpkQXZCYkkrZTBvY1MzTUZFdnpHNnVCUUUzeERrM1N6eW5Ubg0Kamg4QkNOQXcxRnR4TnJRSHVzRXdNRnhJdDRJN21LWjlZSXFpb3ltQ3pMcTlnd1Fib29NRFFhSFdCZkVid3Jidw0KcUh5R08wYW9TQ3FJM0hhYWRyOGZhcVU5R1kvck9QTmszc2dyRFFvby8vZmI0aFZDMUNMUUoxM2hlZjRZNTNDSQ0KclU3bTJZczZ4dDBuVVc3L3ZHVDFNME5QQWdNQkFBR2pRakJBTUE0R0ExVWREd0VCL3dRRUF3SUJCakFQQmdOVg0KSFJNQkFmOEVCVEFEQVFIL01CMEdBMVVkRGdRV0JCUjV0Rm5tZTdibDVBRnpnQWlJeUJwWTl1bWJiakFOQmdrcQ0KaGtpRzl3MEJBUXNGQUFPQ0FnRUFWUjlZcWJ5eXFGRFFETEhZR21rZ0p5a0lyR0YxWElwdStJTGxhUy9WOWxaTA0KdWJoekVGblRJWmQrNTB4eCs3TFNZSzA1cUF2cUZ5RldoZkZRRGxucnp1Qlo2YnJKRmUrR25ZK0VnUGJrNlpHUQ0KM0JlYllodEY4R2FWMG54dnd1bzc3eC9QeTlhdUovR3BzTWl1L1gxK212b2lCT3YvMlgvcWtTc2lzUmNPai9LSw0KTkZ0WTJQd0J5VlM1dUNiTWlvZ3ppVXd0aER5QzMrNldWd1c2TEx2M3hMZkhUanVDdmpISUluTnprdEhDZ0tRNQ0KT1JBekk0Sk1QSitHc2xXWUhiNHBob3dpbTU3aWF6dFhPb0p3VGR3Sng0bkxDZ2ROYk9oZGpzbnZ6cXZIdTdVcg0KVGtYV1N0QW16T1Z5eWdocXBaWGpGYUgzcE8zSkxGK2wrLytzS0FJdXZ0ZDd1K054ZTVBVzB3ZGVSbE44TndkQw0Kak5QRWxwelZtYlVxNEpVYWdFaXVURGtIenN4SHBGS1ZLN3E0KzYzU00xTjk1UjFOYmRXaHNjZENiK1pBSnpWYw0Kb3lpM0I0M25qVE9RNXlPZisxQ2NlV3hHMWJRVnM1WnVmcHNNbGpxNFVpMC8xbHZoK3dqQ2hQNGtxS09KMnF4cQ0KNFJncXNhaERZVnZUSDl3N2pYYnlMZWlOZGQ4WE0ydzlVL3Q3eTBGZi85eWkwR0U0NFphNHJGMkxOOWQxMVRQQQ0KbVJHdW5VSEJjbldFdmdKQlFsOW5KRWlVMFpzbnZnYy91YmhQZ1hSUjRYcTM3WjBqNHI3ZzFTZ0VFend4QTU3ZA0KZW15UHhnY1l4bi9lUjQ0L0tKNEVCcytsVkRSM3ZleUptK2tYUTk5YjIxLytqaDVYb3MxQW5YNWlJdHJlR0NjPQ0KLS0tLS1FTkQgQ0VSVElGSUNBVEUtLS0tLQ0KDQo8L2NhPg0KDQoNCiMjIyMjIyMjIyMjIyMjIyMjIyMjIyMjIyMjIyMjIyMjIyMjIyMjIyMjIyMjIyMjIyMjIyMjIyMjIyMjIyMjIyMjIyMjIyMjIyMjIyMjIyMNCiMgVGhlIGNsaWVudCBjZXJ0aWZpY2F0ZSBmaWxlIChkdW1teSkuDQojIA0KIyBJbiBzb21lIGltcGxlbWVudGF0aW9ucyBvZiBPcGVuVlBOIENsaWVudCBzb2Z0d2FyZQ0KIyAoZm9yIGV4YW1wbGU6IE9wZW5WUE4gQ2xpZW50IGZvciBpT1MpLA0KIyBhIHBhaXIgb2YgY2xpZW50IGNlcnRpZmljYXRlIGFuZCBwcml2YXRlIGtleSBtdXN0IGJlIGluY2x1ZGVkIG9uIHRoZQ0KIyBjb25maWd1cmF0aW9uIGZpbGUgZHVlIHRvIHRoZSBsaW1pdGF0aW9uIG9mIHRoZSBjbGllbnQuDQojIFNvIHRoaXMgc2FtcGxlIGNvbmZpZ3VyYXRpb24gZmlsZSBoYXMgYSBkdW1teSBwYWlyIG9mIGNsaWVudCBjZXJ0aWZpY2F0ZQ0KIyBhbmQgcHJpdmF0ZSBrZXkgYXMgZm9sbG93cy4NCg0KPGNlcnQ+DQotLS0tLUJFR0lOIENFUlRJRklDQVRFLS0tLS0NCk1JSUN4akNDQWE0Q0FRQXdEUVlKS29aSWh2Y05BUUVGQlFBd0tURWFNQmdHQTFVRUF4TVJWbEJPUjJGMFpVTnMNCmFXVnVkRU5sY25ReEN6QUpCZ05WQkFZVEFrcFFNQjRYRFRFek1ESXhNVEF6TkRrME9Wb1hEVE0zTURFeE9UQXoNCk1UUXdOMW93S1RFYU1CZ0dBMVVFQXhNUlZsQk9SMkYwWlVOc2FXVnVkRU5sY25ReEN6QUpCZ05WQkFZVEFrcFENCk1JSUJJakFOQmdrcWhraUc5dzBCQVFFRkFBT0NBUThBTUlJQkNnS0NBUUVBNWgybGdRUVlVandvS1lKYnpWWkENCjVWY0lHZDVvdFBjL3FaUk10MEtJdENGQTBzOVJ3UmVOVmE5ZkRSRkxSQmhjSVRPbHYzRkJjVzNFOGgxVXM3UkQNCjRXOEdtSmU4emFwSm5Mc0QzOU9TTVJDelpKbmN6VzRPQ0gxUFpSWldLcUR0amxOY2E5QUY4YTY1alRtbER4Q1ENCkNqbnRMSVdrNU9MTFZrRnQ5L3RTY2MxR0R0Y2k1NW9maGFOQVlNUGlIN1Y4KzFnNjZwR0hYQW9XSzZBUVZINjcNClhDS0puR0I1bmxRK0hzTVlQVi9PNDlMZDkxWk4vMnRIa2NhTEx5TnR5d3hWUFJTc1JoNDgwamp1MGZjQ3N2NmgNCnAvMHlYblRCLy9tV3V0QkdwZFVsSWJ3aUlUYkFtcnNiWW5qaWdSdm5QcVgxUk5KVWJpOUZwNkMyYy9ISUZKR0QNCnl3SURBUUFCTUEwR0NTcUdTSWIzRFFFQkJRVUFBNElCQVFDaE81aGdjdy80b1dmb0VGTHU5a0JhMUIvL2t4SDgNCmhRa0NoVk5uOEJSQzdZMFVSUWl0UGwzREtFZWQ5VVJCRGRnMktPQXo3N2JiNkVOUGlsaUQrYTM4VUpISVJNcWUNClVCSGhsbE9ISXp2RGhIRmJhb3ZBTEJRY2VlQnpka1F4c0tRRVNLbVFtUjgzMjk1MFVDb3ZveVJCNjFVeUFWN2gNCittWmhZUEdSS1hLU0pJNnMwRWdnL0NyaStDd2s0YmpKZnJiNWhWc2UxMXloNEQ5TUhod1NmQ09IKzB6NGhQVVQNCkZrdTdkR2F2VVJPNVNWeE1uL3NMNkVuNUQrb1NlWGthZEhwRHMrQWlyeW0yWUhoMTVoMCtqUFNPb1I2eWlWcC8NCjZ6WmVaa3JONDNrdVM3M0twS0RGamZGUGg4dDRyMWdPSWp0dGtOY1FxQmNjdXNucGxRN0hKcHNrDQotLS0tLUVORCBDRVJUSUZJQ0FURS0tLS0tDQoNCjwvY2VydD4NCg0KPGtleT4NCi0tLS0tQkVHSU4gUlNBIFBSSVZBVEUgS0VZLS0tLS0NCk1JSUVwQUlCQUFLQ0FRRUE1aDJsZ1FRWVVqd29LWUpielZaQTVWY0lHZDVvdFBjL3FaUk10MEtJdENGQTBzOVINCndSZU5WYTlmRFJGTFJCaGNJVE9sdjNGQmNXM0U4aDFVczdSRDRXOEdtSmU4emFwSm5Mc0QzOU9TTVJDelpKbmMNCnpXNE9DSDFQWlJaV0txRHRqbE5jYTlBRjhhNjVqVG1sRHhDUUNqbnRMSVdrNU9MTFZrRnQ5L3RTY2MxR0R0Y2kNCjU1b2ZoYU5BWU1QaUg3VjgrMWc2NnBHSFhBb1dLNkFRVkg2N1hDS0puR0I1bmxRK0hzTVlQVi9PNDlMZDkxWk4NCi8ydEhrY2FMTHlOdHl3eFZQUlNzUmg0ODBqanUwZmNDc3Y2aHAvMHlYblRCLy9tV3V0QkdwZFVsSWJ3aUlUYkENCm1yc2JZbmppZ1J2blBxWDFSTkpVYmk5RnA2QzJjL0hJRkpHRHl3SURBUUFCQW9JQkFFUlY3WDVBdnhBOHVSaUsNCms4U0lwc0QwZFgxcEpPTUl3YWtVVnl2YzRFZk4wRGhLUk5iNHJZb1NpRUdUTHl6THB5QmMvQTI4RGxrbTVlT1kNCmZqelhmWWtHdFlpL0Z0eGtnM085dmNyTVE0KzZpK3VHSGFJTDJyTCtzNE1yZk84djF4djYrV2t5MzNFRUdDb3UNClFpd1ZHUkZRWG5Sb1E2Mk5CQ0ZiVU5MaG1Yd2RqMWFrWnpMVTRwNVI0ekEzUWhkeHdFSWF0Vkx0MCs3b3dMUTMNCmxQOHNmWGhwcFBPWGpUcU1ENFFrWXd6UEFhOC96RjdhY240a3J5clVQN1E2UEFmZDB6RVZxTnk5WkNaOWZmaG8NCnpYZWRGajQ4NklGb2M1Z25UcDJONmpzblZqNExDR0lobFZIbFlHb3pLS0ZxSmNRVkdzSENxcTFvejJ6alc2TFMNCm9SWUlIZ0VDZ1lFQTh6WnJrQ3dOWVNYSnVPREozbS9oT0xWeGN4Z0p1d1hvaUVyV2QwRTQydlBhbmpqVk1obnQNCktZNWw4cUdNSjZGaEs5TFl4MnFDcmYvRTBYdFVBWjJ3VnEzT1JUeUduc01XcmU5dExZczU1WCtaTjEwVGM3NXoNCjRoYWNiVTBocUtOMUhpRG1zTVJZMy8yTmFaSG95N01LbndKSkJhRzQ4bDlDQ1RsVndNSG9jSUVDZ1lFQThqYnkNCmRHanhUSCs2WEhXTml6YjVTUmJaeEFueUVlSmVSd1RNaDBnR3p3R1BwSC9zWllHenl1MFN5U1hXQ25aaDNSZ3ENCjV1TGxOeHRyWHJsalpseWkyblFkUWdzcTJZcldVczAremdVKzIydVFzWnBTQWZ0bWhWcnR2ZXQ2TWpWamJCeVkNCkRBRGNpRVZVZEpZSVhrK3FuRlVKeWVyb0xJa1RqN1dZS1o2Umprc0NnWUJvQ0ZJd1JEZWc0Mm9LODlSRm1uT3INCkx5bU5BcTQrMm9NaHNXbFZiNGVqV0lXZUFrOW5jK0dYVWZyWHN6UmhTMDFtVW5VNXI1eWdVdlJjYXJWL1QzVTcNClRuTVorSTdZNERnV1JJRGQ1MXpuaHhJQnRZVjVqL0MvdDg1SGpxT2tIKzhiNlJUa2JjaGFYM21hdTdmcFVmZHMNCkZxMG5oSXE0MmZoRU84c3JmWVl3Z1FLQmdRQ3loaTFOLzh0YVJ3cGsrMy9JREV6UXdqYmZkelVrV1dTRGs5WHMNCkgvcGt1UkhXZlRNUDNmbFdxRVlnVy9MVzQwcGVXMkhEcTVpbWRWOCtBZ1p4ZS9YTWJhamk5TGd3ZjFSWTAwNW4NCkt4YVpRejd5cUh1cFdsTEdGNjhEUEh4a1pWVlNhZ0RuVi9zenRXWDZTRnNDcUZWbnhJWGlmWEdDNGNXNU5tOWcNCnZhOHE0UUtCZ1FDRWhMVmVVZmR3S3ZrWjk0Zy9HRno3MzFaMmhyZFZoZ01aYVUvdTZ0MFY5NStZZXpQTkNRWkINCndtRTlNbWxicTFlbURlUk9pdmpDZm9HaFIza1pYVzFwVEtsTGg2Wk1VUVVPcHB0ZFh2YThYeGZvcVF3YTNlbkENCk03bXVCYkYwWE43Vk84MGlKUHYrUG1JWmRFSUFrcHdLZmkyMDFZQitCYWZDSXVHeElGNTBWZz09DQotLS0tLUVORCBSU0EgUFJJVkFURSBLRVktLS0tLQ0KDQo8L2tleT4NCg0K
vpn330281238,211.251.3.44,542572,27,659184502,Korea Republic of,KR,5,0,28463,6225712063927,2weeks,PC-202307271848's owner,,IyMjIyMjIyMjIyMjIyMjIyMjIyMjIyMjIyMjIyMjIyMjIyMjIyMjIyMjIyMjIyMjIyMjIyMjIyMjIyMjIyMjIyMjIyMjIyMjIyMjIyMjIw0KIyBPcGVuVlBOIDIuMCBTYW1wbGUgQ29uZmlndXJhdGlvbiBGaWxlDQojIGZvciBQYWNrZXRpWCBWUE4gLyBTb2Z0RXRoZXIgVlBOIFNlcnZlcg0KIyANCiMgISEhIEFVVE8tR0VORVJBVEVEIEJZIFNPRlRFVEhFUiBWUE4gU0VSVkVSIE1BTkFHRU1FTlQgVE9PTCAhISENCiMgDQojICEhISBZT1UgSEFWRSBUTyBSRVZJRVcgSVQgQkVGT1JFIFVTRSBBTkQgTU9ESUZZIElUIEFTIE5FQ0VTU0FSWSAhISENCiMgDQojIFRoaXMgY29uZmlndXJhdGlvbiBmaWxlIGlzIGF1dG8tZ2VuZXJhdGVkLiBZb3UgbWlnaHQgdXNlIHRoaXMgY29uZmlnIGZpbGUNCiMgaW4gb3JkZXIgdG8gY29ubmVjdCB0byB0aGUgUGFja2V0aVggVlBOIC8gU29mdEV0aGVyIFZQTiBTZXJ2ZXIuDQojIEhvd2V2ZXIsIGJlZm9yZSB5b3UgdHJ5IGl0LCB5b3Ugc2hvdWxkIHJldmlldyB0aGUgZGVzY3JpcHRpb25zIG9mIHRoZSBmaWxlDQojIHRvIGRldGVybWluZSB0aGUgbmVjZXNzaXR5IHRvIG1vZGlmeSB0byBzdWl0YWJsZSBmb3IgeW91ciByZWFsIGVudmlyb25tZW50Lg0KIyBJZiBuZWNlc3NhcnksIHlvdSBoYXZlIHRvIG1vZGlmeSBhIGxpdHRsZSBhZGVxdWF0ZWx5IG9uIHRoZSBmaWxlLg0KIyBGb3IgZXhhbXBsZSwgdGhlIElQIGFkZHJlc3Mgb3IgdGhlIGhvc3RuYW1lIGFzIGEgZGVzdGluYXRpb24gVlBOIFNlcnZlcg0KIyBzaG91bGQgYmUgY29uZmlybWVkLg0KIyANCiMgTm90ZSB0aGF0IHRvIHVzZSBPcGVuVlBOIDIuMCwgeW91IGhhdmUgdG8gcHV0IHRoZSBjZXJ0aWZpY2F0aW9uIGZpbGUgb2YNCiMgdGhlIGRlc3RpbmF0aW9uIFZQTiBTZXJ2ZXIgb24gdGhlIE9wZW5WUE4gQ2xpZW50IGNvbXB1dGVyIHdoZW4geW91IHVzZSB0aGlzDQojIGNvbmZpZyBmaWxlLiBQbGVhc2UgcmVmZXIgdGhlIGJlbG93IGRlc2NyaXB0aW9ucyBjYXJlZnVsbHkuDQoNCg0KIyMjIyMjIyMjIyMjIyMjIyMjIyMjIyMjIyMjIyMjIyMjIyMjIyMjIyMjIyMjIyMjIyMjIyMjIyMjIyMjIyMjIyMjIyMjIyMjIyMjIyMjIw0KIyBTcGVjaWZ5IHRoZSB0eXBlIG9mIHRoZSBsYXllciBvZiB0aGUgVlBOIGNvbm5lY3Rpb24uDQojIA0KIyBUbyBjb25uZWN0IHRvIHRoZSBWUE4gU2VydmVyIGFzIGEgIlJlbW90ZS1BY2Nlc3MgVlBOIENsaWVudCBQQyIsDQojICBzcGVjaWZ5ICdkZXYgdHVuJy4gKExheWVyLTMgSVAgUm91dGluZyBNb2RlKQ0KIw0KIyBUbyBjb25uZWN0IHRvIHRoZSBWUE4gU2VydmVyIGFzIGEgYnJpZGdpbmcgZXF1aXBtZW50IG9mICJTaXRlLXRvLVNpdGUgVlBOIiwNCiMgIHNwZWNpZnkgJ2RldiB0YXAnLiAoTGF5ZXItMiBFdGhlcm5ldCBCcmlkZ2luZSBNb2RlKQ0KDQpkZXYgdHVuDQoNCg0KIyMjIyMjIyMjIyMjIyMjIyMjIyMjIyMjIyMjIyMjIyMjIyMjIyMjIyMjIyMjIyMjIyMjIyMjIyMjIyMjIyMjIyMjIyMjIyMjIyMjIyMjIw0KIyBTcGVjaWZ5IHRoZSB1bmRlcmx5aW5nIHByb3RvY29sIGJleW9uZCB0aGUgSW50ZXJuZXQuDQojIE5vdGUgdGhhdCB0aGlzIHNldHRpbmcgbXVzdCBiZSBjb3JyZXNwb25kIHdpdGggdGhlIGxpc3RlbmluZyBzZXR0aW5nIG9uDQojIHRoZSBWUE4gU2VydmVyLg0KIyANCiMgU3BlY2lmeSBlaXRoZXIgJ3Byb3RvIHRjcCcgb3IgJ3Byb3RvIHVkcCcuDQoNCnByb3RvIHRjcA0KDQoNCiMjIyMjIyMjIyMjIyMjIyMjIyMjIyMjIyMjIyMjIyMjIyMjIyMjIyMjIyMjIyMjIyMjIyMjIyMjIyMjIyMjIyMjIyMjIyMjIyMjIyMjIyMNCiMgVGhlIGRlc3RpbmF0aW9uIGhvc3RuYW1lIC8gSVAgYWRkcmVzcywgYW5kIHBvcnQgbnVtYmVyIG9mDQojIHRoZSB0YXJnZXQgVlBOIFNlcnZlci4NCiMgDQojIFlvdSBoYXZlIHRvIHNwZWNpZnkgYXMgJ3JlbW90ZSA8SE9TVE5BTUU+IDxQT1JUPicuIFlvdSBjYW4gYWxzbw0KIyBzcGVjaWZ5IHRoZSBJUCBhZGRyZXNzIGluc3RlYWQgb2YgdGhlIGhvc3RuYW1lLg0KIyANCiMgTm90ZSB0aGF0IHRoZSBhdXRvLWdlbmVyYXRlZCBiZWxvdyBob3N0bmFtZSBhcmUgYSAiYXV0by1kZXRlY3RlZA0KIyBJUCBhZGRyZXNzIiBvZiB0aGUgVlBOIFNlcnZlci4gWW91IGhhdmUgdG8gY29uZmlybSB0aGUgY29ycmVjdG5lc3MNCiMgYmVmb3JlaGFuZC4NCiMgDQojIFdoZW4geW91IHdhbnQgdG8gY29ubmVjdCB0byB0aGUgVlBOIFNlcnZlciBieSB1c2luZyBUQ1AgcHJvdG9jb2wsDQojIHRoZSBwb3J0IG51bWJlciBvZiB0aGUgZGVzdGluYXRpb24gVENQIHBvcnQgc2hvdWxkIGJlIHNhbWUgYXMgb25lIG9mDQojIHRoZSBhdmFpbGFibGUgVENQIGxpc3RlbmVycyBvbiB0aGUgVlBOIFNlcnZlci4NCiMgDQojIFdoZW4geW91IHVzZSBVRFAgcHJvdG9jb2wsIHRoZSBwb3J0IG51bWJlciBtdXN0IHNhbWUgYXMgdGhlIGNvbmZpZ3VyYXRpb24NCiMgc2V0dGluZyBvZiAiT3BlblZQTiBTZXJ2ZXIgQ29tcGF0aWJsZSBGdW5jdGlvbiIgb24gdGhlIFZQTiBTZXJ2ZXIuDQoNCnJlbW90ZSAyMTEuMjUxLjMuNDQgOTk1DQoNCg0KIyMjIyMjIyMjIyMjIyMjIyMjIyMjIyMjIyMjIyMjIyMjIyMjIyMjIyMjIyMjIyMjIyMjIyMjIyMjIyMjIyMjIyMjIyMjIyMjIyMjIyMjIw0KIyBUaGUgSFRUUC9IVFRQUyBwcm94eSBzZXR0aW5nLg0KIyANCiMgT25seSBpZiB5b3UgaGF2ZSB0byB1c2UgdGhlIEludGVybmV0IHZpYSBhIHByb3h5LCB1bmNvbW1lbnQgdGhlIGJlbG93DQojIHR3byBsaW5lcyBhbmQgc3BlY2lmeSB0aGUgcHJveHkgYWRkcmVzcyBhbmQgdGhlIHBvcnQgbnVtYmVyLg0KIyBJbiB0aGUgY2FzZSBvZiB1c2luZyBwcm94eS1hdXRoZW50aWNhdGlvbiwgcmVmZXIgdGhlIE9wZW5WUE4gbWFudWFsLg0KDQo7aHR0cC1wcm94eS1yZXRyeQ0KO2h0dHAtcHJveHkgW3Byb3h5IHNlcnZlcl0gW3Byb3h5IHBvcnRdDQoNCg0KIyMjIyMjIyMjIyMjIyMjIyMjIyMjIyMjIyMjIyMjIyMjIyMjIyMjIyMjIyMjIyMjIyMjIyMjIyMjIyMjIyMjIyMjIyMjIyMjIyMjIyMjIw0KIyBUaGUgZW5jcnlwdGlvbiBhbmQgYXV0aGVudGljYXRpb24gYWxnb3JpdGhtLg0KIyANCiMgRGVmYXVsdCBzZXR0aW5nIGlzIGdvb2QuIE1vZGlmeSBpdCBhcyB5b3UgcHJlZmVyLg0KIyBXaGVuIHlvdSBzcGVjaWZ5IGFuIHVuc3VwcG9ydGVkIGFsZ29yaXRobSwgdGhlIGVycm9yIHdpbGwgb2NjdXIuDQojIA0KIyBUaGUgc3VwcG9ydGVkIGFsZ29yaXRobXMgYXJlIGFzIGZvbGxvd3M6DQojICBjaXBoZXI6IFtOVUxMLUNJUEhFUl0gTlVMTCBBRVMtMTI4LUNCQyBBRVMtMTkyLUNCQyBBRVMtMjU2LUNCQyBCRi1DQkMNCiMgICAgICAgICAgQ0FTVC1DQkMgQ0FTVDUtQ0JDIERFUy1DQkMgREVTLUVERS1DQkMgREVTLUVERTMtQ0JDIERFU1gtQ0JDDQojICAgICAgICAgIFJDMi00MC1DQkMgUkMyLTY0LUNCQyBSQzItQ0JDDQojICBhdXRoOiAgIFNIQSBTSEExIE1ENSBNRDQgUk1EMTYwDQoNCmNpcGhlciBBRVMtMTI4LUNCQw0KYXV0aCBTSEExDQoNCg0KIyMjIyMjIyMjIyMjIyMjIyMjIyMjIyMjIyMjIyMjIyMjIyMjIyMjIyMjIyMjIyMjIyMjIyMjIyMjIyMjIyMjIyMjIyMjIyMjIyMjIyMjIw0KIyBPdGhlciBwYXJhbWV0ZXJzIG5lY2Vzc2FyeSB0byBjb25uZWN0IHRvIHRoZSBWUE4gU2VydmVyLg0KIyANCiMgSXQgaXMgbm90IHJlY29tbWVuZGVkIHRvIG1vZGlmeSBpdCB1bmxlc3MgeW91IGhhdmUgYSBwYXJ0aWN1bGFyIG5lZWQuDQoNCnJlc29sdi1yZXRyeSBpbmZpbml0ZQ0Kbm9iaW5kDQpwZXJzaXN0LWtleQ0KcGVyc2lzdC10dW4NCmNsaWVudA0KdmVyYiAzDQojYXV0aC11c2VyLXBhc3MNCg0KDQojIyMjIyMjIyMjIyMjIyMjIyMjIyMjIyMjIyMjIyMjIyMjIyMjIyMjIyMjIyMjIyMjIyMjIyMjIyMjIyMjIyMjIyMjIyMjIyMjIyMjIyMjDQojIFRoZSBjZXJ0aWZpY2F0ZSBmaWxlIG9mIHRoZSBkZXN0aW5hdGlvbiBWUE4gU2VydmVyLg0KIyANCiMgVGhlIENBIGNlcnRpZmljYXRlIGZpbGUgaXMgZW1iZWRkZWQgaW4gdGhlIGlubGluZSBmb3JtYXQuDQojIFlvdSBjYW4gcmVwbGFjZSB0aGlzIENBIGNvbnRlbnRzIGlmIG5lY2Vzc2FyeS4NCiMgUGxlYXNlIG5vdGUgdGhhdCBpZiB0aGUgc2VydmVyIGNlcnRpZmljYXRlIGlzIG5vdCBhIHNlbGYtc2lnbmVkLCB5b3UgaGF2ZSB0bw0KIyBzcGVjaWZ5IHRoZSBzaWduZXIncyByb290IGNlcnRpZmljYXRlIChDQSkgaGVyZS4NCg0KPGNhPg0KLS0tLS1CRUdJTiBDRVJUSUZJQ0FURS0tLS0tDQpNSUlGYXpDQ0ExT2dBd0lCQWdJUkFJSVF6N0RTUU9OWlJHUGd1Mk9DaXdBd0RRWUpLb1pJaHZjTkFRRUxCUUF3DQpUekVMTUFrR0ExVUVCaE1DVlZNeEtUQW5CZ05WQkFvVElFbHVkR1Z5Ym1WMElGTmxZM1Z5YVhSNUlGSmxjMlZoDQpjbU5vSUVkeWIzVndNUlV3RXdZRFZRUURFd3hKVTFKSElGSnZiM1FnV0RFd0hoY05NVFV3TmpBME1URXdORE00DQpXaGNOTXpVd05qQTBNVEV3TkRNNFdqQlBNUXN3Q1FZRFZRUUdFd0pWVXpFcE1DY0dBMVVFQ2hNZ1NXNTBaWEp1DQpaWFFnVTJWamRYSnBkSGtnVW1WelpXRnlZMmdnUjNKdmRYQXhGVEFUQmdOVkJBTVRERWxUVWtjZ1VtOXZkQ0JZDQpNVENDQWlJd0RRWUpLb1pJaHZjTkFRRUJCUUFEZ2dJUEFEQ0NBZ29DZ2dJQkFLM29KSFAwRkRmem01NHJWeWdjDQpoNzdjdDk4NGtJeHVQT1pYb0hqM2RjS2kvdlZxYnZZQVR5amIzbWlHYkVTVHRyRmovUlFTYTc4ZjB1b3hteUYrDQowVE04dWtqMTNYbmZzN2ovRXZFaG1rdkJpb1p4YVVwbVpteVBmanh3djYwcElnYno1TURtZ0s3aVM0KzNtWDZVDQpBNS9UUjVkOG1VZ2pVK2c0cms4S2I0TXUwVWxYaklCMHR0b3YwRGlOZXdOd0lSdDE4akE4K28rdTNkcGpxK3NXDQpUOEtPRVV0K3p3dm8vN1YzTHZTeWUwcmdUQklsREhDTkF5bWc0Vk1rN0JQWjdobS9FTE5LakQrSm8yRlIzcXlIDQpCNVQwWTNIc0x1SnZXNWlCNFlsY05IbHNkdTg3a0dKNTV0dWttaThteGRBUTRRN2UyUkNPRnZ1Mzk2ajN4K1VDDQpCNWlQTmdpVjUrSTNsZzAyZFo3N0RuS3hIWnU4QS9sSkJkaUIzUVcwS3RaQjZhd0JkcFVLRDlqZjFiMFNIelV2DQpLQmRzMHBqQnFBbGtkMjVITjdyT3JGbGVhSjEvY3RhSnhRWkJLVDVaUHQwbTlTVEpFYWRhbzB4QUgwYWhtYlduDQpPbEZ1aGp1ZWZYS25FZ1Y0V2UwK1VYZ1ZDd09QamRBdkJiSStlMG9jUzNNRkV2ekc2dUJRRTN4RGszU3p5blRuDQpqaDhCQ05BdzFGdHhOclFIdXNFd01GeEl0NEk3bUtaOVlJcWlveW1DekxxOWd3UWJvb01EUWFIV0JmRWJ3cmJ3DQpxSHlHTzBhb1NDcUkzSGFhZHI4ZmFxVTlHWS9yT1BOazNzZ3JEUW9vLy9mYjRoVkMxQ0xRSjEzaGVmNFk1M0NJDQpyVTdtMllzNnh0MG5VVzcvdkdUMU0wTlBBZ01CQUFHalFqQkFNQTRHQTFVZER3RUIvd1FFQXdJQkJqQVBCZ05WDQpIUk1CQWY4RUJUQURBUUgvTUIwR0ExVWREZ1FXQkJSNXRGbm1lN2JsNUFGemdBaUl5QnBZOXVtYmJqQU5CZ2txDQpoa2lHOXcwQkFRc0ZBQU9DQWdFQVZSOVlxYnl5cUZEUURMSFlHbWtnSnlrSXJHRjFYSXB1K0lMbGFTL1Y5bFpMDQp1Ymh6RUZuVElaZCs1MHh4KzdMU1lLMDVxQXZxRnlGV2hmRlFEbG5yenVCWjZickpGZStHblkrRWdQYms2WkdRDQozQmViWWh0RjhHYVYwbnh2d3VvNzd4L1B5OWF1Si9HcHNNaXUvWDErbXZvaUJPdi8yWC9xa1NzaXNSY09qL0tLDQpORnRZMlB3QnlWUzV1Q2JNaW9nemlVd3RoRHlDMys2V1Z3VzZMTHYzeExmSFRqdUN2akhJSW5Oemt0SENnS1E1DQpPUkF6STRKTVBKK0dzbFdZSGI0cGhvd2ltNTdpYXp0WE9vSndUZHdKeDRuTENnZE5iT2hkanNudnpxdkh1N1VyDQpUa1hXU3RBbXpPVnl5Z2hxcFpYakZhSDNwTzNKTEYrbCsvK3NLQUl1dnRkN3UrTnhlNUFXMHdkZVJsTjhOd2RDDQpqTlBFbHB6Vm1iVXE0SlVhZ0VpdVREa0h6c3hIcEZLVks3cTQrNjNTTTFOOTVSMU5iZFdoc2NkQ2IrWkFKelZjDQpveWkzQjQzbmpUT1E1eU9mKzFDY2VXeEcxYlFWczVadWZwc01sanE0VWkwLzFsdmgrd2pDaFA0a3FLT0oycXhxDQo0Umdxc2FoRFlWdlRIOXc3alhieUxlaU5kZDhYTTJ3OVUvdDd5MEZmLzl5aTBHRTQ0WmE0ckYyTE45ZDExVFBBDQptUkd1blVIQmNuV0V2Z0pCUWw5bkpFaVUwWnNudmdjL3ViaFBnWFJSNFhxMzdaMGo0cjdnMVNnRUV6d3hBNTdkDQplbXlQeGdjWXhuL2VSNDQvS0o0RUJzK2xWRFIzdmV5Sm0ra1hROTliMjEvK2poNVhvczFBblg1aUl0cmVHQ2M9DQotLS0tLUVORCBDRVJUSUZJQ0FURS0tLS0tDQoNCjwvY2E+DQoNCg0KIyMjIyMjIyMjIyMjIyMjIyMjIyMjIyMjIyMjIyMjIyMjIyMjIyMjIyMjIyMjIyMjIyMjIyMjIyMjIyMjIyMjIyMjIyMjIyMjIyMjIyMjIw0KIyBUaGUgY2xpZW50IGNlcnRpZmljYXRlIGZpbGUgKGR1bW15KS4NCiMgDQojIEluIHNvbWUgaW1wbGVtZW50YXRpb25zIG9mIE9wZW5WUE4gQ2xpZW50IHNvZnR3YXJlDQojIChmb3IgZXhhbXBsZTogT3BlblZQTiBDbGllbnQgZm9yIGlPUyksDQojIGEgcGFpciBvZiBjbGllbnQgY2VydGlmaWNhdGUgYW5kIHByaXZhdGUga2V5IG11c3QgYmUgaW5jbHVkZWQgb24gdGhlDQojIGNvbmZpZ3VyYXRpb24gZmlsZSBkdWUgdG8gdGhlIGxpbWl0YXRpb24gb2YgdGhlIGNsaWVudC4NCiMgU28gdGhpcyBzYW1wbGUgY29uZmlndXJhdGlvbiBmaWxlIGhhcyBhIGR1bW15IHBhaXIgb2YgY2xpZW50IGNlcnRpZmljYXRlDQojIGFuZCBwcml2YXRlIGtleSBhcyBmb2xsb3dzLg0KDQo8Y2VydD4NCi0tLS0tQkVHSU4gQ0VSVElGSUNBVEUtLS0tLQ0KTUlJQ3hqQ0NBYTRDQVFBd0RRWUpLb1pJaHZjTkFRRUZCUUF3S1RFYU1CZ0dBMVVFQXhNUlZsQk9SMkYwWlVOcw0KYVdWdWRFTmxjblF4Q3pBSkJnTlZCQVlUQWtwUU1CNFhEVEV6TURJeE1UQXpORGswT1ZvWERUTTNNREV4T1RBeg0KTVRRd04xb3dLVEVhTUJnR0ExVUVBeE1SVmxCT1IyRjBaVU5zYVdWdWRFTmxjblF4Q3pBSkJnTlZCQVlUQWtwUQ0KTUlJQklqQU5CZ2txaGtpRzl3MEJBUUVGQUFPQ0FROEFNSUlCQ2dLQ0FRRUE1aDJsZ1FRWVVqd29LWUpielZaQQ0KNVZjSUdkNW90UGMvcVpSTXQwS0l0Q0ZBMHM5UndSZU5WYTlmRFJGTFJCaGNJVE9sdjNGQmNXM0U4aDFVczdSRA0KNFc4R21KZTh6YXBKbkxzRDM5T1NNUkN6WkpuY3pXNE9DSDFQWlJaV0txRHRqbE5jYTlBRjhhNjVqVG1sRHhDUQ0KQ2pudExJV2s1T0xMVmtGdDkvdFNjYzFHRHRjaTU1b2ZoYU5BWU1QaUg3VjgrMWc2NnBHSFhBb1dLNkFRVkg2Nw0KWENLSm5HQjVubFErSHNNWVBWL080OUxkOTFaTi8ydEhrY2FMTHlOdHl3eFZQUlNzUmg0ODBqanUwZmNDc3Y2aA0KcC8weVhuVEIvL21XdXRCR3BkVWxJYndpSVRiQW1yc2JZbmppZ1J2blBxWDFSTkpVYmk5RnA2QzJjL0hJRkpHRA0KeXdJREFRQUJNQTBHQ1NxR1NJYjNEUUVCQlFVQUE0SUJBUUNoTzVoZ2N3LzRvV2ZvRUZMdTlrQmExQi8va3hIOA0KaFFrQ2hWTm44QlJDN1kwVVJRaXRQbDNES0VlZDlVUkJEZGcyS09Bejc3YmI2RU5QaWxpRCthMzhVSkhJUk1xZQ0KVUJIaGxsT0hJenZEaEhGYmFvdkFMQlFjZWVCemRrUXhzS1FFU0ttUW1SODMyOTUwVUNvdm95UkI2MVV5QVY3aA0KK21aaFlQR1JLWEtTSkk2czBFZ2cvQ3JpK0N3azRiakpmcmI1aFZzZTExeWg0RDlNSGh3U2ZDT0grMHo0aFBVVA0KRmt1N2RHYXZVUk81U1Z4TW4vc0w2RW41RCtvU2VYa2FkSHBEcytBaXJ5bTJZSGgxNWgwK2pQU09vUjZ5aVZwLw0KNnpaZVprck40M2t1UzczS3BLREZqZkZQaDh0NHIxZ09JanR0a05jUXFCY2N1c25wbFE3SEpwc2sNCi0tLS0tRU5EIENFUlRJRklDQVRFLS0tLS0NCg0KPC9jZXJ0Pg0KDQo8a2V5Pg0KLS0tLS1CRUdJTiBSU0EgUFJJVkFURSBLRVktLS0tLQ0KTUlJRXBBSUJBQUtDQVFFQTVoMmxnUVFZVWp3b0tZSmJ6VlpBNVZjSUdkNW90UGMvcVpSTXQwS0l0Q0ZBMHM5Ug0Kd1JlTlZhOWZEUkZMUkJoY0lUT2x2M0ZCY1czRThoMVVzN1JENFc4R21KZTh6YXBKbkxzRDM5T1NNUkN6WkpuYw0Kelc0T0NIMVBaUlpXS3FEdGpsTmNhOUFGOGE2NWpUbWxEeENRQ2pudExJV2s1T0xMVmtGdDkvdFNjYzFHRHRjaQ0KNTVvZmhhTkFZTVBpSDdWOCsxZzY2cEdIWEFvV0s2QVFWSDY3WENLSm5HQjVubFErSHNNWVBWL080OUxkOTFaTg0KLzJ0SGtjYUxMeU50eXd4VlBSU3NSaDQ4MGpqdTBmY0NzdjZocC8weVhuVEIvL21XdXRCR3BkVWxJYndpSVRiQQ0KbXJzYlluamlnUnZuUHFYMVJOSlViaTlGcDZDMmMvSElGSkdEeXdJREFRQUJBb0lCQUVSVjdYNUF2eEE4dVJpSw0KazhTSXBzRDBkWDFwSk9NSXdha1VWeXZjNEVmTjBEaEtSTmI0cllvU2lFR1RMeXpMcHlCYy9BMjhEbGttNWVPWQ0KZmp6WGZZa0d0WWkvRnR4a2czTzl2Y3JNUTQrNmkrdUdIYUlMMnJMK3M0TXJmTzh2MXh2NitXa3kzM0VFR0NvdQ0KUWl3VkdSRlFYblJvUTYyTkJDRmJVTkxobVh3ZGoxYWtaekxVNHA1UjR6QTNRaGR4d0VJYXRWTHQwKzdvd0xRMw0KbFA4c2ZYaHBwUE9YalRxTUQ0UWtZd3pQQWE4L3pGN2FjbjRrcnlyVVA3UTZQQWZkMHpFVnFOeTlaQ1o5ZmZobw0KelhlZEZqNDg2SUZvYzVnblRwMk42anNuVmo0TENHSWhsVkhsWUdvektLRnFKY1FWR3NIQ3FxMW96MnpqVzZMUw0Kb1JZSUhnRUNnWUVBOHpacmtDd05ZU1hKdU9ESjNtL2hPTFZ4Y3hnSnV3WG9pRXJXZDBFNDJ2UGFuampWTWhudA0KS1k1bDhxR01KNkZoSzlMWXgycUNyZi9FMFh0VUFaMndWcTNPUlR5R25zTVdyZTl0TFlzNTVYK1pOMTBUYzc1eg0KNGhhY2JVMGhxS04xSGlEbXNNUlkzLzJOYVpIb3k3TUtud0pKQmFHNDhsOUNDVGxWd01Ib2NJRUNnWUVBOGpieQ0KZEdqeFRIKzZYSFdOaXpiNVNSYlp4QW55RWVKZVJ3VE1oMGdHendHUHBIL3NaWUd6eXUwU3lTWFdDblpoM1JncQ0KNXVMbE54dHJYcmxqWmx5aTJuUWRRZ3NxMllyV1VzMCt6Z1UrMjJ1UXNacFNBZnRtaFZydHZldDZNalZqYkJ5WQ0KREFEY2lFVlVkSllJWGsrcW5GVUp5ZXJvTElrVGo3V1lLWjZSamtzQ2dZQm9DRkl3UkRlZzQyb0s4OVJGbW5Pcg0KTHltTkFxNCsyb01oc1dsVmI0ZWpXSVdlQWs5bmMrR1hVZnJYc3pSaFMwMW1VblU1cjV5Z1V2UmNhclYvVDNVNw0KVG5NWitJN1k0RGdXUklEZDUxem5oeElCdFlWNWovQy90ODVIanFPa0grOGI2UlRrYmNoYVgzbWF1N2ZwVWZkcw0KRnEwbmhJcTQyZmhFTzhzcmZZWXdnUUtCZ1FDeWhpMU4vOHRhUndwayszL0lERXpRd2piZmR6VWtXV1NEazlYcw0KSC9wa3VSSFdmVE1QM2ZsV3FFWWdXL0xXNDBwZVcySERxNWltZFY4K0FnWnhlL1hNYmFqaTlMZ3dmMVJZMDA1bg0KS3hhWlF6N3lxSHVwV2xMR0Y2OERQSHhrWlZWU2FnRG5WL3N6dFdYNlNGc0NxRlZueElYaWZYR0M0Y1c1Tm05Zw0KdmE4cTRRS0JnUUNFaExWZVVmZHdLdmtaOTRnL0dGejczMVoyaHJkVmhnTVphVS91NnQwVjk1K1llelBOQ1FaQg0Kd21FOU1tbGJxMWVtRGVST2l2akNmb0doUjNrWlhXMXBUS2xMaDZaTVVRVU9wcHRkWHZhOFh4Zm9xUXdhM2VuQQ0KTTdtdUJiRjBYTjdWTzgwaUpQditQbUlaZEVJQWtwd0tmaTIwMVlCK0JhZkNJdUd4SUY1MFZnPT0NCi0tLS0tRU5EIFJTQSBQUklWQVRFIEtFWS0tLS0tDQoNCjwva2V5Pg0KDQo=
vpn993549561,175.197.132.190,541324,31,89057281,Korea Republic of,KR,7,0,7204,852734516323,2weeks,DESKTOP-PEVRANT's owner,,IyMjIyMjIyMjIyMjIyMjIyMjIyMjIyMjIyMjIyMjIyMjIyMjIyMjIyMjIyMjIyMjIyMjIyMjIyMjIyMjIyMjIyMjIyMjIyMjIyMjIyMjIw0KIyBPcGVuVlBOIDIuMCBTYW1wbGUgQ29uZmlndXJhdGlvbiBGaWxlDQojIGZvciBQYWNrZXRpWCBWUE4gLyBTb2Z0RXRoZXIgVlBOIFNlcnZlcg0KIyANCiMgISEhIEFVVE8tR0VORVJBVEVEIEJZIFNPRlRFVEhFUiBWUE4gU0VSVkVSIE1BTkFHRU1FTlQgVE9PTCAhISENCiMgDQojICEhISBZT1UgSEFWRSBUTyBSRVZJRVcgSVQgQkVGT1JFIFVTRSBBTkQgTU9ESUZZIElUIEFTIE5FQ0VTU0FSWSAhISENCiMgDQojIFRoaXMgY29uZmlndXJhdGlvbiBmaWxlIGlzIGF1dG8tZ2VuZXJhdGVkLiBZb3UgbWlnaHQgdXNlIHRoaXMgY29uZmlnIGZpbGUNCiMgaW4gb3JkZXIgdG8gY29ubmVjdCB0byB0aGUgUGFja2V0aVggVlBOIC8gU29mdEV0aGVyIFZQTiBTZXJ2ZXIuDQojIEhvd2V2ZXIsIGJlZm9yZSB5b3UgdHJ5IGl0LCB5b3Ugc2hvdWxkIHJldmlldyB0aGUgZGVzY3JpcHRpb25zIG9mIHRoZSBmaWxlDQojIHRvIGRldGVybWluZSB0aGUgbmVjZXNzaXR5IHRvIG1vZGlmeSB0byBzdWl0YWJsZSBmb3IgeW91ciByZWFsIGVudmlyb25tZW50Lg0KIyBJZiBuZWNlc3NhcnksIHlvdSBoYXZlIHRvIG1vZGlmeSBhIGxpdHRsZSBhZGVxdWF0ZWx5IG9uIHRoZSBmaWxlLg0KIyBGb3IgZXhhbXBsZSwgdGhlIElQIGFkZHJlc3Mgb3IgdGhlIGhvc3RuYW1lIGFzIGEgZGVzdGluYXRpb24gVlBOIFNlcnZlcg0KIyBzaG91bGQgYmUgY29uZmlybWVkLg0KIyANCiMgTm90ZSB0aGF0IHRvIHVzZSBPcGVuVlBOIDIuMCwgeW91IGhhdmUgdG8gcHV0IHRoZSBjZXJ0aWZpY2F0aW9uIGZpbGUgb2YNCiMgdGhlIGRlc3RpbmF0aW9uIFZQTiBTZXJ2ZXIgb24gdGhlIE9wZW5WUE4gQ2xpZW50IGNvbXB1dGVyIHdoZW4geW91IHVzZSB0aGlzDQojIGNvbmZpZyBmaWxlLiBQbGVhc2UgcmVmZXIgdGhlIGJlbG93IGRlc2NyaXB0aW9ucyBjYXJlZnVsbHkuDQoNCg0KIyMjIyMjIyMjIyMjIyMjIyMjIyMjIyMjIyMjIyMjIyMjIyMjIyMjIyMjIyMjIyMjIyMjIyMjIyMjIyMjIyMjIyMjIyMjIyMjIyMjIyMjIw0KIyBTcGVjaWZ5IHRoZSB0eXBlIG9mIHRoZSBsYXllciBvZiB0aGUgVlBOIGNvbm5lY3Rpb24uDQojIA0KIyBUbyBjb25uZWN0IHRvIHRoZSBWUE4gU2VydmVyIGFzIGEgIlJlbW90ZS1BY2Nlc3MgVlBOIENsaWVudCBQQyIsDQojICBzcGVjaWZ5ICdkZXYgdHVuJy4gKExheWVyLTMgSVAgUm91dGluZyBNb2RlKQ0KIw0KIyBUbyBjb25uZWN0IHRvIHRoZSBWUE4gU2VydmVyIGFzIGEgYnJpZGdpbmcgZXF1aXBtZW50IG9mICJTaXRlLXRvLVNpdGUgVlBOIiwNCiMgIHNwZWNpZnkgJ2RldiB0YXAnLiAoTGF5ZXItMiBFdGhlcm5ldCBCcmlkZ2luZSBNb2RlKQ0KDQpkZXYgdHVuDQoNCg0KIyMjIyMjIyMjIyMjIyMjIyMjIyMjIyMjIyMjIyMjIyMjIyMjIyMjIyMjIyMjIyMjIyMjIyMjIyMjIyMjIyMjIyMjIyMjIyMjIyMjIyMjIw0KIyBTcGVjaWZ5IHRoZSB1bmRlcmx5aW5nIHByb3RvY29sIGJleW9uZCB0aGUgSW50ZXJuZXQuDQojIE5vdGUgdGhhdCB0aGlzIHNldHRpbmcgbXVzdCBiZSBjb3JyZXNwb25kIHdpdGggdGhlIGxpc3RlbmluZyBzZXR0aW5nIG9uDQojIHRoZSBWUE4gU2VydmVyLg0KIyANCiMgU3BlY2lmeSBlaXRoZXIgJ3Byb3RvIHRjcCcgb3IgJ3Byb3RvIHVkcCcuDQoNCnByb3RvIHRjcA0KDQoNCiMjIyMjIyMjIyMjIyMjIyMjIyMjIyMjIyMjIyMjIyMjIyMjIyMjIyMjIyMjIyMjIyMjIyMjIyMjIyMjIyMjIyMjIyMjIyMjIyMjIyMjIyMNCiMgVGhlIGRlc3RpbmF0aW9uIGhvc3RuYW1lIC8gSVAgYWRkcmVzcywgYW5kIHBvcnQgbnVtYmVyIG9mDQojIHRoZSB0YXJnZXQgVlBOIFNlcnZlci4NCiMgDQojIFlvdSBoYXZlIHRvIHNwZWNpZnkgYXMgJ3JlbW90ZSA8SE9TVE5BTUU+IDxQT1JUPicuIFlvdSBjYW4gYWxzbw0KIyBzcGVjaWZ5IHRoZSBJUCBhZGRyZXNzIGluc3RlYWQgb2YgdGhlIGhvc3RuYW1lLg0KIyANCiMgTm90ZSB0aGF0IHRoZSBhdXRvLWdlbmVyYXRlZCBiZWxvdyBob3N0bmFtZSBhcmUgYSAiYXV0by1kZXRlY3RlZA0KIyBJUCBhZGRyZXNzIiBvZiB0aGUgVlBOIFNlcnZlci4gWW91IGhhdmUgdG8gY29uZmlybSB0aGUgY29ycmVjdG5lc3MNCiMgYmVmb3JlaGFuZC4NCiMgDQojIFdoZW4geW91IHdhbnQgdG8gY29ubmVjdCB0byB0aGUgVlBOIFNlcnZlciBieSB1c2luZyBUQ1AgcHJvdG9jb2wsDQojIHRoZSBwb3J0IG51bWJlciBvZiB0aGUgZGVzdGluYXRpb24gVENQIHBvcnQgc2hvdWxkIGJlIHNhbWUgYXMgb25lIG9mDQojIHRoZSBhdmFpbGFibGUgVENQIGxpc3RlbmVycyBvbiB0aGUgVlBOIFNlcnZlci4NCiMgDQojIFdoZW4geW91IHVzZSBVRFAgcHJvdG9jb2wsIHRoZSBwb3J0IG51bWJlciBtdXN0IHNhbWUgYXMgdGhlIGNvbmZpZ3VyYXRpb24NCiMgc2V0dGluZyBvZiAiT3BlblZQTiBTZXJ2ZXIgQ29tcGF0aWJsZSBGdW5jdGlvbiIgb24gdGhlIFZQTiBTZXJ2ZXIuDQoNCnJlbW90ZSAxNzUuMTk3LjEzMi4xOTAgMTIyMQ0KDQoNCiMjIyMjIyMjIyMjIyMjIyMjIyMjIyMjIyMjIyMjIyMjIyMjIyMjIyMjIyMjIyMjIyMjIyMjIyMjIyMjIyMjIyMjIyMjIyMjIyMjIyMjIyMNCiMgVGhlIEhUVFAvSFRUUFMgcHJveHkgc2V0dGluZy4NCiMgDQojIE9ubHkgaWYgeW91IGhhdmUgdG8gdXNlIHRoZSBJbnRlcm5ldCB2aWEgYSBwcm94eSwgdW5jb21tZW50IHRoZSBiZWxvdw0KIyB0d28gbGluZXMgYW5kIHNwZWNpZnkgdGhlIHByb3h5IGFkZHJlc3MgYW5kIHRoZSBwb3J0IG51bWJlci4NCiMgSW4gdGhlIGNhc2Ugb2YgdXNpbmcgcHJveHktYXV0aGVudGljYXRpb24sIHJlZmVyIHRoZSBPcGVuVlBOIG1hbnVhbC4NCg0KO2h0dHAtcHJveHktcmV0cnkNCjtodHRwLXByb3h5IFtwcm94eSBzZXJ2ZXJdIFtwcm94eSBwb3J0XQ0KDQoNCiMjIyMjIyMjIyMjIyMjIyMjIyMjIyMjIyMjIyMjIyMjIyMjIyMjIyMjIyMjIyMjIyMjIyMjIyMjIyMjIyMjIyMjIyMjIyMjIyMjIyMjIyMNCiMgVGhlIGVuY3J5cHRpb24gYW5kIGF1dGhlbnRpY2F0aW9uIGFsZ29yaXRobS4NCiMgDQojIERlZmF1bHQgc2V0dGluZyBpcyBnb29kLiBNb2RpZnkgaXQgYXMgeW91IHByZWZlci4NCiMgV2hlbiB5b3Ugc3BlY2lmeSBhbiB1bnN1cHBvcnRlZCBhbGdvcml0aG0sIHRoZSBlcnJvciB3aWxsIG9jY3VyLg0KIyANCiMgVGhlIHN1cHBvcnRlZCBhbGdvcml0aG1zIGFyZSBhcyBmb2xsb3dzOg0KIyAgY2lwaGVyOiBbTlVMTC1DSVBIRVJdIE5VTEwgQUVTLTEyOC1DQkMgQUVTLTE5Mi1DQkMgQUVTLTI1Ni1DQkMgQkYtQ0JDDQojICAgICAgICAgIENBU1QtQ0JDIENBU1Q1LUNCQyBERVMtQ0JDIERFUy1FREUtQ0JDIERFUy1FREUzLUNCQyBERVNYLUNCQw0KIyAgICAgICAgICBSQzItNDAtQ0JDIFJDMi02NC1DQkMgUkMyLUNCQw0KIyAgYXV0aDogICBTSEEgU0hBMSBNRDUgTUQ0IFJNRDE2MA0KDQpjaXBoZXIgQUVTLTEyOC1DQkMNCmF1dGggU0hBMQ0KDQoNCiMjIyMjIyMjIyMjIyMjIyMjIyMjIyMjIyMjIyMjIyMjIyMjIyMjIyMjIyMjIyMjIyMjIyMjIyMjIyMjIyMjIyMjIyMjIyMjIyMjIyMjIyMNCiMgT3RoZXIgcGFyYW1ldGVycyBuZWNlc3NhcnkgdG8gY29ubmVjdCB0byB0aGUgVlBOIFNlcnZlci4NCiMgDQojIEl0IGlzIG5vdCByZWNvbW1lbmRlZCB0byBtb2RpZnkgaXQgdW5sZXNzIHlvdSBoYXZlIGEgcGFydGljdWxhciBuZWVkLg0KDQpyZXNvbHYtcmV0cnkgaW5maW5pdGUNCm5vYmluZA0KcGVyc2lzdC1rZXkNCnBlcnNpc3QtdHVuDQpjbGllbnQNCnZlcmIgMw0KI2F1dGgtdXNlci1wYXNzDQoNCg0KIyMjIyMjIyMjIyMjIyMjIyMjIyMjIyMjIyMjIyMjIyMjIyMjIyMjIyMjIyMjIyMjIyMjIyMjIyMjIyMjIyMjIyMjIyMjIyMjIyMjIyMjIw0KIyBUaGUgY2VydGlmaWNhdGUgZmlsZSBvZiB0aGUgZGVzdGluYXRpb24gVlBOIFNlcnZlci4NCiMgDQojIFRoZSBDQSBjZXJ0aWZpY2F0ZSBmaWxlIGlzIGVtYmVkZGVkIGluIHRoZSBpbmxpbmUgZm9ybWF0Lg0KIyBZb3UgY2FuIHJlcGxhY2UgdGhpcyBDQSBjb250ZW50cyBpZiBuZWNlc3NhcnkuDQojIFBsZWFzZSBub3RlIHRoYXQgaWYgdGhlIHNlcnZlciBjZXJ0aWZpY2F0ZSBpcyBub3QgYSBzZWxmLXNpZ25lZCwgeW91IGhhdmUgdG8NCiMgc3BlY2lmeSB0aGUgc2lnbmVyJ3Mgcm9vdCBjZXJ0aWZpY2F0ZSAoQ0EpIGhlcmUuDQoNCjxjYT4NCi0tLS0tQkVHSU4gQ0VSVElGSUNBVEUtLS0tLQ0KTUlJRmF6Q0NBMU9nQXdJQkFnSVJBSUlRejdEU1FPTlpSR1BndTJPQ2l3QXdEUVlKS29aSWh2Y05BUUVMQlFBdw0KVHpFTE1Ba0dBMVVFQmhNQ1ZWTXhLVEFuQmdOVkJBb1RJRWx1ZEdWeWJtVjBJRk5sWTNWeWFYUjVJRkpsYzJWaA0KY21Ob0lFZHliM1Z3TVJVd0V3WURWUVFERXd4SlUxSkhJRkp2YjNRZ1dERXdIaGNOTVRVd05qQTBNVEV3TkRNNA0KV2hjTk16VXdOakEwTVRFd05ETTRXakJQTVFzd0NRWURWUVFHRXdKVlV6RXBNQ2NHQTFVRUNoTWdTVzUwWlhKdQ0KWlhRZ1UyVmpkWEpwZEhrZ1VtVnpaV0Z5WTJnZ1IzSnZkWEF4RlRBVEJnTlZCQU1UREVsVFVrY2dVbTl2ZENCWQ0KTVRDQ0FpSXdEUVlKS29aSWh2Y05BUUVCQlFBRGdnSVBBRENDQWdvQ2dnSUJBSzNvSkhQMEZEZnptNTRyVnlnYw0KaDc3Y3Q5ODRrSXh1UE9aWG9IajNkY0tpL3ZWcWJ2WUFUeWpiM21pR2JFU1R0ckZqL1JRU2E3OGYwdW94bXlGKw0KMFRNOHVrajEzWG5mczdqL0V2RWhta3ZCaW9aeGFVcG1abXlQZmp4d3Y2MHBJZ2J6NU1EbWdLN2lTNCszbVg2VQ0KQTUvVFI1ZDhtVWdqVStnNHJrOEtiNE11MFVsWGpJQjB0dG92MERpTmV3TndJUnQxOGpBOCtvK3UzZHBqcStzVw0KVDhLT0VVdCt6d3ZvLzdWM0x2U3llMHJnVEJJbERIQ05BeW1nNFZNazdCUFo3aG0vRUxOS2pEK0pvMkZSM3F5SA0KQjVUMFkzSHNMdUp2VzVpQjRZbGNOSGxzZHU4N2tHSjU1dHVrbWk4bXhkQVE0UTdlMlJDT0Z2dTM5NmozeCtVQw0KQjVpUE5naVY1K0kzbGcwMmRaNzdEbkt4SFp1OEEvbEpCZGlCM1FXMEt0WkI2YXdCZHBVS0Q5amYxYjBTSHpVdg0KS0JkczBwakJxQWxrZDI1SE43ck9yRmxlYUoxL2N0YUp4UVpCS1Q1WlB0MG05U1RKRWFkYW8weEFIMGFobWJXbg0KT2xGdWhqdWVmWEtuRWdWNFdlMCtVWGdWQ3dPUGpkQXZCYkkrZTBvY1MzTUZFdnpHNnVCUUUzeERrM1N6eW5Ubg0Kamg4QkNOQXcxRnR4TnJRSHVzRXdNRnhJdDRJN21LWjlZSXFpb3ltQ3pMcTlnd1Fib29NRFFhSFdCZkVid3Jidw0KcUh5R08wYW9TQ3FJM0hhYWRyOGZhcVU5R1kvck9QTmszc2dyRFFvby8vZmI0aFZDMUNMUUoxM2hlZjRZNTNDSQ0KclU3bTJZczZ4dDBuVVc3L3ZHVDFNME5QQWdNQkFBR2pRakJBTUE0R0ExVWREd0VCL3dRRUF3SUJCakFQQmdOVg0KSFJNQkFmOEVCVEFEQVFIL01CMEdBMVVkRGdRV0JCUjV0Rm5tZTdibDVBRnpnQWlJeUJwWTl1bWJiakFOQmdrcQ0KaGtpRzl3MEJBUXNGQUFPQ0FnRUFWUjlZcWJ5eXFGRFFETEhZR21rZ0p5a0lyR0YxWElwdStJTGxhUy9WOWxaTA0KdWJoekVGblRJWmQrNTB4eCs3TFNZSzA1cUF2cUZ5RldoZkZRRGxucnp1Qlo2YnJKRmUrR25ZK0VnUGJrNlpHUQ0KM0JlYllodEY4R2FWMG54dnd1bzc3eC9QeTlhdUovR3BzTWl1L1gxK212b2lCT3YvMlgvcWtTc2lzUmNPai9LSw0KTkZ0WTJQd0J5VlM1dUNiTWlvZ3ppVXd0aER5QzMrNldWd1c2TEx2M3hMZkhUanVDdmpISUluTnprdEhDZ0tRNQ0KT1JBekk0Sk1QSitHc2xXWUhiNHBob3dpbTU3aWF6dFhPb0p3VGR3Sng0bkxDZ2ROYk9oZGpzbnZ6cXZIdTdVcg0KVGtYV1N0QW16T1Z5eWdocXBaWGpGYUgzcE8zSkxGK2wrLytzS0FJdXZ0ZDd1K054ZTVBVzB3ZGVSbE44TndkQw0Kak5QRWxwelZtYlVxNEpVYWdFaXVURGtIenN4SHBGS1ZLN3E0KzYzU00xTjk1UjFOYmRXaHNjZENiK1pBSnpWYw0Kb3lpM0I0M25qVE9RNXlPZisxQ2NlV3hHMWJRVnM1WnVmcHNNbGpxNFVpMC8xbHZoK3dqQ2hQNGtxS09KMnF4cQ0KNFJncXNhaERZVnZUSDl3N2pYYnlMZWlOZGQ4WE0ydzlVL3Q3eTBGZi85eWkwR0U0NFphNHJGMkxOOWQxMVRQQQ0KbVJHdW5VSEJjbldFdmdKQlFsOW5KRWlVMFpzbnZnYy91YmhQZ1hSUjRYcTM3WjBqNHI3ZzFTZ0VFend4QTU3ZA0KZW15UHhnY1l4bi9lUjQ0L0tKNEVCcytsVkRSM3ZleUptK2tYUTk5YjIxLytqaDVYb3MxQW5YNWlJdHJlR0NjPQ0KLS0tLS1FTkQgQ0VSVElGSUNBVEUtLS0tLQ0KDQo8L2NhPg0KDQoNCiMjIyMjIyMjIyMjIyMjIyMjIyMjIyMjIyMjIyMjIyMjIyMjIyMjIyMjIyMjIyMjIyMjIyMjIyMjIyMjIyMjIyMjIyMjIyMjIyMjIyMjIyMNCiMgVGhlIGNsaWVudCBjZXJ0aWZpY2F0ZSBmaWxlIChkdW1teSkuDQojIA0KIyBJbiBzb21lIGltcGxlbWVudGF0aW9ucyBvZiBPcGVuVlBOIENsaWVudCBzb2Z0d2FyZQ0KIyAoZm9yIGV4YW1wbGU6IE9wZW5WUE4gQ2xpZW50IGZvciBpT1MpLA0KIyBhIHBhaXIgb2YgY2xpZW50IGNlcnRpZmljYXRlIGFuZCBwcml2YXRlIGtleSBtdXN0IGJlIGluY2x1ZGVkIG9uIHRoZQ0KIyBjb25maWd1cmF0aW9uIGZpbGUgZHVlIHRvIHRoZSBsaW1pdGF0aW9uIG9mIHRoZSBjbGllbnQuDQojIFNvIHRoaXMgc2FtcGxlIGNvbmZpZ3VyYXRpb24gZmlsZSBoYXMgYSBkdW1teSBwYWlyIG9mIGNsaWVudCBjZXJ0aWZpY2F0ZQ0KIyBhbmQgcHJpdmF0ZSBrZXkgYXMgZm9sbG93cy4NCg0KPGNlcnQ+DQotLS0tLUJFR0lOIENFUlRJRklDQVRFLS0tLS0NCk1JSUN4akNDQWE0Q0FRQXdEUVlKS29aSWh2Y05BUUVGQlFBd0tURWFNQmdHQTFVRUF4TVJWbEJPUjJGMFpVTnMNCmFXVnVkRU5sY25ReEN6QUpCZ05WQkFZVEFrcFFNQjRYRFRFek1ESXhNVEF6TkRrME9Wb1hEVE0zTURFeE9UQXoNCk1UUXdOMW93S1RFYU1CZ0dBMVVFQXhNUlZsQk9SMkYwWlVOc2FXVnVkRU5sY25ReEN6QUpCZ05WQkFZVEFrcFENCk1JSUJJakFOQmdrcWhraUc5dzBCQVFFRkFBT0NBUThBTUlJQkNnS0NBUUVBNWgybGdRUVlVandvS1lKYnpWWkENCjVWY0lHZDVvdFBjL3FaUk10MEtJdENGQTBzOVJ3UmVOVmE5ZkRSRkxSQmhjSVRPbHYzRkJjVzNFOGgxVXM3UkQNCjRXOEdtSmU4emFwSm5Mc0QzOU9TTVJDelpKbmN6VzRPQ0gxUFpSWldLcUR0amxOY2E5QUY4YTY1alRtbER4Q1ENCkNqbnRMSVdrNU9MTFZrRnQ5L3RTY2MxR0R0Y2k1NW9maGFOQVlNUGlIN1Y4KzFnNjZwR0hYQW9XSzZBUVZINjcNClhDS0puR0I1bmxRK0hzTVlQVi9PNDlMZDkxWk4vMnRIa2NhTEx5TnR5d3hWUFJTc1JoNDgwamp1MGZjQ3N2NmgNCnAvMHlYblRCLy9tV3V0QkdwZFVsSWJ3aUlUYkFtcnNiWW5qaWdSdm5QcVgxUk5KVWJpOUZwNkMyYy9ISUZKR0QNCnl3SURBUUFCTUEwR0NTcUdTSWIzRFFFQkJRVUFBNElCQVFDaE81aGdjdy80b1dmb0VGTHU5a0JhMUIvL2t4SDgNCmhRa0NoVk5uOEJSQzdZMFVSUWl0UGwzREtFZWQ5VVJCRGRnMktPQXo3N2JiNkVOUGlsaUQrYTM4VUpISVJNcWUNClVCSGhsbE9ISXp2RGhIRmJhb3ZBTEJRY2VlQnpka1F4c0tRRVNLbVFtUjgzMjk1MFVDb3ZveVJCNjFVeUFWN2gNCittWmhZUEdSS1hLU0pJNnMwRWdnL0NyaStDd2s0YmpKZnJiNWhWc2UxMXloNEQ5TUhod1NmQ09IKzB6NGhQVVQNCkZrdTdkR2F2VVJPNVNWeE1uL3NMNkVuNUQrb1NlWGthZEhwRHMrQWlyeW0yWUhoMTVoMCtqUFNPb1I2eWlWcC8NCjZ6WmVaa3JONDNrdVM3M0twS0RGamZGUGg4dDRyMWdPSWp0dGtOY1FxQmNjdXNucGxRN0hKcHNrDQotLS0tLUVORCBDRVJUSUZJQ0FURS0tLS0tDQoNCjwvY2VydD4NCg0KPGtleT4NCi0tLS0tQkVHSU4gUlNBIFBSSVZBVEUgS0VZLS0tLS0NCk1JSUVwQUlCQUFLQ0FRRUE1aDJsZ1FRWVVqd29LWUpielZaQTVWY0lHZDVvdFBjL3FaUk10MEtJdENGQTBzOVINCndSZU5WYTlmRFJGTFJCaGNJVE9sdjNGQmNXM0U4aDFVczdSRDRXOEdtSmU4emFwSm5Mc0QzOU9TTVJDelpKbmMNCnpXNE9DSDFQWlJaV0txRHRqbE5jYTlBRjhhNjVqVG1sRHhDUUNqbnRMSVdrNU9MTFZrRnQ5L3RTY2MxR0R0Y2kNCjU1b2ZoYU5BWU1QaUg3VjgrMWc2NnBHSFhBb1dLNkFRVkg2N1hDS0puR0I1bmxRK0hzTVlQVi9PNDlMZDkxWk4NCi8ydEhrY2FMTHlOdHl3eFZQUlNzUmg0ODBqanUwZmNDc3Y2aHAvMHlYblRCLy9tV3V0QkdwZFVsSWJ3aUlUYkENCm1yc2JZbmppZ1J2blBxWDFSTkpVYmk5RnA2QzJjL0hJRkpHRHl3SURBUUFCQW9JQkFFUlY3WDVBdnhBOHVSaUsNCms4U0lwc0QwZFgxcEpPTUl3YWtVVnl2YzRFZk4wRGhLUk5iNHJZb1NpRUdUTHl6THB5QmMvQTI4RGxrbTVlT1kNCmZqelhmWWtHdFlpL0Z0eGtnM085dmNyTVE0KzZpK3VHSGFJTDJyTCtzNE1yZk84djF4djYrV2t5MzNFRUdDb3UNClFpd1ZHUkZRWG5Sb1E2Mk5CQ0ZiVU5MaG1Yd2RqMWFrWnpMVTRwNVI0ekEzUWhkeHdFSWF0Vkx0MCs3b3dMUTMNCmxQOHNmWGhwcFBPWGpUcU1ENFFrWXd6UEFhOC96RjdhY240a3J5clVQN1E2UEFmZDB6RVZxTnk5WkNaOWZmaG8NCnpYZWRGajQ4NklGb2M1Z25UcDJONmpzblZqNExDR0lobFZIbFlHb3pLS0ZxSmNRVkdzSENxcTFvejJ6alc2TFMNCm9SWUlIZ0VDZ1lFQTh6WnJrQ3dOWVNYSnVPREozbS9oT0xWeGN4Z0p1d1hvaUVyV2QwRTQydlBhbmpqVk1obnQNCktZNWw4cUdNSjZGaEs5TFl4MnFDcmYvRTBYdFVBWjJ3VnEzT1JUeUduc01XcmU5dExZczU1WCtaTjEwVGM3NXoNCjRoYWNiVTBocUtOMUhpRG1zTVJZMy8yTmFaSG95N01LbndKSkJhRzQ4bDlDQ1RsVndNSG9jSUVDZ1lFQThqYnkNCmRHanhUSCs2WEhXTml6YjVTUmJaeEFueUVlSmVSd1RNaDBnR3p3R1BwSC9zWllHenl1MFN5U1hXQ25aaDNSZ3ENCjV1TGxOeHRyWHJsalpseWkyblFkUWdzcTJZcldVczAremdVKzIydVFzWnBTQWZ0bWhWcnR2ZXQ2TWpWamJCeVkNCkRBRGNpRVZVZEpZSVhrK3FuRlVKeWVyb0xJa1RqN1dZS1o2Umprc0NnWUJvQ0ZJd1JEZWc0Mm9LODlSRm1uT3INCkx5bU5BcTQrMm9NaHNXbFZiNGVqV0lXZUFrOW5jK0dYVWZyWHN6UmhTMDFtVW5VNXI1eWdVdlJjYXJWL1QzVTcNClRuTVorSTdZNERnV1JJRGQ1MXpuaHhJQnRZVjVqL0MvdDg1SGpxT2tIKzhiNlJUa2JjaGFYM21hdTdmcFVmZHMNCkZxMG5oSXE0MmZoRU84c3JmWVl3Z1FLQmdRQ3loaTFOLzh0YVJ3cGsrMy9JREV6UXdqYmZkelVrV1dTRGs5WHMNCkgvcGt1UkhXZlRNUDNmbFdxRVlnVy9MVzQwcGVXMkhEcTVpbWRWOCtBZ1p4ZS9YTWJhamk5TGd3ZjFSWTAwNW4NCkt4YVpRejd5cUh1cFdsTEdGNjhEUEh4a1pWVlNhZ0RuVi9zenRXWDZTRnNDcUZWbnhJWGlmWEdDNGNXNU5tOWcNCnZhOHE0UUtCZ1FDRWhMVmVVZmR3S3ZrWjk0Zy9HRno3MzFaMmhyZFZoZ01aYVUvdTZ0MFY5NStZZXpQTkNRWkINCndtRTlNbWxicTFlbURlUk9pdmpDZm9HaFIza1pYVzFwVEtsTGg2Wk1VUVVPcHB0ZFh2YThYeGZvcVF3YTNlbkENCk03bXVCYkYwWE43Vk84MGlKUHYrUG1JWmRFSUFrcHdLZmkyMDFZQitCYWZDSXVHeElGNTBWZz09DQotLS0tLUVORCBSU0EgUFJJVkFURSBLRVktLS0tLQ0KDQo8L2tleT4NCg0K
vpn914509666,114.200.230.80,523645,35,94786257,Korea Republic of,KR,9,0,156893,12756286552343,2weeks,DESKTOP-hgFTC3I's owner,,IyMjIyMjIyMjIyMjIyMjIyMjIyMjIyMjIyMjIyMjIyMjIyMjIyMjIyMjIyMjIyMjIyMjIyMjIyMjIyMjIyMjIyMjIyMjIyMjIyMjIyMjIw0KIyBPcGVuVlBOIDIuMCBTYW1wbGUgQ29uZmlndXJhdGlvbiBGaWxlDQojIGZvciBQYWNrZXRpWCBWUE4gLyBTb2Z0RXRoZXIgVlBOIFNlcnZlcg0KIyANCiMgISEhIEFVVE8tR0VORVJBVEVEIEJZIFNPRlRFVEhFUiBWUE4gU0VSVkVSIE1BTkFHRU1FTlQgVE9PTCAhISENCiMgDQojICEhISBZT1UgSEFWRSBUTyBSRVZJRVcgSVQgQkVGT1JFIFVTRSBBTkQgTU9ESUZZIElUIEFTIE5FQ0VTU0FSWSAhISENCiMgDQojIFRoaXMgY29uZmlndXJhdGlvbiBmaWxlIGlzIGF1dG8tZ2VuZXJhdGVkLiBZb3UgbWlnaHQgdXNlIHRoaXMgY29uZmlnIGZpbGUNCiMgaW4gb3JkZXIgdG8gY29ubmVjdCB0byB0aGUgUGFja2V0aVggVlBOIC8gU29mdEV0aGVyIFZQTiBTZXJ2ZXIuDQojIEhvd2V2ZXIsIGJlZm9yZSB5b3UgdHJ5IGl0LCB5b3Ugc2hvdWxkIHJldmlldyB0aGUgZGVzY3JpcHRpb25zIG9mIHRoZSBmaWxlDQojIHRvIGRldGVybWluZSB0aGUgbmVjZXNzaXR5IHRvIG1vZGlmeSB0byBzdWl0YWJsZSBmb3IgeW91ciByZWFsIGVudmlyb25tZW50Lg0KIyBJZiBuZWNlc3NhcnksIHlvdSBoYXZlIHRvIG1vZGlmeSBhIGxpdHRsZSBhZGVxdWF0ZWx5IG9uIHRoZSBmaWxlLg0KIyBGb3IgZXhhbXBsZSwgdGhlIElQIGFkZHJlc3Mgb3IgdGhlIGhvc3RuYW1lIGFzIGEgZGVzdGluYXRpb24gVlBOIFNlcnZlcg0KIyBzaG91bGQgYmUgY29uZmlybWVkLg0KIyANCiMgTm90ZSB0aGF0IHRvIHVzZSBPcGVuVlBOIDIuMCwgeW91IGhhdmUgdG8gcHV0IHRoZSBjZXJ0aWZpY2F0aW9uIGZpbGUgb2YNCiMgdGhlIGRlc3RpbmF0aW9uIFZQTiBTZXJ2ZXIgb24gdGhlIE9wZW5WUE4gQ2xpZW50IGNvbXB1dGVyIHdoZW4geW91IHVzZSB0aGlzDQojIGNvbmZpZyBmaWxlLiBQbGVhc2UgcmVmZXIgdGhlIGJlbG93IGRlc2NyaXB0aW9ucyBjYXJlZnVsbHkuDQoNCg0KIyMjIyMjIyMjIyMjIyMjIyMjIyMjIyMjIyMjIyMjIyMjIyMjIyMjIyMjIyMjIyMjIyMjIyMjIyMjIyMjIyMjIyMjIyMjIyMjIyMjIyMjIw0KIyBTcGVjaWZ5IHRoZSB0eXBlIG9mIHRoZSBsYXllciBvZiB0aGUgVlBOIGNvbm5lY3Rpb24uDQojIA0KIyBUbyBjb25uZWN0IHRvIHRoZSBWUE4gU2VydmVyIGFzIGEgIlJlbW90ZS1BY2Nlc3MgVlBOIENsaWVudCBQQyIsDQojICBzcGVjaWZ5ICdkZXYgdHVuJy4gKExheWVyLTMgSVAgUm91dGluZyBNb2RlKQ0KIw0KIyBUbyBjb25uZWN0IHRvIHRoZSBWUE4gU2VydmVyIGFzIGEgYnJpZGdpbmcgZXF1aXBtZW50IG9mICJTaXRlLXRvLVNpdGUgVlBOIiwNCiMgIHNwZWNpZnkgJ2RldiB0YXAnLiAoTGF5ZXItMiBFdGhlcm5ldCBCcmlkZ2luZSBNb2RlKQ0KDQpkZXYgdHVuDQoNCg0KIyMjIyMjIyMjIyMjIyMjIyMjIyMjIyMjIyMjIyMjIyMjIyMjIyMjIyMjIyMjIyMjIyMjIyMjIyMjIyMjIyMjIyMjIyMjIyMjIyMjIyMjIw0KIyBTcGVjaWZ5IHRoZSB1bmRlcmx5aW5nIHByb3RvY29sIGJleW9uZCB0aGUgSW50ZXJuZXQuDQojIE5vdGUgdGhhdCB0aGlzIHNldHRpbmcgbXVzdCBiZSBjb3JyZXNwb25kIHdpdGggdGhlIGxpc3RlbmluZyBzZXR0aW5nIG9uDQojIHRoZSBWUE4gU2VydmVyLg0KIyANCiMgU3BlY2lmeSBlaXRoZXIgJ3Byb3RvIHRjcCcgb3IgJ3Byb3RvIHVkcCcuDQoNCnByb3RvIHRjcA0KDQoNCiMjIyMjIyMjIyMjIyMjIyMjIyMjIyMjIyMjIyMjIyMjIyMjIyMjIyMjIyMjIyMjIyMjIyMjIyMjIyMjIyMjIyMjIyMjIyMjIyMjIyMjIyMNCiMgVGhlIGRlc3RpbmF0aW9uIGhvc3RuYW1lIC8gSVAgYWRkcmVzcywgYW5kIHBvcnQgbnVtYmVyIG9mDQojIHRoZSB0YXJnZXQgVlBOIFNlcnZlci4NCiMgDQojIFlvdSBoYXZlIHRvIHNwZWNpZnkgYXMgJ3JlbW90ZSA8SE9TVE5BTUU+IDxQT1JUPicuIFlvdSBjYW4gYWxzbw0KIyBzcGVjaWZ5IHRoZSBJUCBhZGRyZXNzIGluc3RlYWQgb2YgdGhlIGhvc3RuYW1lLg0KIyANCiMgTm90ZSB0aGF0IHRoZSBhdXRvLWdlbmVyYXRlZCBiZWxvdyBob3N0bmFtZSBhcmUgYSAiYXV0by1kZXRlY3RlZA0KIyBJUCBhZGRyZXNzIiBvZiB0aGUgVlBOIFNlcnZlci4gWW91IGhhdmUgdG8gY29uZmlybSB0aGUgY29ycmVjdG5lc3MNCiMgYmVmb3JlaGFuZC4NCiMgDQojIFdoZW4geW91IHdhbnQgdG8gY29ubmVjdCB0byB0aGUgVlBOIFNlcnZlciBieSB1c2luZyBUQ1AgcHJvdG9jb2wsDQojIHRoZSBwb3J0IG51bWJlciBvZiB0aGUgZGVzdGluYXRpb24gVENQIHBvcnQgc2hvdWxkIGJlIHNhbWUgYXMgb25lIG9mDQojIHRoZSBhdmFpbGFibGUgVENQIGxpc3RlbmVycyBvbiB0aGUgVlBOIFNlcnZlci4NCiMgDQojIFdoZW4geW91IHVzZSBVRFAgcHJvdG9jb2wsIHRoZSBwb3J0IG51bWJlciBtdXN0IHNhbWUgYXMgdGhlIGNvbmZpZ3VyYXRpb24NCiMgc2V0dGluZyBvZiAiT3BlblZQTiBTZXJ2ZXIgQ29tcGF0aWJsZSBGdW5jdGlvbiIgb24gdGhlIFZQTiBTZXJ2ZXIuDQoNCnJlbW90ZSAxMTQuMjAwLjIzMC44MCAxMzI3DQoNCg0KIyMjIyMjIyMjIyMjIyMjIyMjIyMjIyMjIyMjIyMjIyMjIyMjIyMjIyMjIyMjIyMjIyMjIyMjIyMjIyMjIyMjIyMjIyMjIyMjIyMjIyMjIw0KIyBUaGUgSFRUUC9IVFRQUyBwcm94eSBzZXR0aW5nLg0KIyANCiMgT25seSBpZiB5b3UgaGF2ZSB0byB1c2UgdGhlIEludGVybmV0IHZpYSBhIHByb3h5LCB1bmNvbW1lbnQgdGhlIGJlbG93DQojIHR3byBsaW5lcyBhbmQgc3BlY2lmeSB0aGUgcHJveHkgYWRkcmVzcyBhbmQgdGhlIHBvcnQgbnVtYmVyLg0KIyBJbiB0aGUgY2FzZSBvZiB1c2luZyBwcm94eS1hdXRoZW50aWNhdGlvbiwgcmVmZXIgdGhlIE9wZW5WUE4gbWFudWFsLg0KDQo7aHR0cC1wcm94eS1yZXRyeQ0KO2h0dHAtcHJveHkgW3Byb3h5IHNlcnZlcl0gW3Byb3h5IHBvcnRdDQoNCg0KIyMjIyMjIyMjIyMjIyMjIyMjIyMjIyMjIyMjIyMjIyMjIyMjIyMjIyMjIyMjIyMjIyMjIyMjIyMjIyMjIyMjIyMjIyMjIyMjIyMjIyMjIw0KIyBUaGUgZW5jcnlwdGlvbiBhbmQgYXV0aGVudGljYXRpb24gYWxnb3JpdGhtLg0KIyANCiMgRGVmYXVsdCBzZXR0aW5nIGlzIGdvb2QuIE1vZGlmeSBpdCBhcyB5b3UgcHJlZmVyLg0KIyBXaGVuIHlvdSBzcGVjaWZ5IGFuIHVuc3VwcG9ydGVkIGFsZ29yaXRobSwgdGhlIGVycm9yIHdpbGwgb2NjdXIuDQojIA0KIyBUaGUgc3VwcG9ydGVkIGFsZ29yaXRobXMgYXJlIGFzIGZvbGxvd3M6DQojICBjaXBoZXI6IFtOVUxMLUNJUEhFUl0gTlVMTCBBRVMtMTI4LUNCQyBBRVMtMTkyLUNCQyBBRVMtMjU2LUNCQyBCRi1DQkMNCiMgICAgICAgICAgQ0FTVC1DQkMgQ0FTVDUtQ0JDIERFUy1DQkMgREVTLUVERS1DQkMgREVTLUVERTMtQ0JDIERFU1gtQ0JDDQojICAgICAgICAgIFJDMi00MC1DQkMgUkMyLTY0LUNCQyBSQzItQ0JDDQojICBhdXRoOiAgIFNIQSBTSEExIE1ENSBNRDQgUk1EMTYwDQoNCmNpcGhlciBBRVMtMTI4LUNCQw0KYXV0aCBTSEExDQoNCg0KIyMjIyMjIyMjIyMjIyMjIyMjIyMjIyMjIyMjIyMjIyMjIyMjIyMjIyMjIyMjIyMjIyMjIyMjIyMjIyMjIyMjIyMjIyMjIyMjIyMjIyMjIw0KIyBPdGhlciBwYXJhbWV0ZXJzIG5lY2Vzc2FyeSB0byBjb25uZWN0IHRvIHRoZSBWUE4gU2VydmVyLg0KIyANCiMgSXQgaXMgbm90IHJlY29tbWVuZGVkIHRvIG1vZGlmeSBpdCB1bmxlc3MgeW91IGhhdmUgYSBwYXJ0aWN1bGFyIG5lZWQuDQoNCnJlc29sdi1yZXRyeSBpbmZpbml0ZQ0Kbm9iaW5kDQpwZXJzaXN0LWtleQ0KcGVyc2lzdC10dW4NCmNsaWVudA0KdmVyYiAzDQojYXV0aC11c2VyLXBhc3MNCg0KDQojIyMjIyMjIyMjIyMjIyMjIyMjIyMjIyMjIyMjIyMjIyMjIyMjIyMjIyMjIyMjIyMjIyMjIyMjIyMjIyMjIyMjIyMjIyMjIyMjIyMjIyMjDQojIFRoZSBjZXJ0aWZpY2F0ZSBmaWxlIG9mIHRoZSBkZXN0aW5hdGlvbiBWUE4gU2VydmVyLg0KIyANCiMgVGhlIENBIGNlcnRpZmljYXRlIGZpbGUgaXMgZW1iZWRkZWQgaW4gdGhlIGlubGluZSBmb3JtYXQuDQojIFlvdSBjYW4gcmVwbGFjZSB0aGlzIENBIGNvbnRlbnRzIGlmIG5lY2Vzc2FyeS4NCiMgUGxlYXNlIG5vdGUgdGhhdCBpZiB0aGUgc2VydmVyIGNlcnRpZmljYXRlIGlzIG5vdCBhIHNlbGYtc2lnbmVkLCB5b3UgaGF2ZSB0bw0KIyBzcGVjaWZ5IHRoZSBzaWduZXIncyByb290IGNlcnRpZmljYXRlIChDQSkgaGVyZS4NCg0KPGNhPg0KLS0tLS1CRUdJTiBDRVJUSUZJQ0FURS0tLS0tDQpNSUlGYXpDQ0ExT2dBd0lCQWdJUkFJSVF6N0RTUU9OWlJHUGd1Mk9DaXdBd0RRWUpLb1pJaHZjTkFRRUxCUUF3DQpUekVMTUFrR0ExVUVCaE1DVlZNeEtUQW5CZ05WQkFvVElFbHVkR1Z5Ym1WMElGTmxZM1Z5YVhSNUlGSmxjMlZoDQpjbU5vSUVkeWIzVndNUlV3RXdZRFZRUURFd3hKVTFKSElGSnZiM1FnV0RFd0hoY05NVFV3TmpBME1URXdORE00DQpXaGNOTXpVd05qQTBNVEV3TkRNNFdqQlBNUXN3Q1FZRFZRUUdFd0pWVXpFcE1DY0dBMVVFQ2hNZ1NXNTBaWEp1DQpaWFFnVTJWamRYSnBkSGtnVW1WelpXRnlZMmdnUjNKdmRYQXhGVEFUQmdOVkJBTVRERWxUVWtjZ1VtOXZkQ0JZDQpNVENDQWlJd0RRWUpLb1pJaHZjTkFRRUJCUUFEZ2dJUEFEQ0NBZ29DZ2dJQkFLM29KSFAwRkRmem01NHJWeWdjDQpoNzdjdDk4NGtJeHVQT1pYb0hqM2RjS2kvdlZxYnZZQVR5amIzbWlHYkVTVHRyRmovUlFTYTc4ZjB1b3hteUYrDQowVE04dWtqMTNYbmZzN2ovRXZFaG1rdkJpb1p4YVVwbVpteVBmanh3djYwcElnYno1TURtZ0s3aVM0KzNtWDZVDQpBNS9UUjVkOG1VZ2pVK2c0cms4S2I0TXUwVWxYaklCMHR0b3YwRGlOZXdOd0lSdDE4akE4K28rdTNkcGpxK3NXDQpUOEtPRVV0K3p3dm8vN1YzTHZTeWUwcmdUQklsREhDTkF5bWc0Vk1rN0JQWjdobS9FTE5LakQrSm8yRlIzcXlIDQpCNVQwWTNIc0x1SnZXNWlCNFlsY05IbHNkdTg3a0dKNTV0dWttaThteGRBUTRRN2UyUkNPRnZ1Mzk2ajN4K1VDDQpCNWlQTmdpVjUrSTNsZzAyZFo3N0RuS3hIWnU4QS9sSkJkaUIzUVcwS3RaQjZhd0JkcFVLRDlqZjFiMFNIelV2DQpLQmRzMHBqQnFBbGtkMjVITjdyT3JGbGVhSjEvY3RhSnhRWkJLVDVaUHQwbTlTVEpFYWRhbzB4QUgwYWhtYlduDQpPbEZ1aGp1ZWZYS25FZ1Y0V2UwK1VYZ1ZDd09QamRBdkJiSStlMG9jUzNNRkV2ekc2dUJRRTN4RGszU3p5blRuDQpqaDhCQ05BdzFGdHhOclFIdXNFd01GeEl0NEk3bUtaOVlJcWlveW1DekxxOWd3UWJvb01EUWFIV0JmRWJ3cmJ3DQpxSHlHTzBhb1NDcUkzSGFhZHI4ZmFxVTlHWS9yT1BOazNzZ3JEUW9vLy9mYjRoVkMxQ0xRSjEzaGVmNFk1M0NJDQpyVTdtMllzNnh0MG5VVzcvdkdUMU0wTlBBZ01CQUFHalFqQkFNQTRHQTFVZER3RUIvd1FFQXdJQkJqQVBCZ05WDQpIUk1CQWY4RUJUQURBUUgvTUIwR0ExVWREZ1FXQkJSNXRGbm1lN2JsNUFGemdBaUl5QnBZOXVtYmJqQU5CZ2txDQpoa2lHOXcwQkFRc0ZBQU9DQWdFQVZSOVlxYnl5cUZEUURMSFlHbWtnSnlrSXJHRjFYSXB1K0lMbGFTL1Y5bFpMDQp1Ymh6RUZuVElaZCs1MHh4KzdMU1lLMDVxQXZxRnlGV2hmRlFEbG5yenVCWjZickpGZStHblkrRWdQYms2WkdRDQozQmViWWh0RjhHYVYwbnh2d3VvNzd4L1B5OWF1Si9HcHNNaXUvWDErbXZvaUJPdi8yWC9xa1NzaXNSY09qL0tLDQpORnRZMlB3QnlWUzV1Q2JNaW9nemlVd3RoRHlDMys2V1Z3VzZMTHYzeExmSFRqdUN2akhJSW5Oemt0SENnS1E1DQpPUkF6STRKTVBKK0dzbFdZSGI0cGhvd2ltNTdpYXp0WE9vSndUZHdKeDRuTENnZE5iT2hkanNudnpxdkh1N1VyDQpUa1hXU3RBbXpPVnl5Z2hxcFpYakZhSDNwTzNKTEYrbCsvK3NLQUl1dnRkN3UrTnhlNUFXMHdkZVJsTjhOd2RDDQpqTlBFbHB6Vm1iVXE0SlVhZ0VpdVREa0h6c3hIcEZLVks3cTQrNjNTTTFOOTVSMU5iZFdoc2NkQ2IrWkFKelZjDQpveWkzQjQzbmpUT1E1eU9mKzFDY2VXeEcxYlFWczVadWZwc01sanE0VWkwLzFsdmgrd2pDaFA0a3FLT0oycXhxDQo0Umdxc2FoRFlWdlRIOXc3alhieUxlaU5kZDhYTTJ3OVUvdDd5MEZmLzl5aTBHRTQ0WmE0ckYyTE45ZDExVFBBDQptUkd1blVIQmNuV0V2Z0pCUWw5bkpFaVUwWnNudmdjL3ViaFBnWFJSNFhxMzdaMGo0cjdnMVNnRUV6d3hBNTdkDQplbXlQeGdjWXhuL2VSNDQvS0o0RUJzK2xWRFIzdmV5Sm0ra1hROTliMjEvK2poNVhvczFBblg1aUl0cmVHQ2M9DQotLS0tLUVORCBDRVJUSUZJQ0FURS0tLS0tDQoNCjwvY2E+DQoNCg0KIyMjIyMjIyMjIyMjIyMjIyMjIyMjIyMjIyMjIyMjIyMjIyMjIyMjIyMjIyMjIyMjIyMjIyMjIyMjIyMjIyMjIyMjIyMjIyMjIyMjIyMjIw0KIyBUaGUgY2xpZW50IGNlcnRpZmljYXRlIGZpbGUgKGR1bW15KS4NCiMgDQojIEluIHNvbWUgaW1wbGVtZW50YXRpb25zIG9mIE9wZW5WUE4gQ2xpZW50IHNvZnR3YXJlDQojIChmb3IgZXhhbXBsZTogT3BlblZQTiBDbGllbnQgZm9yIGlPUyksDQojIGEgcGFpciBvZiBjbGllbnQgY2VydGlmaWNhdGUgYW5kIHByaXZhdGUga2V5IG11c3QgYmUgaW5jbHVkZWQgb24gdGhlDQojIGNvbmZpZ3VyYXRpb24gZmlsZSBkdWUgdG8gdGhlIGxpbWl0YXRpb24gb2YgdGhlIGNsaWVudC4NCiMgU28gdGhpcyBzYW1wbGUgY29uZmlndXJhdGlvbiBmaWxlIGhhcyBhIGR1bW15IHBhaXIgb2YgY2xpZW50IGNlcnRpZmljYXRlDQojIGFuZCBwcml2YXRlIGtleSBhcyBmb2xsb3dzLg0KDQo8Y2VydD4NCi0tLS0tQkVHSU4gQ0VSVElGSUNBVEUtLS0tLQ0KTUlJQ3hqQ0NBYTRDQVFBd0RRWUpLb1pJaHZjTkFRRUZCUUF3S1RFYU1CZ0dBMVVFQXhNUlZsQk9SMkYwWlVOcw0KYVdWdWRFTmxjblF4Q3pBSkJnTlZCQVlUQWtwUU1CNFhEVEV6TURJeE1UQXpORGswT1ZvWERUTTNNREV4T1RBeg0KTVRRd04xb3dLVEVhTUJnR0ExVUVBeE1SVmxCT1IyRjBaVU5zYVdWdWRFTmxjblF4Q3pBSkJnTlZCQVlUQWtwUQ0KTUlJQklqQU5CZ2txaGtpRzl3MEJBUUVGQUFPQ0FROEFNSUlCQ2dLQ0FRRUE1aDJsZ1FRWVVqd29LWUpielZaQQ0KNVZjSUdkNW90UGMvcVpSTXQwS0l0Q0ZBMHM5UndSZU5WYTlmRFJGTFJCaGNJVE9sdjNGQmNXM0U4aDFVczdSRA0KNFc4R21KZTh6YXBKbkxzRDM5T1NNUkN6WkpuY3pXNE9DSDFQWlJaV0txRHRqbE5jYTlBRjhhNjVqVG1sRHhDUQ0KQ2pudExJV2s1T0xMVmtGdDkvdFNjYzFHRHRjaTU1b2ZoYU5BWU1QaUg3VjgrMWc2NnBHSFhBb1dLNkFRVkg2Nw0KWENLSm5HQjVubFErSHNNWVBWL080OUxkOTFaTi8ydEhrY2FMTHlOdHl3eFZQUlNzUmg0ODBqanUwZmNDc3Y2aA0KcC8weVhuVEIvL21XdXRCR3BkVWxJYndpSVRiQW1yc2JZbmppZ1J2blBxWDFSTkpVYmk5RnA2QzJjL0hJRkpHRA0KeXdJREFRQUJNQTBHQ1NxR1NJYjNEUUVCQlFVQUE0SUJBUUNoTzVoZ2N3LzRvV2ZvRUZMdTlrQmExQi8va3hIOA0KaFFrQ2hWTm44QlJDN1kwVVJRaXRQbDNES0VlZDlVUkJEZGcyS09Bejc3YmI2RU5QaWxpRCthMzhVSkhJUk1xZQ0KVUJIaGxsT0hJenZEaEhGYmFvdkFMQlFjZWVCemRrUXhzS1FFU0ttUW1SODMyOTUwVUNvdm95UkI2MVV5QVY3aA0KK21aaFlQR1JLWEtTSkk2czBFZ2cvQ3JpK0N3azRiakpmcmI1aFZzZTExeWg0RDlNSGh3U2ZDT0grMHo0aFBVVA0KRmt1N2RHYXZVUk81U1Z4TW4vc0w2RW41RCtvU2VYa2FkSHBEcytBaXJ5bTJZSGgxNWgwK2pQU09vUjZ5aVZwLw0KNnpaZVprck40M2t1UzczS3BLREZqZkZQaDh0NHIxZ09JanR0a05jUXFCY2N1c25wbFE3SEpwc2sNCi0tLS0tRU5EIENFUlRJRklDQVRFLS0tLS0NCg0KPC9jZXJ0Pg0KDQo8a2V5Pg0KLS0tLS1CRUdJTiBSU0EgUFJJVkFURSBLRVktLS0tLQ0KTUlJRXBBSUJBQUtDQVFFQTVoMmxnUVFZVWp3b0tZSmJ6VlpBNVZjSUdkNW90UGMvcVpSTXQwS0l0Q0ZBMHM5Ug0Kd1JlTlZhOWZEUkZMUkJoY0lUT2x2M0ZCY1czRThoMVVzN1JENFc4R21KZTh6YXBKbkxzRDM5T1NNUkN6WkpuYw0Kelc0T0NIMVBaUlpXS3FEdGpsTmNhOUFGOGE2NWpUbWxEeENRQ2pudExJV2s1T0xMVmtGdDkvdFNjYzFHRHRjaQ0KNTVvZmhhTkFZTVBpSDdWOCsxZzY2cEdIWEFvV0s2QVFWSDY3WENLSm5HQjVubFErSHNNWVBWL080OUxkOTFaTg0KLzJ0SGtjYUxMeU50eXd4VlBSU3NSaDQ4MGpqdTBmY0NzdjZocC8weVhuVEIvL21XdXRCR3BkVWxJYndpSVRiQQ0KbXJzYlluamlnUnZuUHFYMVJOSlViaTlGcDZDMmMvSElGSkdEeXdJREFRQUJBb0lCQUVSVjdYNUF2eEE4dVJpSw0KazhTSXBzRDBkWDFwSk9NSXdha1VWeXZjNEVmTjBEaEtSTmI0cllvU2lFR1RMeXpMcHlCYy9BMjhEbGttNWVPWQ0KZmp6WGZZa0d0WWkvRnR4a2czTzl2Y3JNUTQrNmkrdUdIYUlMMnJMK3M0TXJmTzh2MXh2NitXa3kzM0VFR0NvdQ0KUWl3VkdSRlFYblJvUTYyTkJDRmJVTkxobVh3ZGoxYWtaekxVNHA1UjR6QTNRaGR4d0VJYXRWTHQwKzdvd0xRMw0KbFA4c2ZYaHBwUE9YalRxTUQ0UWtZd3pQQWE4L3pGN2FjbjRrcnlyVVA3UTZQQWZkMHpFVnFOeTlaQ1o5ZmZobw0KelhlZEZqNDg2SUZvYzVnblRwMk42anNuVmo0TENHSWhsVkhsWUdvektLRnFKY1FWR3NIQ3FxMW96MnpqVzZMUw0Kb1JZSUhnRUNnWUVBOHpacmtDd05ZU1hKdU9ESjNtL2hPTFZ4Y3hnSnV3WG9pRXJXZDBFNDJ2UGFuampWTWhudA0KS1k1bDhxR01KNkZoSzlMWXgycUNyZi9FMFh0VUFaMndWcTNPUlR5R25zTVdyZTl0TFlzNTVYK1pOMTBUYzc1eg0KNGhhY2JVMGhxS04xSGlEbXNNUlkzLzJOYVpIb3k3TUtud0pKQmFHNDhsOUNDVGxWd01Ib2NJRUNnWUVBOGpieQ0KZEdqeFRIKzZYSFdOaXpiNVNSYlp4QW55RWVKZVJ3VE1oMGdHendHUHBIL3NaWUd6eXUwU3lTWFdDblpoM1JncQ0KNXVMbE54dHJYcmxqWmx5aTJuUWRRZ3NxMllyV1VzMCt6Z1UrMjJ1UXNacFNBZnRtaFZydHZldDZNalZqYkJ5WQ0KREFEY2lFVlVkSllJWGsrcW5GVUp5ZXJvTElrVGo3V1lLWjZSamtzQ2dZQm9DRkl3UkRlZzQyb0s4OVJGbW5Pcg0KTHltTkFxNCsyb01oc1dsVmI0ZWpXSVdlQWs5bmMrR1hVZnJYc3pSaFMwMW1VblU1cjV5Z1V2UmNhclYvVDNVNw0KVG5NWitJN1k0RGdXUklEZDUxem5oeElCdFlWNWovQy90ODVIanFPa0grOGI2UlRrYmNoYVgzbWF1N2ZwVWZkcw0KRnEwbmhJcTQyZmhFTzhzcmZZWXdnUUtCZ1FDeWhpMU4vOHRhUndwayszL0lERXpRd2piZmR6VWtXV1NEazlYcw0KSC9wa3VSSFdmVE1QM2ZsV3FFWWdXL0xXNDBwZVcySERxNWltZFY4K0FnWnhlL1hNYmFqaTlMZ3dmMVJZMDA1bg0KS3hhWlF6N3lxSHVwV2xMR0Y2OERQSHhrWlZWU2FnRG5WL3N6dFdYNlNGc0NxRlZueElYaWZYR0M0Y1c1Tm05Zw0KdmE4cTRRS0JnUUNFaExWZVVmZHdLdmtaOTRnL0dGejczMVoyaHJkVmhnTVphVS91NnQwVjk1K1llelBOQ1FaQg0Kd21FOU1tbGJxMWVtRGVST2l2akNmb0doUjNrWlhXMXBUS2xMaDZaTVVRVU9wcHRkWHZhOFh4Zm9xUXdhM2VuQQ0KTTdtdUJiRjBYTjdWTzgwaUpQditQbUlaZEVJQWtwd0tmaTIwMVlCK0JhZkNJdUd4SUY1MFZnPT0NCi0tLS0tRU5EIFJTQSBQUklWQVRFIEtFWS0tLS0tDQoNCjwva2V5Pg0KDQo=
vpn708250211,180.182.113.114,511400,44,53069317,Korea Republic of,KR,2,0,34620,2893907340665,2weeks,DESKTOP-S3I2V15's owner,,IyMjIyMjIyMjIyMjIyMjIyMjIyMjIyMjIyMjIyMjIyMjIyMjIyMjIyMjIyMjIyMjIyMjIyMjIyMjIyMjIyMjIyMjIyMjIyMjIyMjIyMjIw0KIyBPcGVuVlBOIDIuMCBTYW1wbGUgQ29uZmlndXJhdGlvbiBGaWxlDQojIGZvciBQYWNrZXRpWCBWUE4gLyBTb2Z0RXRoZXIgVlBOIFNlcnZlcg0KIyANCiMgISEhIEFVVE8tR0VORVJBVEVEIEJZIFNPRlRFVEhFUiBWUE4gU0VSVkVSIE1BTkFHRU1FTlQgVE9PTCAhISENCiMgDQojICEhISBZT1UgSEFWRSBUTyBSRVZJRVcgSVQgQkVGT1JFIFVTRSBBTkQgTU9ESUZZIElUIEFTIE5FQ0VTU0FSWSAhISENCiMgDQojIFRoaXMgY29uZmlndXJhdGlvbiBmaWxlIGlzIGF1dG8tZ2VuZXJhdGVkLiBZb3UgbWlnaHQgdXNlIHRoaXMgY29uZmlnIGZpbGUNCiMgaW4gb3JkZXIgdG8gY29ubmVjdCB0byB0aGUgUGFja2V0aVggVlBOIC8gU29mdEV0aGVyIFZQTiBTZXJ2ZXIuDQojIEhvd2V2ZXIsIGJlZm9yZSB5b3UgdHJ5IGl0LCB5b3Ugc2hvdWxkIHJldmlldyB0aGUgZGVzY3JpcHRpb25zIG9mIHRoZSBmaWxlDQojIHRvIGRldGVybWluZSB0aGUgbmVjZXNzaXR5IHRvIG1vZGlmeSB0byBzdWl0YWJsZSBmb3IgeW91ciByZWFsIGVudmlyb25tZW50Lg0KIyBJZiBuZWNlc3NhcnksIHlvdSBoYXZlIHRvIG1vZGlmeSBhIGxpdHRsZSBhZGVxdWF0ZWx5IG9uIHRoZSBmaWxlLg0KIyBGb3IgZXhhbXBsZSwgdGhlIElQIGFkZHJlc3Mgb3IgdGhlIGhvc3RuYW1lIGFzIGEgZGVzdGluYXRpb24gVlBOIFNlcnZlcg0KIyBzaG91bGQgYmUgY29uZmlybWVkLg0KIyANCiMgTm90ZSB0aGF0IHRvIHVzZSBPcGVuVlBOIDIuMCwgeW91IGhhdmUgdG8gcHV0IHRoZSBjZXJ0aWZpY2F0aW9uIGZpbGUgb2YNCiMgdGhlIGRlc3RpbmF0aW9uIFZQTiBTZXJ2ZXIgb24gdGhlIE9wZW5WUE4gQ2xpZW50IGNvbXB1dGVyIHdoZW4geW91IHVzZSB0aGlzDQojIGNvbmZpZyBmaWxlLiBQbGVhc2UgcmVmZXIgdGhlIGJlbG93IGRlc2NyaXB0aW9ucyBjYXJlZnVsbHkuDQoNCg0KIyMjIyMjIyMjIyMjIyMjIyMjIyMjIyMjIyMjIyMjIyMjIyMjIyMjIyMjIyMjIyMjIyMjIyMjIyMjIyMjIyMjIyMjIyMjIyMjIyMjIyMjIw0KIyBTcGVjaWZ5IHRoZSB0eXBlIG9mIHRoZSBsYXllciBvZiB0aGUgVlBOIGNvbm5lY3Rpb24uDQojIA0KIyBUbyBjb25uZWN0IHRvIHRoZSBWUE4gU2VydmVyIGFzIGEgIlJlbW90ZS1BY2Nlc3MgVlBOIENsaWVudCBQQyIsDQojICBzcGVjaWZ5ICdkZXYgdHVuJy4gKExheWVyLTMgSVAgUm91dGluZyBNb2RlKQ0KIw0KIyBUbyBjb25uZWN0IHRvIHRoZSBWUE4gU2VydmVyIGFzIGEgYnJpZGdpbmcgZXF1aXBtZW50IG9mICJTaXRlLXRvLVNpdGUgVlBOIiwNCiMgIHNwZWNpZnkgJ2RldiB0YXAnLiAoTGF5ZXItMiBFdGhlcm5ldCBCcmlkZ2luZSBNb2RlKQ0KDQpkZXYgdHVuDQoNCg0KIyMjIyMjIyMjIyMjIyMjIyMjIyMjIyMjIyMjIyMjIyMjIyMjIyMjIyMjIyMjIyMjIyMjIyMjIyMjIyMjIyMjIyMjIyMjIyMjIyMjIyMjIw0KIyBTcGVjaWZ5IHRoZSB1bmRlcmx5aW5nIHByb3RvY29sIGJleW9uZCB0aGUgSW50ZXJuZXQuDQojIE5vdGUgdGhhdCB0aGlzIHNldHRpbmcgbXVzdCBiZSBjb3JyZXNwb25kIHdpdGggdGhlIGxpc3RlbmluZyBzZXR0aW5nIG9uDQojIHRoZSBWUE4gU2VydmVyLg0KIyANCiMgU3BlY2lmeSBlaXRoZXIgJ3Byb3RvIHRjcCcgb3IgJ3Byb3RvIHVkcCcuDQoNCnByb3RvIHRjcA0KDQoNCiMjIyMjIyMjIyMjIyMjIyMjIyMjIyMjIyMjIyMjIyMjIyMjIyMjIyMjIyMjIyMjIyMjIyMjIyMjIyMjIyMjIyMjIyMjIyMjIyMjIyMjIyMNCiMgVGhlIGRlc3RpbmF0aW9uIGhvc3RuYW1lIC8gSVAgYWRkcmVzcywgYW5kIHBvcnQgbnVtYmVyIG9mDQojIHRoZSB0YXJnZXQgVlBOIFNlcnZlci4NCiMgDQojIFlvdSBoYXZlIHRvIHNwZWNpZnkgYXMgJ3JlbW90ZSA8SE9TVE5BTUU+IDxQT1JUPicuIFlvdSBjYW4gYWxzbw0KIyBzcGVjaWZ5IHRoZSBJUCBhZGRyZXNzIGluc3RlYWQgb2YgdGhlIGhvc3RuYW1lLg0KIyANCiMgTm90ZSB0aGF0IHRoZSBhdXRvLWdlbmVyYXRlZCBiZWxvdyBob3N0bmFtZSBhcmUgYSAiYXV0by1kZXRlY3RlZA0KIyBJUCBhZGRyZXNzIiBvZiB0aGUgVlBOIFNlcnZlci4gWW91IGhhdmUgdG8gY29uZmlybSB0aGUgY29ycmVjdG5lc3MNCiMgYmVmb3JlaGFuZC4NCiMgDQojIFdoZW4geW91IHdhbnQgdG8gY29ubmVjdCB0byB0aGUgVlBOIFNlcnZlciBieSB1c2luZyBUQ1AgcHJvdG9jb2wsDQojIHRoZSBwb3J0IG51bWJlciBvZiB0aGUgZGVzdGluYXRpb24gVENQIHBvcnQgc2hvdWxkIGJlIHNhbWUgYXMgb25lIG9mDQojIHRoZSBhdmFpbGFibGUgVENQIGxpc3RlbmVycyBvbiB0aGUgVlBOIFNlcnZlci4NCiMgDQojIFdoZW4geW91IHVzZSBVRFAgcHJvdG9jb2wsIHRoZSBwb3J0IG51bWJlciBtdXN0IHNhbWUgYXMgdGhlIGNvbmZpZ3VyYXRpb24NCiMgc2V0dGluZyBvZiAiT3BlblZQTiBTZXJ2ZXIgQ29tcGF0aWJsZSBGdW5jdGlvbiIgb24gdGhlIFZQTiBTZXJ2ZXIuDQoNCnJlbW90ZSAxODAuMTgyLjExMy4xMTQgMTk5NA0KDQoNCiMjIyMjIyMjIyMjIyMjIyMjIyMjIyMjIyMjIyMjIyMjIyMjIyMjIyMjIyMjIyMjIyMjIyMjIyMjIyMjIyMjIyMjIyMjIyMjIyMjIyMjIyMNCiMgVGhlIEhUVFAvSFRUUFMgcHJveHkgc2V0dGluZy4NCiMgDQojIE9ubHkgaWYgeW91IGhhdmUgdG8gdXNlIHRoZSBJbnRlcm5ldCB2aWEgYSBwcm94eSwgdW5jb21tZW50IHRoZSBiZWxvdw0KIyB0d28gbGluZXMgYW5kIHNwZWNpZnkgdGhlIHByb3h5IGFkZHJlc3MgYW5kIHRoZSBwb3J0IG51bWJlci4NCiMgSW4gdGhlIGNhc2Ugb2YgdXNpbmcgcHJveHktYXV0aGVudGljYXRpb24sIHJlZmVyIHRoZSBPcGVuVlBOIG1hbnVhbC4NCg0KO2h0dHAtcHJveHktcmV0cnkNCjtodHRwLXByb3h5IFtwcm94eSBzZXJ2ZXJdIFtwcm94eSBwb3J0XQ0KDQoNCiMjIyMjIyMjIyMjIyMjIyMjIyMjIyMjIyMjIyMjIyMjIyMjIyMjIyMjIyMjIyMjIyMjIyMjIyMjIyMjIyMjIyMjIyMjIyMjIyMjIyMjIyMNCiMgVGhlIGVuY3J5cHRpb24gYW5kIGF1dGhlbnRpY2F0aW9uIGFsZ29yaXRobS4NCiMgDQojIERlZmF1bHQgc2V0dGluZyBpcyBnb29kLiBNb2RpZnkgaXQgYXMgeW91IHByZWZlci4NCiMgV2hlbiB5b3Ugc3BlY2lmeSBhbiB1bnN1cHBvcnRlZCBhbGdvcml0aG0sIHRoZSBlcnJvciB3aWxsIG9jY3VyLg0KIyANCiMgVGhlIHN1cHBvcnRlZCBhbGdvcml0aG1zIGFyZSBhcyBmb2xsb3dzOg0KIyAgY2lwaGVyOiBbTlVMTC1DSVBIRVJdIE5VTEwgQUVTLTEyOC1DQkMgQUVTLTE5Mi1DQkMgQUVTLTI1Ni1DQkMgQkYtQ0JDDQojICAgICAgICAgIENBU1QtQ0JDIENBU1Q1LUNCQyBERVMtQ0JDIERFUy1FREUtQ0JDIERFUy1FREUzLUNCQyBERVNYLUNCQw0KIyAgICAgICAgICBSQzItNDAtQ0JDIFJDMi02NC1DQkMgUkMyLUNCQw0KIyAgYXV0aDogICBTSEEgU0hBMSBNRDUgTUQ0IFJNRDE2MA0KDQpjaXBoZXIgQUVTLTEyOC1DQkMNCmF1dGggU0hBMQ0KDQoNCiMjIyMjIyMjIyMjIyMjIyMjIyMjIyMjIyMjIyMjIyMjIyMjIyMjIyMjIyMjIyMjIyMjIyMjIyMjIyMjIyMjIyMjIyMjIyMjIyMjIyMjIyMNCiMgT3RoZXIgcGFyYW1ldGVycyBuZWNlc3NhcnkgdG8gY29ubmVjdCB0byB0aGUgVlBOIFNlcnZlci4NCiMgDQojIEl0IGlzIG5vdCByZWNvbW1lbmRlZCB0byBtb2RpZnkgaXQgdW5sZXNzIHlvdSBoYXZlIGEgcGFydGljdWxhciBuZWVkLg0KDQpyZXNvbHYtcmV0cnkgaW5maW5pdGUNCm5vYmluZA0KcGVyc2lzdC1rZXkNCnBlcnNpc3QtdHVuDQpjbGllbnQNCnZlcmIgMw0KI2F1dGgtdXNlci1wYXNzDQoNCg0KIyMjIyMjIyMjIyMjIyMjIyMjIyMjIyMjIyMjIyMjIyMjIyMjIyMjIyMjIyMjIyMjIyMjIyMjIyMjIyMjIyMjIyMjIyMjIyMjIyMjIyMjIw0KIyBUaGUgY2VydGlmaWNhdGUgZmlsZSBvZiB0aGUgZGVzdGluYXRpb24gVlBOIFNlcnZlci4NCiMgDQojIFRoZSBDQSBjZXJ0aWZpY2F0ZSBmaWxlIGlzIGVtYmVkZGVkIGluIHRoZSBpbmxpbmUgZm9ybWF0Lg0KIyBZb3UgY2FuIHJlcGxhY2UgdGhpcyBDQSBjb250ZW50cyBpZiBuZWNlc3NhcnkuDQojIFBsZWFzZSBub3RlIHRoYXQgaWYgdGhlIHNlcnZlciBjZXJ0aWZpY2F0ZSBpcyBub3QgYSBzZWxmLXNpZ25lZCwgeW91IGhhdmUgdG8NCiMgc3BlY2lmeSB0aGUgc2lnbmVyJ3Mgcm9vdCBjZXJ0aWZpY2F0ZSAoQ0EpIGhlcmUuDQoNCjxjYT4NCi0tLS0tQkVHSU4gQ0VSVElGSUNBVEUtLS0tLQ0KTUlJRmF6Q0NBMU9nQXdJQkFnSVJBSUlRejdEU1FPTlpSR1BndTJPQ2l3QXdEUVlKS29aSWh2Y05BUUVMQlFBdw0KVHpFTE1Ba0dBMVVFQmhNQ1ZWTXhLVEFuQmdOVkJBb1RJRWx1ZEdWeWJtVjBJRk5sWTNWeWFYUjVJRkpsYzJWaA0KY21Ob0lFZHliM1Z3TVJVd0V3WURWUVFERXd4SlUxSkhJRkp2YjNRZ1dERXdIaGNOTVRVd05qQTBNVEV3TkRNNA0KV2hjTk16VXdOakEwTVRFd05ETTRXakJQTVFzd0NRWURWUVFHRXdKVlV6RXBNQ2NHQTFVRUNoTWdTVzUwWlhKdQ0KWlhRZ1UyVmpkWEpwZEhrZ1VtVnpaV0Z5WTJnZ1IzSnZkWEF4RlRBVEJnTlZCQU1UREVsVFVrY2dVbTl2ZENCWQ0KTVRDQ0FpSXdEUVlKS29aSWh2Y05BUUVCQlFBRGdnSVBBRENDQWdvQ2dnSUJBSzNvSkhQMEZEZnptNTRyVnlnYw0KaDc3Y3Q5ODRrSXh1UE9aWG9IajNkY0tpL3ZWcWJ2WUFUeWpiM21pR2JFU1R0ckZqL1JRU2E3OGYwdW94bXlGKw0KMFRNOHVrajEzWG5mczdqL0V2RWhta3ZCaW9aeGFVcG1abXlQZmp4d3Y2MHBJZ2J6NU1EbWdLN2lTNCszbVg2VQ0KQTUvVFI1ZDhtVWdqVStnNHJrOEtiNE11MFVsWGpJQjB0dG92MERpTmV3TndJUnQxOGpBOCtvK3UzZHBqcStzVw0KVDhLT0VVdCt6d3ZvLzdWM0x2U3llMHJnVEJJbERIQ05BeW1nNFZNazdCUFo3aG0vRUxOS2pEK0pvMkZSM3F5SA0KQjVUMFkzSHNMdUp2VzVpQjRZbGNOSGxzZHU4N2tHSjU1dHVrbWk4bXhkQVE0UTdlMlJDT0Z2dTM5NmozeCtVQw0KQjVpUE5naVY1K0kzbGcwMmRaNzdEbkt4SFp1OEEvbEpCZGlCM1FXMEt0WkI2YXdCZHBVS0Q5amYxYjBTSHpVdg0KS0JkczBwakJxQWxrZDI1SE43ck9yRmxlYUoxL2N0YUp4UVpCS1Q1WlB0MG05U1RKRWFkYW8weEFIMGFobWJXbg0KT2xGdWhqdWVmWEtuRWdWNFdlMCtVWGdWQ3dPUGpkQXZCYkkrZTBvY1MzTUZFdnpHNnVCUUUzeERrM1N6eW5Ubg0Kamg4QkNOQXcxRnR4TnJRSHVzRXdNRnhJdDRJN21LWjlZSXFpb3ltQ3pMcTlnd1Fib29NRFFhSFdCZkVid3Jidw0KcUh5R08wYW9TQ3FJM0hhYWRyOGZhcVU5R1kvck9QTmszc2dyRFFvby8vZmI0aFZDMUNMUUoxM2hlZjRZNTNDSQ0KclU3bTJZczZ4dDBuVVc3L3ZHVDFNME5QQWdNQkFBR2pRakJBTUE0R0ExVWREd0VCL3dRRUF3SUJCakFQQmdOVg0KSFJNQkFmOEVCVEFEQVFIL01CMEdBMVVkRGdRV0JCUjV0Rm5tZTdibDVBRnpnQWlJeUJwWTl1bWJiakFOQmdrcQ0KaGtpRzl3MEJBUXNGQUFPQ0FnRUFWUjlZcWJ5eXFGRFFETEhZR21rZ0p5a0lyR0YxWElwdStJTGxhUy9WOWxaTA0KdWJoekVGblRJWmQrNTB4eCs3TFNZSzA1cUF2cUZ5RldoZkZRRGxucnp1Qlo2YnJKRmUrR25ZK0VnUGJrNlpHUQ0KM0JlYllodEY4R2FWMG54dnd1bzc3eC9QeTlhdUovR3BzTWl1L1gxK212b2lCT3YvMlgvcWtTc2lzUmNPai9LSw0KTkZ0WTJQd0J5VlM1dUNiTWlvZ3ppVXd0aER5QzMrNldWd1c2TEx2M3hMZkhUanVDdmpISUluTnprdEhDZ0tRNQ0KT1JBekk0Sk1QSitHc2xXWUhiNHBob3dpbTU3aWF6dFhPb0p3VGR3Sng0bkxDZ2ROYk9oZGpzbnZ6cXZIdTdVcg0KVGtYV1N0QW16T1Z5eWdocXBaWGpGYUgzcE8zSkxGK2wrLytzS0FJdXZ0ZDd1K054ZTVBVzB3ZGVSbE44TndkQw0Kak5QRWxwelZtYlVxNEpVYWdFaXVURGtIenN4SHBGS1ZLN3E0KzYzU00xTjk1UjFOYmRXaHNjZENiK1pBSnpWYw0Kb3lpM0I0M25qVE9RNXlPZisxQ2NlV3hHMWJRVnM1WnVmcHNNbGpxNFVpMC8xbHZoK3dqQ2hQNGtxS09KMnF4cQ0KNFJncXNhaERZVnZUSDl3N2pYYnlMZWlOZGQ4WE0ydzlVL3Q3eTBGZi85eWkwR0U0NFphNHJGMkxOOWQxMVRQQQ0KbVJHdW5VSEJjbldFdmdKQlFsOW5KRWlVMFpzbnZnYy91YmhQZ1hSUjRYcTM3WjBqNHI3ZzFTZ0VFend4QTU3ZA0KZW15UHhnY1l4bi9lUjQ0L0tKNEVCcytsVkRSM3ZleUptK2tYUTk5YjIxLytqaDVYb3MxQW5YNWlJdHJlR0NjPQ0KLS0tLS1FTkQgQ0VSVElGSUNBVEUtLS0tLQ0KDQo8L2NhPg0KDQoNCiMjIyMjIyMjIyMjIyMjIyMjIyMjIyMjIyMjIyMjIyMjIyMjIyMjIyMjIyMjIyMjIyMjIyMjIyMjIyMjIyMjIyMjIyMjIyMjIyMjIyMjIyMNCiMgVGhlIGNsaWVudCBjZXJ0aWZpY2F0ZSBmaWxlIChkdW1teSkuDQojIA0KIyBJbiBzb21lIGltcGxlbWVudGF0aW9ucyBvZiBPcGVuVlBOIENsaWVudCBzb2Z0d2FyZQ0KIyAoZm9yIGV4YW1wbGU6IE9wZW5WUE4gQ2xpZW50IGZvciBpT1MpLA0KIyBhIHBhaXIgb2YgY2xpZW50IGNlcnRpZmljYXRlIGFuZCBwcml2YXRlIGtleSBtdXN0IGJlIGluY2x1ZGVkIG9uIHRoZQ0KIyBjb25maWd1cmF0aW9uIGZpbGUgZHVlIHRvIHRoZSBsaW1pdGF0aW9uIG9mIHRoZSBjbGllbnQuDQojIFNvIHRoaXMgc2FtcGxlIGNvbmZpZ3VyYXRpb24gZmlsZSBoYXMgYSBkdW1teSBwYWlyIG9mIGNsaWVudCBjZXJ0aWZpY2F0ZQ0KIyBhbmQgcHJpdmF0ZSBrZXkgYXMgZm9sbG93cy4NCg0KPGNlcnQ+DQotLS0tLUJFR0lOIENFUlRJRklDQVRFLS0tLS0NCk1JSUN4akNDQWE0Q0FRQXdEUVlKS29aSWh2Y05BUUVGQlFBd0tURWFNQmdHQTFVRUF4TVJWbEJPUjJGMFpVTnMNCmFXVnVkRU5sY25ReEN6QUpCZ05WQkFZVEFrcFFNQjRYRFRFek1ESXhNVEF6TkRrME9Wb1hEVE0zTURFeE9UQXoNCk1UUXdOMW93S1RFYU1CZ0dBMVVFQXhNUlZsQk9SMkYwWlVOc2FXVnVkRU5sY25ReEN6QUpCZ05WQkFZVEFrcFENCk1JSUJJakFOQmdrcWhraUc5dzBCQVFFRkFBT0NBUThBTUlJQkNnS0NBUUVBNWgybGdRUVlVandvS1lKYnpWWkENCjVWY0lHZDVvdFBjL3FaUk10MEtJdENGQTBzOVJ3UmVOVmE5ZkRSRkxSQmhjSVRPbHYzRkJjVzNFOGgxVXM3UkQNCjRXOEdtSmU4emFwSm5Mc0QzOU9TTVJDelpKbmN6VzRPQ0gxUFpSWldLcUR0amxOY2E5QUY4YTY1alRtbER4Q1ENCkNqbnRMSVdrNU9MTFZrRnQ5L3RTY2MxR0R0Y2k1NW9maGFOQVlNUGlIN1Y4KzFnNjZwR0hYQW9XSzZBUVZINjcNClhDS0puR0I1bmxRK0hzTVlQVi9PNDlMZDkxWk4vMnRIa2NhTEx5TnR5d3hWUFJTc1JoNDgwamp1MGZjQ3N2NmgNCnAvMHlYblRCLy9tV3V0QkdwZFVsSWJ3aUlUYkFtcnNiWW5qaWdSdm5QcVgxUk5KVWJpOUZwNkMyYy9ISUZKR0QNCnl3SURBUUFCTUEwR0NTcUdTSWIzRFFFQkJRVUFBNElCQVFDaE81aGdjdy80b1dmb0VGTHU5a0JhMUIvL2t4SDgNCmhRa0NoVk5uOEJSQzdZMFVSUWl0UGwzREtFZWQ5VVJCRGRnMktPQXo3N2JiNkVOUGlsaUQrYTM4VUpISVJNcWUNClVCSGhsbE9ISXp2RGhIRmJhb3ZBTEJRY2VlQnpka1F4c0tRRVNLbVFtUjgzMjk1MFVDb3ZveVJCNjFVeUFWN2gNCittWmhZUEdSS1hLU0pJNnMwRWdnL0NyaStDd2s0YmpKZnJiNWhWc2UxMXloNEQ5TUhod1NmQ09IKzB6NGhQVVQNCkZrdTdkR2F2VVJPNVNWeE1uL3NMNkVuNUQrb1NlWGthZEhwRHMrQWlyeW0yWUhoMTVoMCtqUFNPb1I2eWlWcC8NCjZ6WmVaa3JONDNrdVM3M0twS0RGamZGUGg4dDRyMWdPSWp0dGtOY1FxQmNjdXNucGxRN0hKcHNrDQotLS0tLUVORCBDRVJUSUZJQ0FURS0tLS0tDQoNCjwvY2VydD4NCg0KPGtleT4NCi0tLS0tQkVHSU4gUlNBIFBSSVZBVEUgS0VZLS0tLS0NCk1JSUVwQUlCQUFLQ0FRRUE1aDJsZ1FRWVVqd29LWUpielZaQTVWY0lHZDVvdFBjL3FaUk10MEtJdENGQTBzOVINCndSZU5WYTlmRFJGTFJCaGNJVE9sdjNGQmNXM0U4aDFVczdSRDRXOEdtSmU4emFwSm5Mc0QzOU9TTVJDelpKbmMNCnpXNE9DSDFQWlJaV0txRHRqbE5jYTlBRjhhNjVqVG1sRHhDUUNqbnRMSVdrNU9MTFZrRnQ5L3RTY2MxR0R0Y2kNCjU1b2ZoYU5BWU1QaUg3VjgrMWc2NnBHSFhBb1dLNkFRVkg2N1hDS0puR0I1bmxRK0hzTVlQVi9PNDlMZDkxWk4NCi8ydEhrY2FMTHlOdHl3eFZQUlNzUmg0ODBqanUwZmNDc3Y2aHAvMHlYblRCLy9tV3V0QkdwZFVsSWJ3aUlUYkENCm1yc2JZbmppZ1J2blBxWDFSTkpVYmk5RnA2QzJjL0hJRkpHRHl3SURBUUFCQW9JQkFFUlY3WDVBdnhBOHVSaUsNCms4U0lwc0QwZFgxcEpPTUl3YWtVVnl2YzRFZk4wRGhLUk5iNHJZb1NpRUdUTHl6THB5QmMvQTI4RGxrbTVlT1kNCmZqelhmWWtHdFlpL0Z0eGtnM085dmNyTVE0KzZpK3VHSGFJTDJyTCtzNE1yZk84djF4djYrV2t5MzNFRUdDb3UNClFpd1ZHUkZRWG5Sb1E2Mk5CQ0ZiVU5MaG1Yd2RqMWFrWnpMVTRwNVI0ekEzUWhkeHdFSWF0Vkx0MCs3b3dMUTMNCmxQOHNmWGhwcFBPWGpUcU1ENFFrWXd6UEFhOC96RjdhY240a3J5clVQN1E2UEFmZDB6RVZxTnk5WkNaOWZmaG8NCnpYZWRGajQ4NklGb2M1Z25UcDJONmpzblZqNExDR0lobFZIbFlHb3pLS0ZxSmNRVkdzSENxcTFvejJ6alc2TFMNCm9SWUlIZ0VDZ1lFQTh6WnJrQ3dOWVNYSnVPREozbS9oT0xWeGN4Z0p1d1hvaUVyV2QwRTQydlBhbmpqVk1obnQNCktZNWw4cUdNSjZGaEs5TFl4MnFDcmYvRTBYdFVBWjJ3VnEzT1JUeUduc01XcmU5dExZczU1WCtaTjEwVGM3NXoNCjRoYWNiVTBocUtOMUhpRG1zTVJZMy8yTmFaSG95N01LbndKSkJhRzQ4bDlDQ1RsVndNSG9jSUVDZ1lFQThqYnkNCmRHanhUSCs2WEhXTml6YjVTUmJaeEFueUVlSmVSd1RNaDBnR3p3R1BwSC9zWllHenl1MFN5U1hXQ25aaDNSZ3ENCjV1TGxOeHRyWHJsalpseWkyblFkUWdzcTJZcldVczAremdVKzIydVFzWnBTQWZ0bWhWcnR2ZXQ2TWpWamJCeVkNCkRBRGNpRVZVZEpZSVhrK3FuRlVKeWVyb0xJa1RqN1dZS1o2Umprc0NnWUJvQ0ZJd1JEZWc0Mm9LODlSRm1uT3INCkx5bU5BcTQrMm9NaHNXbFZiNGVqV0lXZUFrOW5jK0dYVWZyWHN6UmhTMDFtVW5VNXI1eWdVdlJjYXJWL1QzVTcNClRuTVorSTdZNERnV1JJRGQ1MXpuaHhJQnRZVjVqL0MvdDg1SGpxT2tIKzhiNlJUa2JjaGFYM21hdTdmcFVmZHMNCkZxMG5oSXE0MmZoRU84c3JmWVl3Z1FLQmdRQ3loaTFOLzh0YVJ3cGsrMy9JREV6UXdqYmZkelVrV1dTRGs5WHMNCkgvcGt1UkhXZlRNUDNmbFdxRVlnVy9MVzQwcGVXMkhEcTVpbWRWOCtBZ1p4ZS9YTWJhamk5TGd3ZjFSWTAwNW4NCkt4YVpRejd5cUh1cFdsTEdGNjhEUEh4a1pWVlNhZ0RuVi9zenRXWDZTRnNDcUZWbnhJWGlmWEdDNGNXNU5tOWcNCnZhOHE0UUtCZ1FDRWhMVmVVZmR3S3ZrWjk0Zy9HRno3MzFaMmhyZFZoZ01aYVUvdTZ0MFY5NStZZXpQTkNRWkINCndtRTlNbWxicTFlbURlUk9pdmpDZm9HaFIza1pYVzFwVEtsTGg2Wk1VUVVPcHB0ZFh2YThYeGZvcVF3YTNlbkENCk03bXVCYkYwWE43Vk84MGlKUHYrUG1JWmRFSUFrcHdLZmkyMDFZQitCYWZDSXVHeElGNTBWZz09DQotLS0tLUVORCBSU0EgUFJJVkFURSBLRVktLS0tLQ0KDQo8L2tleT4NCg0K
vpn163474475,69.173.185.121,497647,5,54987340,United States,US,7,0,490106,19108248175719,2weeks,DESKTOP-F2UV1HD's owner,,IyMjIyMjIyMjIyMjIyMjIyMjIyMjIyMjIyMjIyMjIyMjIyMjIyMjIyMjIyMjIyMjIyMjIyMjIyMjIyMjIyMjIyMjIyMjIyMjIyMjIyMjIw0KIyBPcGVuVlBOIDIuMCBTYW1wbGUgQ29uZmlndXJhdGlvbiBGaWxlDQojIGZvciBQYWNrZXRpWCBWUE4gLyBTb2Z0RXRoZXIgVlBOIFNlcnZlcg0KIyANCiMgISEhIEFVVE8tR0VORVJBVEVEIEJZIFNPRlRFVEhFUiBWUE4gU0VSVkVSIE1BTkFHRU1FTlQgVE9PTCAhISENCiMgDQojICEhISBZT1UgSEFWRSBUTyBSRVZJRVcgSVQgQkVGT1JFIFVTRSBBTkQgTU9ESUZZIElUIEFTIE5FQ0VTU0FSWSAhISENCiMgDQojIFRoaXMgY29uZmlndXJhdGlvbiBmaWxlIGlzIGF1dG8tZ2VuZXJhdGVkLiBZb3UgbWlnaHQgdXNlIHRoaXMgY29uZmlnIGZpbGUNCiMgaW4gb3JkZXIgdG8gY29ubmVjdCB0byB0aGUgUGFja2V0aVggVlBOIC8gU29mdEV0aGVyIFZQTiBTZXJ2ZXIuDQojIEhvd2V2ZXIsIGJlZm9yZSB5b3UgdHJ5IGl0LCB5b3Ugc2hvdWxkIHJldmlldyB0aGUgZGVzY3JpcHRpb25zIG9mIHRoZSBmaWxlDQojIHRvIGRldGVybWluZSB0aGUgbmVjZXNzaXR5IHRvIG1vZGlmeSB0byBzdWl0YWJsZSBmb3IgeW91ciByZWFsIGVudmlyb25tZW50Lg0KIyBJZiBuZWNlc3NhcnksIHlvdSBoYXZlIHRvIG1vZGlmeSBhIGxpdHRsZSBhZGVxdWF0ZWx5IG9uIHRoZSBmaWxlLg0KIyBGb3IgZXhhbXBsZSwgdGhlIElQIGFkZHJlc3Mgb3IgdGhlIGhvc3RuYW1lIGFzIGEgZGVzdGluYXRpb24gVlBOIFNlcnZlcg0KIyBzaG91bGQgYmUgY29uZmlybWVkLg0KIyANCiMgTm90ZSB0aGF0IHRvIHVzZSBPcGVuVlBOIDIuMCwgeW91IGhhdmUgdG8gcHV0IHRoZSBjZXJ0aWZpY2F0aW9uIGZpbGUgb2YNCiMgdGhlIGRlc3RpbmF0aW9uIFZQTiBTZXJ2ZXIgb24gdGhlIE9wZW5WUE4gQ2xpZW50IGNvbXB1dGVyIHdoZW4geW91IHVzZSB0aGlzDQojIGNvbmZpZyBmaWxlLiBQbGVhc2UgcmVmZXIgdGhlIGJlbG93IGRlc2NyaXB0aW9ucyBjYXJlZnVsbHkuDQoNCg0KIyMjIyMjIyMjIyMjIyMjIyMjIyMjIyMjIyMjIyMjIyMjIyMjIyMjIyMjIyMjIyMjIyMjIyMjIyMjIyMjIyMjIyMjIyMjIyMjIyMjIyMjIw0KIyBTcGVjaWZ5IHRoZSB0eXBlIG9mIHRoZSBsYXllciBvZiB0aGUgVlBOIGNvbm5lY3Rpb24uDQojIA0KIyBUbyBjb25uZWN0IHRvIHRoZSBWUE4gU2VydmVyIGFzIGEgIlJlbW90ZS1BY2Nlc3MgVlBOIENsaWVudCBQQyIsDQojICBzcGVjaWZ5ICdkZXYgdHVuJy4gKExheWVyLTMgSVAgUm91dGluZyBNb2RlKQ0KIw0KIyBUbyBjb25uZWN0IHRvIHRoZSBWUE4gU2VydmVyIGFzIGEgYnJpZGdpbmcgZXF1aXBtZW50IG9mICJTaXRlLXRvLVNpdGUgVlBOIiwNCiMgIHNwZWNpZnkgJ2RldiB0YXAnLiAoTGF5ZXItMiBFdGhlcm5ldCBCcmlkZ2luZSBNb2RlKQ0KDQpkZXYgdHVuDQoNCg0KIyMjIyMjIyMjIyMjIyMjIyMjIyMjIyMjIyMjIyMjIyMjIyMjIyMjIyMjIyMjIyMjIyMjIyMjIyMjIyMjIyMjIyMjIyMjIyMjIyMjIyMjIw0KIyBTcGVjaWZ5IHRoZSB1bmRlcmx5aW5nIHByb3RvY29sIGJleW9uZCB0aGUgSW50ZXJuZXQuDQojIE5vdGUgdGhhdCB0aGlzIHNldHRpbmcgbXVzdCBiZSBjb3JyZXNwb25kIHdpdGggdGhlIGxpc3RlbmluZyBzZXR0aW5nIG9uDQojIHRoZSBWUE4gU2VydmVyLg0KIyANCiMgU3BlY2lmeSBlaXRoZXIgJ3Byb3RvIHRjcCcgb3IgJ3Byb3RvIHVkcCcuDQoNCnByb3RvIHRjcA0KDQoNCiMjIyMjIyMjIyMjIyMjIyMjIyMjIyMjIyMjIyMjIyMjIyMjIyMjIyMjIyMjIyMjIyMjIyMjIyMjIyMjIyMjIyMjIyMjIyMjIyMjIyMjIyMNCiMgVGhlIGRlc3RpbmF0aW9uIGhvc3RuYW1lIC8gSVAgYWRkcmVzcywgYW5kIHBvcnQgbnVtYmVyIG9mDQojIHRoZSB0YXJnZXQgVlBOIFNlcnZlci4NCiMgDQojIFlvdSBoYXZlIHRvIHNwZWNpZnkgYXMgJ3JlbW90ZSA8SE9TVE5BTUU+IDxQT1JUPicuIFlvdSBjYW4gYWxzbw0KIyBzcGVjaWZ5IHRoZSBJUCBhZGRyZXNzIGluc3RlYWQgb2YgdGhlIGhvc3RuYW1lLg0KIyANCiMgTm90ZSB0aGF0IHRoZSBhdXRvLWdlbmVyYXRlZCBiZWxvdyBob3N0bmFtZSBhcmUgYSAiYXV0by1kZXRlY3RlZA0KIyBJUCBhZGRyZXNzIiBvZiB0aGUgVlBOIFNlcnZlci4gWW91IGhhdmUgdG8gY29uZmlybSB0aGUgY29ycmVjdG5lc3MNCiMgYmVmb3JlaGFuZC4NCiMgDQojIFdoZW4geW91IHdhbnQgdG8gY29ubmVjdCB0byB0aGUgVlBOIFNlcnZlciBieSB1c2luZyBUQ1AgcHJvdG9jb2wsDQojIHRoZSBwb3J0IG51bWJlciBvZiB0aGUgZGVzdGluYXRpb24gVENQIHBvcnQgc2hvdWxkIGJlIHNhbWUgYXMgb25lIG9mDQojIHRoZSBhdmFpbGFibGUgVENQIGxpc3RlbmVycyBvbiB0aGUgVlBOIFNlcnZlci4NCiMgDQojIFdoZW4geW91IHVzZSBVRFAgcHJvdG9jb2wsIHRoZSBwb3J0IG51bWJlciBtdXN0IHNhbWUgYXMgdGhlIGNvbmZpZ3VyYXRpb24NCiMgc2V0dGluZyBvZiAiT3BlblZQTiBTZXJ2ZXIgQ29tcGF0aWJsZSBGdW5jdGlvbiIgb24gdGhlIFZQTiBTZXJ2ZXIuDQoNCnJlbW90ZSA2OS4xNzMuMTg1LjEyMSAxMzc2DQoNCg0KIyMjIyMjIyMjIyMjIyMjIyMjIyMjIyMjIyMjIyMjIyMjIyMjIyMjIyMjIyMjIyMjIyMjIyMjIyMjIyMjIyMjIyMjIyMjIyMjIyMjIyMjIw0KIyBUaGUgSFRUUC9IVFRQUyBwcm94eSBzZXR0aW5nLg0KIyANCiMgT25seSBpZiB5b3UgaGF2ZSB0byB1c2UgdGhlIEludGVybmV0IHZpYSBhIHByb3h5LCB1bmNvbW1lbnQgdGhlIGJlbG93DQojIHR3byBsaW5lcyBhbmQgc3BlY2lmeSB0aGUgcHJveHkgYWRkcmVzcyBhbmQgdGhlIHBvcnQgbnVtYmVyLg0KIyBJbiB0aGUgY2FzZSBvZiB1c2luZyBwcm94eS1hdXRoZW50aWNhdGlvbiwgcmVmZXIgdGhlIE9wZW5WUE4gbWFudWFsLg0KDQo7aHR0cC1wcm94eS1yZXRyeQ0KO2h0dHAtcHJveHkgW3Byb3h5IHNlcnZlcl0gW3Byb3h5IHBvcnRdDQoNCg0KIyMjIyMjIyMjIyMjIyMjIyMjIyMjIyMjIyMjIyMjIyMjIyMjIyMjIyMjIyMjIyMjIyMjIyMjIyMjIyMjIyMjIyMjIyMjIyMjIyMjIyMjIw0KIyBUaGUgZW5jcnlwdGlvbiBhbmQgYXV0aGVudGljYXRpb24gYWxnb3JpdGhtLg0KIyANCiMgRGVmYXVsdCBzZXR0aW5nIGlzIGdvb2QuIE1vZGlmeSBpdCBhcyB5b3UgcHJlZmVyLg0KIyBXaGVuIHlvdSBzcGVjaWZ5IGFuIHVuc3VwcG9ydGVkIGFsZ29yaXRobSwgdGhlIGVycm9yIHdpbGwgb2NjdXIuDQojIA0KIyBUaGUgc3VwcG9ydGVkIGFsZ29yaXRobXMgYXJlIGFzIGZvbGxvd3M6DQojICBjaXBoZXI6IFtOVUxMLUNJUEhFUl0gTlVMTCBBRVMtMTI4LUNCQyBBRVMtMTkyLUNCQyBBRVMtMjU2LUNCQyBCRi1DQkMNCiMgICAgICAgICAgQ0FTVC1DQkMgQ0FTVDUtQ0JDIERFUy1DQkMgREVTLUVERS1DQkMgREVTLUVERTMtQ0JDIERFU1gtQ0JDDQojICAgICAgICAgIFJDMi00MC1DQkMgUkMyLTY0LUNCQyBSQzItQ0JDDQojICBhdXRoOiAgIFNIQSBTSEExIE1ENSBNRDQgUk1EMTYwDQoNCmNpcGhlciBBRVMtMTI4LUNCQw0KYXV0aCBTSEExDQoNCg0KIyMjIyMjIyMjIyMjIyMjIyMjIyMjIyMjIyMjIyMjIyMjIyMjIyMjIyMjIyMjIyMjIyMjIyMjIyMjIyMjIyMjIyMjIyMjIyMjIyMjIyMjIw0KIyBPdGhlciBwYXJhbWV0ZXJzIG5lY2Vzc2FyeSB0byBjb25uZWN0IHRvIHRoZSBWUE4gU2VydmVyLg0KIyANCiMgSXQgaXMgbm90IHJlY29tbWVuZGVkIHRvIG1vZGlmeSBpdCB1bmxlc3MgeW91IGhhdmUgYSBwYXJ0aWN1bGFyIG5lZWQuDQoNCnJlc29sdi1yZXRyeSBpbmZpbml0ZQ0Kbm9iaW5kDQpwZXJzaXN0LWtleQ0KcGVyc2lzdC10dW4NCmNsaWVudA0KdmVyYiAzDQojYXV0aC11c2VyLXBhc3MNCg0KDQojIyMjIyMjIyMjIyMjIyMjIyMjIyMjIyMjIyMjIyMjIyMjIyMjIyMjIyMjIyMjIyMjIyMjIyMjIyMjIyMjIyMjIyMjIyMjIyMjIyMjIyMjDQojIFRoZSBjZXJ0aWZpY2F0ZSBmaWxlIG9mIHRoZSBkZXN0aW5hdGlvbiBWUE4gU2VydmVyLg0KIyANCiMgVGhlIENBIGNlcnRpZmljYXRlIGZpbGUgaXMgZW1iZWRkZWQgaW4gdGhlIGlubGluZSBmb3JtYXQuDQojIFlvdSBjYW4gcmVwbGFjZSB0aGlzIENBIGNvbnRlbnRzIGlmIG5lY2Vzc2FyeS4NCiMgUGxlYXNlIG5vdGUgdGhhdCBpZiB0aGUgc2VydmVyIGNlcnRpZmljYXRlIGlzIG5vdCBhIHNlbGYtc2lnbmVkLCB5b3UgaGF2ZSB0bw0KIyBzcGVjaWZ5IHRoZSBzaWduZXIncyByb290IGNlcnRpZmljYXRlIChDQSkgaGVyZS4NCg0KPGNhPg0KLS0tLS1CRUdJTiBDRVJUSUZJQ0FURS0tLS0tDQpNSUlGYXpDQ0ExT2dBd0lCQWdJUkFJSVF6N0RTUU9OWlJHUGd1Mk9DaXdBd0RRWUpLb1pJaHZjTkFRRUxCUUF3DQpUekVMTUFrR0ExVUVCaE1DVlZNeEtUQW5CZ05WQkFvVElFbHVkR1Z5Ym1WMElGTmxZM1Z5YVhSNUlGSmxjMlZoDQpjbU5vSUVkeWIzVndNUlV3RXdZRFZRUURFd3hKVTFKSElGSnZiM1FnV0RFd0hoY05NVFV3TmpBME1URXdORE00DQpXaGNOTXpVd05qQTBNVEV3TkRNNFdqQlBNUXN3Q1FZRFZRUUdFd0pWVXpFcE1DY0dBMVVFQ2hNZ1NXNTBaWEp1DQpaWFFnVTJWamRYSnBkSGtnVW1WelpXRnlZMmdnUjNKdmRYQXhGVEFUQmdOVkJBTVRERWxUVWtjZ1VtOXZkQ0JZDQpNVENDQWlJd0RRWUpLb1pJaHZjTkFRRUJCUUFEZ2dJUEFEQ0NBZ29DZ2dJQkFLM29KSFAwRkRmem01NHJWeWdjDQpoNzdjdDk4NGtJeHVQT1pYb0hqM2RjS2kvdlZxYnZZQVR5amIzbWlHYkVTVHRyRmovUlFTYTc4ZjB1b3hteUYrDQowVE04dWtqMTNYbmZzN2ovRXZFaG1rdkJpb1p4YVVwbVpteVBmanh3djYwcElnYno1TURtZ0s3aVM0KzNtWDZVDQpBNS9UUjVkOG1VZ2pVK2c0cms4S2I0TXUwVWxYaklCMHR0b3YwRGlOZXdOd0lSdDE4akE4K28rdTNkcGpxK3NXDQpUOEtPRVV0K3p3dm8vN1YzTHZTeWUwcmdUQklsREhDTkF5bWc0Vk1rN0JQWjdobS9FTE5LakQrSm8yRlIzcXlIDQpCNVQwWTNIc0x1SnZXNWlCNFlsY05IbHNkdTg3a0dKNTV0dWttaThteGRBUTRRN2UyUkNPRnZ1Mzk2ajN4K1VDDQpCNWlQTmdpVjUrSTNsZzAyZFo3N0RuS3hIWnU4QS9sSkJkaUIzUVcwS3RaQjZhd0JkcFVLRDlqZjFiMFNIelV2DQpLQmRzMHBqQnFBbGtkMjVITjdyT3JGbGVhSjEvY3RhSnhRWkJLVDVaUHQwbTlTVEpFYWRhbzB4QUgwYWhtYlduDQpPbEZ1aGp1ZWZYS25FZ1Y0V2UwK1VYZ1ZDd09QamRBdkJiSStlMG9jUzNNRkV2ekc2dUJRRTN4RGszU3p5blRuDQpqaDhCQ05BdzFGdHhOclFIdXNFd01GeEl0NEk3bUtaOVlJcWlveW1DekxxOWd3UWJvb01EUWFIV0JmRWJ3cmJ3DQpxSHlHTzBhb1NDcUkzSGFhZHI4ZmFxVTlHWS9yT1BOazNzZ3JEUW9vLy9mYjRoVkMxQ0xRSjEzaGVmNFk1M0NJDQpyVTdtMllzNnh0MG5VVzcvdkdUMU0wTlBBZ01CQUFHalFqQkFNQTRHQTFVZER3RUIvd1FFQXdJQkJqQVBCZ05WDQpIUk1CQWY4RUJUQURBUUgvTUIwR0ExVWREZ1FXQkJSNXRGbm1lN2JsNUFGemdBaUl5QnBZOXVtYmJqQU5CZ2txDQpoa2lHOXcwQkFRc0ZBQU9DQWdFQVZSOVlxYnl5cUZEUURMSFlHbWtnSnlrSXJHRjFYSXB1K0lMbGFTL1Y5bFpMDQp1Ymh6RUZuVElaZCs1MHh4KzdMU1lLMDVxQXZxRnlGV2hmRlFEbG5yenVCWjZickpGZStHblkrRWdQYms2WkdRDQozQmViWWh0RjhHYVYwbnh2d3VvNzd4L1B5OWF1Si9HcHNNaXUvWDErbXZvaUJPdi8yWC9xa1NzaXNSY09qL0tLDQpORnRZMlB3QnlWUzV1Q2JNaW9nemlVd3RoRHlDMys2V1Z3VzZMTHYzeExmSFRqdUN2akhJSW5Oemt0SENnS1E1DQpPUkF6STRKTVBKK0dzbFdZSGI0cGhvd2ltNTdpYXp0WE9vSndUZHdKeDRuTENnZE5iT2hkanNudnpxdkh1N1VyDQpUa1hXU3RBbXpPVnl5Z2hxcFpYakZhSDNwTzNKTEYrbCsvK3NLQUl1dnRkN3UrTnhlNUFXMHdkZVJsTjhOd2RDDQpqTlBFbHB6Vm1iVXE0SlVhZ0VpdVREa0h6c3hIcEZLVks3cTQrNjNTTTFOOTVSMU5iZFdoc2NkQ2IrWkFKelZjDQpveWkzQjQzbmpUT1E1eU9mKzFDY2VXeEcxYlFWczVadWZwc01sanE0VWkwLzFsdmgrd2pDaFA0a3FLT0oycXhxDQo0Umdxc2FoRFlWdlRIOXc3alhieUxlaU5kZDhYTTJ3OVUvdDd5MEZmLzl5aTBHRTQ0WmE0ckYyTE45ZDExVFBBDQptUkd1blVIQmNuV0V2Z0pCUWw5bkpFaVUwWnNudmdjL3ViaFBnWFJSNFhxMzdaMGo0cjdnMVNnRUV6d3hBNTdkDQplbXlQeGdjWXhuL2VSNDQvS0o0RUJzK2xWRFIzdmV5Sm0ra1hROTliMjEvK2poNVhvczFBblg1aUl0cmVHQ2M9DQotLS0tLUVORCBDRVJUSUZJQ0FURS0tLS0tDQoNCjwvY2E+DQoNCg0KIyMjIyMjIyMjIyMjIyMjIyMjIyMjIyMjIyMjIyMjIyMjIyMjIyMjIyMjIyMjIyMjIyMjIyMjIyMjIyMjIyMjIyMjIyMjIyMjIyMjIyMjIw0KIyBUaGUgY2xpZW50IGNlcnRpZmljYXRlIGZpbGUgKGR1bW15KS4NCiMgDQojIEluIHNvbWUgaW1wbGVtZW50YXRpb25zIG9mIE9wZW5WUE4gQ2xpZW50IHNvZnR3YXJlDQojIChmb3IgZXhhbXBsZTogT3BlblZQTiBDbGllbnQgZm9yIGlPUyksDQojIGEgcGFpciBvZiBjbGllbnQgY2VydGlmaWNhdGUgYW5kIHByaXZhdGUga2V5IG11c3QgYmUgaW5jbHVkZWQgb24gdGhlDQojIGNvbmZpZ3VyYXRpb24gZmlsZSBkdWUgdG8gdGhlIGxpbWl0YXRpb24gb2YgdGhlIGNsaWVudC4NCiMgU28gdGhpcyBzYW1wbGUgY29uZmlndXJhdGlvbiBmaWxlIGhhcyBhIGR1bW15IHBhaXIgb2YgY2xpZW50IGNlcnRpZmljYXRlDQojIGFuZCBwcml2YXRlIGtleSBhcyBmb2xsb3dzLg0KDQo8Y2VydD4NCi0tLS0tQkVHSU4gQ0VSVElGSUNBVEUtLS0tLQ0KTUlJQ3hqQ0NBYTRDQVFBd0RRWUpLb1pJaHZjTkFRRUZCUUF3S1RFYU1CZ0dBMVVFQXhNUlZsQk9SMkYwWlVOcw0KYVdWdWRFTmxjblF4Q3pBSkJnTlZCQVlUQWtwUU1CNFhEVEV6TURJeE1UQXpORGswT1ZvWERUTTNNREV4T1RBeg0KTVRRd04xb3dLVEVhTUJnR0ExVUVBeE1SVmxCT1IyRjBaVU5zYVdWdWRFTmxjblF4Q3pBSkJnTlZCQVlUQWtwUQ0KTUlJQklqQU5CZ2txaGtpRzl3MEJBUUVGQUFPQ0FROEFNSUlCQ2dLQ0FRRUE1aDJsZ1FRWVVqd29LWUpielZaQQ0KNVZjSUdkNW90UGMvcVpSTXQwS0l0Q0ZBMHM5UndSZU5WYTlmRFJGTFJCaGNJVE9sdjNGQmNXM0U4aDFVczdSRA0KNFc4R21KZTh6YXBKbkxzRDM5T1NNUkN6WkpuY3pXNE9DSDFQWlJaV0txRHRqbE5jYTlBRjhhNjVqVG1sRHhDUQ0KQ2pudExJV2s1T0xMVmtGdDkvdFNjYzFHRHRjaTU1b2ZoYU5BWU1QaUg3VjgrMWc2NnBHSFhBb1dLNkFRVkg2Nw0KWENLSm5HQjVubFErSHNNWVBWL080OUxkOTFaTi8ydEhrY2FMTHlOdHl3eFZQUlNzUmg0ODBqanUwZmNDc3Y2aA0KcC8weVhuVEIvL21XdXRCR3BkVWxJYndpSVRiQW1yc2JZbmppZ1J2blBxWDFSTkpVYmk5RnA2QzJjL0hJRkpHRA0KeXdJREFRQUJNQTBHQ1NxR1NJYjNEUUVCQlFVQUE0SUJBUUNoTzVoZ2N3LzRvV2ZvRUZMdTlrQmExQi8va3hIOA0KaFFrQ2hWTm44QlJDN1kwVVJRaXRQbDNES0VlZDlVUkJEZGcyS09Bejc3YmI2RU5QaWxpRCthMzhVSkhJUk1xZQ0KVUJIaGxsT0hJenZEaEhGYmFvdkFMQlFjZWVCemRrUXhzS1FFU0ttUW1SODMyOTUwVUNvdm95UkI2MVV5QVY3aA0KK21aaFlQR1JLWEtTSkk2czBFZ2cvQ3JpK0N3azRiakpmcmI1aFZzZTExeWg0RDlNSGh3U2ZDT0grMHo0aFBVVA0KRmt1N2RHYXZVUk81U1Z4TW4vc0w2RW41RCtvU2VYa2FkSHBEcytBaXJ5bTJZSGgxNWgwK2pQU09vUjZ5aVZwLw0KNnpaZVprck40M2t1UzczS3BLREZqZkZQaDh0NHIxZ09JanR0a05jUXFCY2N1c25wbFE3SEpwc2sNCi0tLS0tRU5EIENFUlRJRklDQVRFLS0tLS0NCg0KPC9jZXJ0Pg0KDQo8a2V5Pg0KLS0tLS1CRUdJTiBSU0EgUFJJVkFURSBLRVktLS0tLQ0KTUlJRXBBSUJBQUtDQVFFQTVoMmxnUVFZVWp3b0tZSmJ6VlpBNVZjSUdkNW90UGMvcVpSTXQwS0l0Q0ZBMHM5Ug0Kd1JlTlZhOWZEUkZMUkJoY0lUT2x2M0ZCY1czRThoMVVzN1JENFc4R21KZTh6YXBKbkxzRDM5T1NNUkN6WkpuYw0Kelc0T0NIMVBaUlpXS3FEdGpsTmNhOUFGOGE2NWpUbWxEeENRQ2pudExJV2s1T0xMVmtGdDkvdFNjYzFHRHRjaQ0KNTVvZmhhTkFZTVBpSDdWOCsxZzY2cEdIWEFvV0s2QVFWSDY3WENLSm5HQjVubFErSHNNWVBWL080OUxkOTFaTg0KLzJ0SGtjYUxMeU50eXd4VlBSU3NSaDQ4MGpqdTBmY0NzdjZocC8weVhuVEIvL21XdXRCR3BkVWxJYndpSVRiQQ0KbXJzYlluamlnUnZuUHFYMVJOSlViaTlGcDZDMmMvSElGSkdEeXdJREFRQUJBb0lCQUVSVjdYNUF2eEE4dVJpSw0KazhTSXBzRDBkWDFwSk9NSXdha1VWeXZjNEVmTjBEaEtSTmI0cllvU2lFR1RMeXpMcHlCYy9BMjhEbGttNWVPWQ0KZmp6WGZZa0d0WWkvRnR4a2czTzl2Y3JNUTQrNmkrdUdIYUlMMnJMK3M0TXJmTzh2MXh2NitXa3kzM0VFR0NvdQ0KUWl3VkdSRlFYblJvUTYyTkJDRmJVTkxobVh3ZGoxYWtaekxVNHA1UjR6QTNRaGR4d0VJYXRWTHQwKzdvd0xRMw0KbFA4c2ZYaHBwUE9YalRxTUQ0UWtZd3pQQWE4L3pGN2FjbjRrcnlyVVA3UTZQQWZkMHpFVnFOeTlaQ1o5ZmZobw0KelhlZEZqNDg2SUZvYzVnblRwMk42anNuVmo0TENHSWhsVkhsWUdvektLRnFKY1FWR3NIQ3FxMW96MnpqVzZMUw0Kb1JZSUhnRUNnWUVBOHpacmtDd05ZU1hKdU9ESjNtL2hPTFZ4Y3hnSnV3WG9pRXJXZDBFNDJ2UGFuampWTWhudA0KS1k1bDhxR01KNkZoSzlMWXgycUNyZi9FMFh0VUFaMndWcTNPUlR5R25zTVdyZTl0TFlzNTVYK1pOMTBUYzc1eg0KNGhhY2JVMGhxS04xSGlEbXNNUlkzLzJOYVpIb3k3TUtud0pKQmFHNDhsOUNDVGxWd01Ib2NJRUNnWUVBOGpieQ0KZEdqeFRIKzZYSFdOaXpiNVNSYlp4QW55RWVKZVJ3VE1oMGdHendHUHBIL3NaWUd6eXUwU3lTWFdDblpoM1JncQ0KNXVMbE54dHJYcmxqWmx5aTJuUWRRZ3NxMllyV1VzMCt6Z1UrMjJ1UXNacFNBZnRtaFZydHZldDZNalZqYkJ5WQ0KREFEY2lFVlVkSllJWGsrcW5GVUp5ZXJvTElrVGo3V1lLWjZSamtzQ2dZQm9DRkl3UkRlZzQyb0s4OVJGbW5Pcg0KTHltTkFxNCsyb01oc1dsVmI0ZWpXSVdlQWs5bmMrR1hVZnJYc3pSaFMwMW1VblU1cjV5Z1V2UmNhclYvVDNVNw0KVG5NWitJN1k0RGdXUklEZDUxem5oeElCdFlWNWovQy90ODVIanFPa0grOGI2UlRrYmNoYVgzbWF1N2ZwVWZkcw0KRnEwbmhJcTQyZmhFTzhzcmZZWXdnUUtCZ1FDeWhpMU4vOHRhUndwayszL0lERXpRd2piZmR6VWtXV1NEazlYcw0KSC9wa3VSSFdmVE1QM2ZsV3FFWWdXL0xXNDBwZVcySERxNWltZFY4K0FnWnhlL1hNYmFqaTlMZ3dmMVJZMDA1bg0KS3hhWlF6N3lxSHVwV2xMR0Y2OERQSHhrWlZWU2FnRG5WL3N6dFdYNlNGc0NxRlZueElYaWZYR0M0Y1c1Tm05Zw0KdmE4cTRRS0JnUUNFaExWZVVmZHdLdmtaOTRnL0dGejczMVoyaHJkVmhnTVphVS91NnQwVjk1K1llelBOQ1FaQg0Kd21FOU1tbGJxMWVtRGVST2l2akNmb0doUjNrWlhXMXBUS2xMaDZaTVVRVU9wcHRkWHZhOFh4Zm9xUXdhM2VuQQ0KTTdtdUJiRjBYTjdWTzgwaUpQditQbUlaZEVJQWtwd0tmaTIwMVlCK0JhZkNJdUd4SUY1MFZnPT0NCi0tLS0tRU5EIFJTQSBQUklWQVRFIEtFWS0tLS0tDQoNCjwva2V5Pg0KDQo=
vpn671717919,165.246.170.29,485802,45,32983566,Korea Republic of,KR,9,0,35201,3810268446416,2weeks,DESKTOP-7TV7JCN's owner,,IyMjIyMjIyMjIyMjIyMjIyMjIyMjIyMjIyMjIyMjIyMjIyMjIyMjIyMjIyMjIyMjIyMjIyMjIyMjIyMjIyMjIyMjIyMjIyMjIyMjIyMjIw0KIyBPcGVuVlBOIDIuMCBTYW1wbGUgQ29uZmlndXJhdGlvbiBGaWxlDQojIGZvciBQYWNrZXRpWCBWUE4gLyBTb2Z0RXRoZXIgVlBOIFNlcnZlcg0KIyANCiMgISEhIEFVVE8tR0VORVJBVEVEIEJZIFNPRlRFVEhFUiBWUE4gU0VSVkVSIE1BTkFHRU1FTlQgVE9PTCAhISENCiMgDQojICEhISBZT1UgSEFWRSBUTyBSRVZJRVcgSVQgQkVGT1JFIFVTRSBBTkQgTU9ESUZZIElUIEFTIE5FQ0VTU0FSWSAhISENCiMgDQojIFRoaXMgY29uZmlndXJhdGlvbiBmaWxlIGlzIGF1dG8tZ2VuZXJhdGVkLiBZb3UgbWlnaHQgdXNlIHRoaXMgY29uZmlnIGZpbGUNCiMgaW4gb3JkZXIgdG8gY29ubmVjdCB0byB0aGUgUGFja2V0aVggVlBOIC8gU29mdEV0aGVyIFZQTiBTZXJ2ZXIuDQojIEhvd2V2ZXIsIGJlZm9yZSB5b3UgdHJ5IGl0LCB5b3Ugc2hvdWxkIHJldmlldyB0aGUgZGVzY3JpcHRpb25zIG9mIHRoZSBmaWxlDQojIHRvIGRldGVybWluZSB0aGUgbmVjZXNzaXR5IHRvIG1vZGlmeSB0byBzdWl0YWJsZSBmb3IgeW91ciByZWFsIGVudmlyb25tZW50Lg0KIyBJZiBuZWNlc3NhcnksIHlvdSBoYXZlIHRvIG1vZGlmeSBhIGxpdHRsZSBhZGVxdWF0ZWx5IG9uIHRoZSBmaWxlLg0KIyBGb3IgZXhhbXBsZSwgdGhlIElQIGFkZHJlc3Mgb3IgdGhlIGhvc3RuYW1lIGFzIGEgZGVzdGluYXRpb24gVlBOIFNlcnZlcg0KIyBzaG91bGQgYmUgY29uZmlybWVkLg0KIyANCiMgTm90ZSB0aGF0IHRvIHVzZSBPcGVuVlBOIDIuMCwgeW91IGhhdmUgdG8gcHV0IHRoZSBjZXJ0aWZpY2F0aW9uIGZpbGUgb2YNCiMgdGhlIGRlc3RpbmF0aW9uIFZQTiBTZXJ2ZXIgb24gdGhlIE9wZW5WUE4gQ2xpZW50IGNvbXB1dGVyIHdoZW4geW91IHVzZSB0aGlzDQojIGNvbmZpZyBmaWxlLiBQbGVhc2UgcmVmZXIgdGhlIGJlbG93IGRlc2NyaXB0aW9ucyBjYXJlZnVsbHkuDQoNCg0KIyMjIyMjIyMjIyMjIyMjIyMjIyMjIyMjIyMjIyMjIyMjIyMjIyMjIyMjIyMjIyMjIyMjIyMjIyMjIyMjIyMjIyMjIyMjIyMjIyMjIyMjIw0KIyBTcGVjaWZ5IHRoZSB0eXBlIG9mIHRoZSBsYXllciBvZiB0aGUgVlBOIGNvbm5lY3Rpb24uDQojIA0KIyBUbyBjb25uZWN0IHRvIHRoZSBWUE4gU2VydmVyIGFzIGEgIlJlbW90ZS1BY2Nlc3MgVlBOIENsaWVudCBQQyIsDQojICBzcGVjaWZ5ICdkZXYgdHVuJy4gKExheWVyLTMgSVAgUm91dGluZyBNb2RlKQ0KIw0KIyBUbyBjb25uZWN0IHRvIHRoZSBWUE4gU2VydmVyIGFzIGEgYnJpZGdpbmcgZXF1aXBtZW50IG9mICJTaXRlLXRvLVNpdGUgVlBOIiwNCiMgIHNwZWNpZnkgJ2RldiB0YXAnLiAoTGF5ZXItMiBFdGhlcm5ldCBCcmlkZ2luZSBNb2RlKQ0KDQpkZXYgdHVuDQoNCg0KIyMjIyMjIyMjIyMjIyMjIyMjIyMjIyMjIyMjIyMjIyMjIyMjIyMjIyMjIyMjIyMjIyMjIyMjIyMjIyMjIyMjIyMjIyMjIyMjIyMjIyMjIw0KIyBTcGVjaWZ5IHRoZSB1bmRlcmx5aW5nIHByb3RvY29sIGJleW9uZCB0aGUgSW50ZXJuZXQuDQojIE5vdGUgdGhhdCB0aGlzIHNldHRpbmcgbXVzdCBiZSBjb3JyZXNwb25kIHdpdGggdGhlIGxpc3RlbmluZyBzZXR0aW5nIG9uDQojIHRoZSBWUE4gU2VydmVyLg0KIyANCiMgU3BlY2lmeSBlaXRoZXIgJ3Byb3RvIHRjcCcgb3IgJ3Byb3RvIHVkcCcuDQoNCnByb3RvIHRjcA0KDQoNCiMjIyMjIyMjIyMjIyMjIyMjIyMjIyMjIyMjIyMjIyMjIyMjIyMjIyMjIyMjIyMjIyMjIyMjIyMjIyMjIyMjIyMjIyMjIyMjIyMjIyMjIyMNCiMgVGhlIGRlc3RpbmF0aW9uIGhvc3RuYW1lIC8gSVAgYWRkcmVzcywgYW5kIHBvcnQgbnVtYmVyIG9mDQojIHRoZSB0YXJnZXQgVlBOIFNlcnZlci4NCiMgDQojIFlvdSBoYXZlIHRvIHNwZWNpZnkgYXMgJ3JlbW90ZSA8SE9TVE5BTUU+IDxQT1JUPicuIFlvdSBjYW4gYWxzbw0KIyBzcGVjaWZ5IHRoZSBJUCBhZGRyZXNzIGluc3RlYWQgb2YgdGhlIGhvc3RuYW1lLg0KIyANCiMgTm90ZSB0aGF0IHRoZSBhdXRvLWdlbmVyYXRlZCBiZWxvdyBob3N0bmFtZSBhcmUgYSAiYXV0by1kZXRlY3RlZA0KIyBJUCBhZGRyZXNzIiBvZiB0aGUgVlBOIFNlcnZlci4gWW91IGhhdmUgdG8gY29uZmlybSB0aGUgY29ycmVjdG5lc3MNCiMgYmVmb3JlaGFuZC4NCiMgDQojIFdoZW4geW91IHdhbnQgdG8gY29ubmVjdCB0byB0aGUgVlBOIFNlcnZlciBieSB1c2luZyBUQ1AgcHJvdG9jb2wsDQojIHRoZSBwb3J0IG51bWJlciBvZiB0aGUgZGVzdGluYXRpb24gVENQIHBvcnQgc2hvdWxkIGJlIHNhbWUgYXMgb25lIG9mDQojIHRoZSBhdmFpbGFibGUgVENQIGxpc3RlbmVycyBvbiB0aGUgVlBOIFNlcnZlci4NCiMgDQojIFdoZW4geW91IHVzZSBVRFAgcHJvdG9jb2wsIHRoZSBwb3J0IG51bWJlciBtdXN0IHNhbWUgYXMgdGhlIGNvbmZpZ3VyYXRpb24NCiMgc2V0dGluZyBvZiAiT3BlblZQTiBTZXJ2ZXIgQ29tcGF0aWJsZSBGdW5jdGlvbiIgb24gdGhlIFZQTiBTZXJ2ZXIuDQoNCnJlbW90ZSAxNjUuMjQ2LjE3MC4yOSAxODQ1DQoNCg0KIyMjIyMjIyMjIyMjIyMjIyMjIyMjIyMjIyMjIyMjIyMjIyMjIyMjIyMjIyMjIyMjIyMjIyMjIyMjIyMjIyMjIyMjIyMjIyMjIyMjIyMjIw0KIyBUaGUgSFRUUC9IVFRQUyBwcm94eSBzZXR0aW5nLg0KIyANCiMgT25seSBpZiB5b3UgaGF2ZSB0byB1c2UgdGhlIEludGVybmV0IHZpYSBhIHByb3h5LCB1bmNvbW1lbnQgdGhlIGJlbG93DQojIHR3byBsaW5lcyBhbmQgc3BlY2lmeSB0aGUgcHJveHkgYWRkcmVzcyBhbmQgdGhlIHBvcnQgbnVtYmVyLg0KIyBJbiB0aGUgY2FzZSBvZiB1c2luZyBwcm94eS1hdXRoZW50aWNhdGlvbiwgcmVmZXIgdGhlIE9wZW5WUE4gbWFudWFsLg0KDQo7aHR0cC1wcm94eS1yZXRyeQ0KO2h0dHAtcHJveHkgW3Byb3h5IHNlcnZlcl0gW3Byb3h5IHBvcnRdDQoNCg0KIyMjIyMjIyMjIyMjIyMjIyMjIyMjIyMjIyMjIyMjIyMjIyMjIyMjIyMjIyMjIyMjIyMjIyMjIyMjIyMjIyMjIyMjIyMjIyMjIyMjIyMjIw0KIyBUaGUgZW5jcnlwdGlvbiBhbmQgYXV0aGVudGljYXRpb24gYWxnb3JpdGhtLg0KIyANCiMgRGVmYXVsdCBzZXR0aW5nIGlzIGdvb2QuIE1vZGlmeSBpdCBhcyB5b3UgcHJlZmVyLg0KIyBXaGVuIHlvdSBzcGVjaWZ5IGFuIHVuc3VwcG9ydGVkIGFsZ29yaXRobSwgdGhlIGVycm9yIHdpbGwgb2NjdXIuDQojIA0KIyBUaGUgc3VwcG9ydGVkIGFsZ29yaXRobXMgYXJlIGFzIGZvbGxvd3M6DQojICBjaXBoZXI6IFtOVUxMLUNJUEhFUl0gTlVMTCBBRVMtMTI4LUNCQyBBRVMtMTkyLUNCQyBBRVMtMjU2LUNCQyBCRi1DQkMNCiMgICAgICAgICAgQ0FTVC1DQkMgQ0FTVDUtQ0JDIERFUy1DQkMgREVTLUVERS1DQkMgREVTLUVERTMtQ0JDIERFU1gtQ0JDDQojICAgICAgICAgIFJDMi00MC1DQkMgUkMyLTY0LUNCQyBSQzItQ0JDDQojICBhdXRoOiAgIFNIQSBTSEExIE1ENSBNRDQgUk1EMTYwDQoNCmNpcGhlciBBRVMtMTI4LUNCQw0KYXV0aCBTSEExDQoNCg0KIyMjIyMjIyMjIyMjIyMjIyMjIyMjIyMjIyMjIyMjIyMjIyMjIyMjIyMjIyMjIyMjIyMjIyMjIyMjIyMjIyMjIyMjIyMjIyMjIyMjIyMjIw0KIyBPdGhlciBwYXJhbWV0ZXJzIG5lY2Vzc2FyeSB0byBjb25uZWN0IHRvIHRoZSBWUE4gU2VydmVyLg0KIyANCiMgSXQgaXMgbm90IHJlY29tbWVuZGVkIHRvIG1vZGlmeSBpdCB1bmxlc3MgeW91IGhhdmUgYSBwYXJ0aWN1bGFyIG5lZWQuDQoNCnJlc29sdi1yZXRyeSBpbmZpbml0ZQ0Kbm9iaW5kDQpwZXJzaXN0LWtleQ0KcGVyc2lzdC10dW4NCmNsaWVudA0KdmVyYiAzDQojYXV0aC11c2VyLXBhc3MNCg0KDQojIyMjIyMjIyMjIyMjIyMjIyMjIyMjIyMjIyMjIyMjIyMjIyMjIyMjIyMjIyMjIyMjIyMjIyMjIyMjIyMjIyMjIyMjIyMjIyMjIyMjIyMjDQojIFRoZSBjZXJ0aWZpY2F0ZSBmaWxlIG9mIHRoZSBkZXN0aW5hdGlvbiBWUE4gU2VydmVyLg0KIyANCiMgVGhlIENBIGNlcnRpZmljYXRlIGZpbGUgaXMgZW1iZWRkZWQgaW4gdGhlIGlubGluZSBmb3JtYXQuDQojIFlvdSBjYW4gcmVwbGFjZSB0aGlzIENBIGNvbnRlbnRzIGlmIG5lY2Vzc2FyeS4NCiMgUGxlYXNlIG5vdGUgdGhhdCBpZiB0aGUgc2VydmVyIGNlcnRpZmljYXRlIGlzIG5vdCBhIHNlbGYtc2lnbmVkLCB5b3UgaGF2ZSB0bw0KIyBzcGVjaWZ5IHRoZSBzaWduZXIncyByb290IGNlcnRpZmljYXRlIChDQSkgaGVyZS4NCg0KPGNhPg0KLS0tLS1CRUdJTiBDRVJUSUZJQ0FURS0tLS0tDQpNSUlGYXpDQ0ExT2dBd0lCQWdJUkFJSVF6N0RTUU9OWlJHUGd1Mk9DaXdBd0RRWUpLb1pJaHZjTkFRRUxCUUF3DQpUekVMTUFrR0ExVUVCaE1DVlZNeEtUQW5CZ05WQkFvVElFbHVkR1Z5Ym1WMElGTmxZM1Z5YVhSNUlGSmxjMlZoDQpjbU5vSUVkeWIzVndNUlV3RXdZRFZRUURFd3hKVTFKSElGSnZiM1FnV0RFd0hoY05NVFV3TmpBME1URXdORE00DQpXaGNOTXpVd05qQTBNVEV3TkRNNFdqQlBNUXN3Q1FZRFZRUUdFd0pWVXpFcE1DY0dBMVVFQ2hNZ1NXNTBaWEp1DQpaWFFnVTJWamRYSnBkSGtnVW1WelpXRnlZMmdnUjNKdmRYQXhGVEFUQmdOVkJBTVRERWxUVWtjZ1VtOXZkQ0JZDQpNVENDQWlJd0RRWUpLb1pJaHZjTkFRRUJCUUFEZ2dJUEFEQ0NBZ29DZ2dJQkFLM29KSFAwRkRmem01NHJWeWdjDQpoNzdjdDk4NGtJeHVQT1pYb0hqM2RjS2kvdlZxYnZZQVR5amIzbWlHYkVTVHRyRmovUlFTYTc4ZjB1b3hteUYrDQowVE04dWtqMTNYbmZzN2ovRXZFaG1rdkJpb1p4YVVwbVpteVBmanh3djYwcElnYno1TURtZ0s3aVM0KzNtWDZVDQpBNS9UUjVkOG1VZ2pVK2c0cms4S2I0TXUwVWxYaklCMHR0b3YwRGlOZXdOd0lSdDE4akE4K28rdTNkcGpxK3NXDQpUOEtPRVV0K3p3dm8vN1YzTHZTeWUwcmdUQklsREhDTkF5bWc0Vk1rN0JQWjdobS9FTE5LakQrSm8yRlIzcXlIDQpCNVQwWTNIc0x1SnZXNWlCNFlsY05IbHNkdTg3a0dKNTV0dWttaThteGRBUTRRN2UyUkNPRnZ1Mzk2ajN4K1VDDQpCNWlQTmdpVjUrSTNsZzAyZFo3N0RuS3hIWnU4QS9sSkJkaUIzUVcwS3RaQjZhd0JkcFVLRDlqZjFiMFNIelV2DQpLQmRzMHBqQnFBbGtkMjVITjdyT3JGbGVhSjEvY3RhSnhRWkJLVDVaUHQwbTlTVEpFYWRhbzB4QUgwYWhtYlduDQpPbEZ1aGp1ZWZYS25FZ1Y0V2UwK1VYZ1ZDd09QamRBdkJiSStlMG9jUzNNRkV2ekc2dUJRRTN4RGszU3p5blRuDQpqaDhCQ05BdzFGdHhOclFIdXNFd01GeEl0NEk3bUtaOVlJcWlveW1DekxxOWd3UWJvb01EUWFIV0JmRWJ3cmJ3DQpxSHlHTzBhb1NDcUkzSGFhZHI4ZmFxVTlHWS9yT1BOazNzZ3JEUW9vLy9mYjRoVkMxQ0xRSjEzaGVmNFk1M0NJDQpyVTdtMllzNnh0MG5VVzcvdkdUMU0wTlBBZ01CQUFHalFqQkFNQTRHQTFVZER3RUIvd1FFQXdJQkJqQVBCZ05WDQpIUk1CQWY4RUJUQURBUUgvTUIwR0ExVWREZ1FXQkJSNXRGbm1lN2JsNUFGemdBaUl5QnBZOXVtYmJqQU5CZ2txDQpoa2lHOXcwQkFRc0ZBQU9DQWdFQVZSOVlxYnl5cUZEUURMSFlHbWtnSnlrSXJHRjFYSXB1K0lMbGFTL1Y5bFpMDQp1Ymh6RUZuVElaZCs1MHh4KzdMU1lLMDVxQXZxRnlGV2hmRlFEbG5yenVCWjZickpGZStHblkrRWdQYms2WkdRDQozQmViWWh0RjhHYVYwbnh2d3VvNzd4L1B5OWF1Si9HcHNNaXUvWDErbXZvaUJPdi8yWC9xa1NzaXNSY09qL0tLDQpORnRZMlB3QnlWUzV1Q2JNaW9nemlVd3RoRHlDMys2V1Z3VzZMTHYzeExmSFRqdUN2akhJSW5Oemt0SENnS1E1DQpPUkF6STRKTVBKK0dzbFdZSGI0cGhvd2ltNTdpYXp0WE9vSndUZHdKeDRuTENnZE5iT2hkanNudnpxdkh1N1VyDQpUa1hXU3RBbXpPVnl5Z2hxcFpYakZhSDNwTzNKTEYrbCsvK3NLQUl1dnRkN3UrTnhlNUFXMHdkZVJsTjhOd2RDDQpqTlBFbHB6Vm1iVXE0SlVhZ0VpdVREa0h6c3hIcEZLVks3cTQrNjNTTTFOOTVSMU5iZFdoc2NkQ2IrWkFKelZjDQpveWkzQjQzbmpUT1E1eU9mKzFDY2VXeEcxYlFWczVadWZwc01sanE0VWkwLzFsdmgrd2pDaFA0a3FLT0oycXhxDQo0Umdxc2FoRFlWdlRIOXc3alhieUxlaU5kZDhYTTJ3OVUvdDd5MEZmLzl5aTBHRTQ0WmE0ckYyTE45ZDExVFBBDQptUkd1blVIQmNuV0V2Z0pCUWw5bkpFaVUwWnNudmdjL3ViaFBnWFJSNFhxMzdaMGo0cjdnMVNnRUV6d3hBNTdkDQplbXlQeGdjWXhuL2VSNDQvS0o0RUJzK2xWRFIzdmV5Sm0ra1hROTliMjEvK2poNVhvczFBblg1aUl0cmVHQ2M9DQotLS0tLUVORCBDRVJUSUZJQ0FURS0tLS0tDQoNCjwvY2E+DQoNCg0KIyMjIyMjIyMjIyMjIyMjIyMjIyMjIyMjIyMjIyMjIyMjIyMjIyMjIyMjIyMjIyMjIyMjIyMjIyMjIyMjIyMjIyMjIyMjIyMjIyMjIyMjIw0KIyBUaGUgY2xpZW50IGNlcnRpZmljYXRlIGZpbGUgKGR1bW15KS4NCiMgDQojIEluIHNvbWUgaW1wbGVtZW50YXRpb25zIG9mIE9wZW5WUE4gQ2xpZW50IHNvZnR3YXJlDQojIChmb3IgZXhhbXBsZTogT3BlblZQTiBDbGllbnQgZm9yIGlPUyksDQojIGEgcGFpciBvZiBjbGllbnQgY2VydGlmaWNhdGUgYW5kIHByaXZhdGUga2V5IG11c3QgYmUgaW5jbHVkZWQgb24gdGhlDQojIGNvbmZpZ3VyYXRpb24gZmlsZSBkdWUgdG8gdGhlIGxpbWl0YXRpb24gb2YgdGhlIGNsaWVudC4NCiMgU28gdGhpcyBzYW1wbGUgY29uZmlndXJhdGlvbiBmaWxlIGhhcyBhIGR1bW15IHBhaXIgb2YgY2xpZW50IGNlcnRpZmljYXRlDQojIGFuZCBwcml2YXRlIGtleSBhcyBmb2xsb3dzLg0KDQo8Y2VydD4NCi0tLS0tQkVHSU4gQ0VSVElGSUNBVEUtLS0tLQ0KTUlJQ3hqQ0NBYTRDQVFBd0RRWUpLb1pJaHZjTkFRRUZCUUF3S1RFYU1CZ0dBMVVFQXhNUlZsQk9SMkYwWlVOcw0KYVdWdWRFTmxjblF4Q3pBSkJnTlZCQVlUQWtwUU1CNFhEVEV6TURJeE1UQXpORGswT1ZvWERUTTNNREV4T1RBeg0KTVRRd04xb3dLVEVhTUJnR0ExVUVBeE1SVmxCT1IyRjBaVU5zYVdWdWRFTmxjblF4Q3pBSkJnTlZCQVlUQWtwUQ0KTUlJQklqQU5CZ2txaGtpRzl3MEJBUUVGQUFPQ0FROEFNSUlCQ2dLQ0FRRUE1aDJsZ1FRWVVqd29LWUpielZaQQ0KNVZjSUdkNW90UGMvcVpSTXQwS0l0Q0ZBMHM5UndSZU5WYTlmRFJGTFJCaGNJVE9sdjNGQmNXM0U4aDFVczdSRA0KNFc4R21KZTh6YXBKbkxzRDM5T1NNUkN6WkpuY3pXNE9DSDFQWlJaV0txRHRqbE5jYTlBRjhhNjVqVG1sRHhDUQ0KQ2pudExJV2s1T0xMVmtGdDkvdFNjYzFHRHRjaTU1b2ZoYU5BWU1QaUg3VjgrMWc2NnBHSFhBb1dLNkFRVkg2Nw0KWENLSm5HQjVubFErSHNNWVBWL080OUxkOTFaTi8ydEhrY2FMTHlOdHl3eFZQUlNzUmg0ODBqanUwZmNDc3Y2aA0KcC8weVhuVEIvL21XdXRCR3BkVWxJYndpSVRiQW1yc2JZbmppZ1J2blBxWDFSTkpVYmk5RnA2QzJjL0hJRkpHRA0KeXdJREFRQUJNQTBHQ1NxR1NJYjNEUUVCQlFVQUE0SUJBUUNoTzVoZ2N3LzRvV2ZvRUZMdTlrQmExQi8va3hIOA0KaFFrQ2hWTm44QlJDN1kwVVJRaXRQbDNES0VlZDlVUkJEZGcyS09Bejc3YmI2RU5QaWxpRCthMzhVSkhJUk1xZQ0KVUJIaGxsT0hJenZEaEhGYmFvdkFMQlFjZWVCemRrUXhzS1FFU0ttUW1SODMyOTUwVUNvdm95UkI2MVV5QVY3aA0KK21aaFlQR1JLWEtTSkk2czBFZ2cvQ3JpK0N3azRiakpmcmI1aFZzZTExeWg0RDlNSGh3U2ZDT0grMHo0aFBVVA0KRmt1N2RHYXZVUk81U1Z4TW4vc0w2RW41RCtvU2VYa2FkSHBEcytBaXJ5bTJZSGgxNWgwK2pQU09vUjZ5aVZwLw0KNnpaZVprck40M2t1UzczS3BLREZqZkZQaDh0NHIxZ09JanR0a05jUXFCY2N1c25wbFE3SEpwc2sNCi0tLS0tRU5EIENFUlRJRklDQVRFLS0tLS0NCg0KPC9jZXJ0Pg0KDQo8a2V5Pg0KLS0tLS1CRUdJTiBSU0EgUFJJVkFURSBLRVktLS0tLQ0KTUlJRXBBSUJBQUtDQVFFQTVoMmxnUVFZVWp3b0tZSmJ6VlpBNVZjSUdkNW90UGMvcVpSTXQwS0l0Q0ZBMHM5Ug0Kd1JlTlZhOWZEUkZMUkJoY0lUT2x2M0ZCY1czRThoMVVzN1JENFc4R21KZTh6YXBKbkxzRDM5T1NNUkN6WkpuYw0Kelc0T0NIMVBaUlpXS3FEdGpsTmNhOUFGOGE2NWpUbWxEeENRQ2pudExJV2s1T0xMVmtGdDkvdFNjYzFHRHRjaQ0KNTVvZmhhTkFZTVBpSDdWOCsxZzY2cEdIWEFvV0s2QVFWSDY3WENLSm5HQjVubFErSHNNWVBWL080OUxkOTFaTg0KLzJ0SGtjYUxMeU50eXd4VlBSU3NSaDQ4MGpqdTBmY0NzdjZocC8weVhuVEIvL21XdXRCR3BkVWxJYndpSVRiQQ0KbXJzYlluamlnUnZuUHFYMVJOSlViaTlGcDZDMmMvSElGSkdEeXdJREFRQUJBb0lCQUVSVjdYNUF2eEE4dVJpSw0KazhTSXBzRDBkWDFwSk9NSXdha1VWeXZjNEVmTjBEaEtSTmI0cllvU2lFR1RMeXpMcHlCYy9BMjhEbGttNWVPWQ0KZmp6WGZZa0d0WWkvRnR4a2czTzl2Y3JNUTQrNmkrdUdIYUlMMnJMK3M0TXJmTzh2MXh2NitXa3kzM0VFR0NvdQ0KUWl3VkdSRlFYblJvUTYyTkJDRmJVTkxobVh3ZGoxYWtaekxVNHA1UjR6QTNRaGR4d0VJYXRWTHQwKzdvd0xRMw0KbFA4c2ZYaHBwUE9YalRxTUQ0UWtZd3pQQWE4L3pGN2FjbjRrcnlyVVA3UTZQQWZkMHpFVnFOeTlaQ1o5ZmZobw0KelhlZEZqNDg2SUZvYzVnblRwMk42anNuVmo0TENHSWhsVkhsWUdvektLRnFKY1FWR3NIQ3FxMW96MnpqVzZMUw0Kb1JZSUhnRUNnWUVBOHpacmtDd05ZU1hKdU9ESjNtL2hPTFZ4Y3hnSnV3WG9pRXJXZDBFNDJ2UGFuampWTWhudA0KS1k1bDhxR01KNkZoSzlMWXgycUNyZi9FMFh0VUFaMndWcTNPUlR5R25zTVdyZTl0TFlzNTVYK1pOMTBUYzc1eg0KNGhhY2JVMGhxS04xSGlEbXNNUlkzLzJOYVpIb3k3TUtud0pKQmFHNDhsOUNDVGxWd01Ib2NJRUNnWUVBOGpieQ0KZEdqeFRIKzZYSFdOaXpiNVNSYlp4QW55RWVKZVJ3VE1oMGdHendHUHBIL3NaWUd6eXUwU3lTWFdDblpoM1JncQ0KNXVMbE54dHJYcmxqWmx5aTJuUWRRZ3NxMllyV1VzMCt6Z1UrMjJ1UXNacFNBZnRtaFZydHZldDZNalZqYkJ5WQ0KREFEY2lFVlVkSllJWGsrcW5GVUp5ZXJvTElrVGo3V1lLWjZSamtzQ2dZQm9DRkl3UkRlZzQyb0s4OVJGbW5Pcg0KTHltTkFxNCsyb01oc1dsVmI0ZWpXSVdlQWs5bmMrR1hVZnJYc3pSaFMwMW1VblU1cjV5Z1V2UmNhclYvVDNVNw0KVG5NWitJN1k0RGdXUklEZDUxem5oeElCdFlWNWovQy90ODVIanFPa0grOGI2UlRrYmNoYVgzbWF1N2ZwVWZkcw0KRnEwbmhJcTQyZmhFTzhzcmZZWXdnUUtCZ1FDeWhpMU4vOHRhUndwayszL0lERXpRd2piZmR6VWtXV1NEazlYcw0KSC9wa3VSSFdmVE1QM2ZsV3FFWWdXL0xXNDBwZVcySERxNWltZFY4K0FnWnhlL1hNYmFqaTlMZ3dmMVJZMDA1bg0KS3hhWlF6N3lxSHVwV2xMR0Y2OERQSHhrWlZWU2FnRG5WL3N6dFdYNlNGc0NxRlZueElYaWZYR0M0Y1c1Tm05Zw0KdmE4cTRRS0JnUUNFaExWZVVmZHdLdmtaOTRnL0dGejczMVoyaHJkVmhnTVphVS91NnQwVjk1K1llelBOQ1FaQg0Kd21FOU1tbGJxMWVtRGVST2l2akNmb0doUjNrWlhXMXBUS2xMaDZaTVVRVU9wcHRkWHZhOFh4Zm9xUXdhM2VuQQ0KTTdtdUJiRjBYTjdWTzgwaUpQditQbUlaZEVJQWtwd0tmaTIwMVlCK0JhZkNJdUd4SUY1MFZnPT0NCi0tLS0tRU5EIFJTQSBQUklWQVRFIEtFWS0tLS0tDQoNCjwva2V5Pg0KDQo=
vpn803193461,195.191.231.6,481687,64,300517952,Russian Federation,RU,0,21947507,18904,3206970050222,2weeks,WIN-7ILA8NE9AHA's owner,,IyMjIyMjIyMjIyMjIyMjIyMjIyMjIyMjIyMjIyMjIyMjIyMjIyMjIyMjIyMjIyMjIyMjIyMjIyMjIyMjIyMjIyMjIyMjIyMjIyMjIyMjIw0KIyBPcGVuVlBOIDIuMCBTYW1wbGUgQ29uZmlndXJhdGlvbiBGaWxlDQojIGZvciBQYWNrZXRpWCBWUE4gLyBTb2Z0RXRoZXIgVlBOIFNlcnZlcg0KIyANCiMgISEhIEFVVE8tR0VORVJBVEVEIEJZIFNPRlRFVEhFUiBWUE4gU0VSVkVSIE1BTkFHRU1FTlQgVE9PTCAhISENCiMgDQojICEhISBZT1UgSEFWRSBUTyBSRVZJRVcgSVQgQkVGT1JFIFVTRSBBTkQgTU9ESUZZIElUIEFTIE5FQ0VTU0FSWSAhISENCiMgDQojIFRoaXMgY29uZmlndXJhdGlvbiBmaWxlIGlzIGF1dG8tZ2VuZXJhdGVkLiBZb3UgbWlnaHQgdXNlIHRoaXMgY29uZmlnIGZpbGUNCiMgaW4gb3JkZXIgdG8gY29ubmVjdCB0byB0aGUgUGFja2V0aVggVlBOIC8gU29mdEV0aGVyIFZQTiBTZXJ2ZXIuDQojIEhvd2V2ZXIsIGJlZm9yZSB5b3UgdHJ5IGl0LCB5b3Ugc2hvdWxkIHJldmlldyB0aGUgZGVzY3JpcHRpb25zIG9mIHRoZSBmaWxlDQojIHRvIGRldGVybWluZSB0aGUgbmVjZXNzaXR5IHRvIG1vZGlmeSB0byBzdWl0YWJsZSBmb3IgeW91ciByZWFsIGVudmlyb25tZW50Lg0KIyBJZiBuZWNlc3NhcnksIHlvdSBoYXZlIHRvIG1vZGlmeSBhIGxpdHRsZSBhZGVxdWF0ZWx5IG9uIHRoZSBmaWxlLg0KIyBGb3IgZXhhbXBsZSwgdGhlIElQIGFkZHJlc3Mgb3IgdGhlIGhvc3RuYW1lIGFzIGEgZGVzdGluYXRpb24gVlBOIFNlcnZlcg0KIyBzaG91bGQgYmUgY29uZmlybWVkLg0KIyANCiMgTm90ZSB0aGF0IHRvIHVzZSBPcGVuVlBOIDIuMCwgeW91IGhhdmUgdG8gcHV0IHRoZSBjZXJ0aWZpY2F0aW9uIGZpbGUgb2YNCiMgdGhlIGRlc3RpbmF0aW9uIFZQTiBTZXJ2ZXIgb24gdGhlIE9wZW5WUE4gQ2xpZW50IGNvbXB1dGVyIHdoZW4geW91IHVzZSB0aGlzDQojIGNvbmZpZyBmaWxlLiBQbGVhc2UgcmVmZXIgdGhlIGJlbG93IGRlc2NyaXB0aW9ucyBjYXJlZnVsbHkuDQoNCg0KIyMjIyMjIyMjIyMjIyMjIyMjIyMjIyMjIyMjIyMjIyMjIyMjIyMjIyMjIyMjIyMjIyMjIyMjIyMjIyMjIyMjIyMjIyMjIyMjIyMjIyMjIw0KIyBTcGVjaWZ5IHRoZSB0eXBlIG9mIHRoZSBsYXllciBvZiB0aGUgVlBOIGNvbm5lY3Rpb24uDQojIA0KIyBUbyBjb25uZWN0IHRvIHRoZSBWUE4gU2VydmVyIGFzIGEgIlJlbW90ZS1BY2Nlc3MgVlBOIENsaWVudCBQQyIsDQojICBzcGVjaWZ5ICdkZXYgdHVuJy4gKExheWVyLTMgSVAgUm91dGluZyBNb2RlKQ0KIw0KIyBUbyBjb25uZWN0IHRvIHRoZSBWUE4gU2VydmVyIGFzIGEgYnJpZGdpbmcgZXF1aXBtZW50IG9mICJTaXRlLXRvLVNpdGUgVlBOIiwNCiMgIHNwZWNpZnkgJ2RldiB0YXAnLiAoTGF5ZXItMiBFdGhlcm5ldCBCcmlkZ2luZSBNb2RlKQ0KDQpkZXYgdHVuDQoNCg0KIyMjIyMjIyMjIyMjIyMjIyMjIyMjIyMjIyMjIyMjIyMjIyMjIyMjIyMjIyMjIyMjIyMjIyMjIyMjIyMjIyMjIyMjIyMjIyMjIyMjIyMjIw0KIyBTcGVjaWZ5IHRoZSB1bmRlcmx5aW5nIHByb3RvY29sIGJleW9uZCB0aGUgSW50ZXJuZXQuDQojIE5vdGUgdGhhdCB0aGlzIHNldHRpbmcgbXVzdCBiZSBjb3JyZXNwb25kIHdpdGggdGhlIGxpc3RlbmluZyBzZXR0aW5nIG9uDQojIHRoZSBWUE4gU2VydmVyLg0KIyANCiMgU3BlY2lmeSBlaXRoZXIgJ3Byb3RvIHRjcCcgb3IgJ3Byb3RvIHVkcCcuDQoNCnByb3RvIHVkcA0KDQoNCiMjIyMjIyMjIyMjIyMjIyMjIyMjIyMjIyMjIyMjIyMjIyMjIyMjIyMjIyMjIyMjIyMjIyMjIyMjIyMjIyMjIyMjIyMjIyMjIyMjIyMjIyMNCiMgVGhlIGRlc3RpbmF0aW9uIGhvc3RuYW1lIC8gSVAgYWRkcmVzcywgYW5kIHBvcnQgbnVtYmVyIG9mDQojIHRoZSB0YXJnZXQgVlBOIFNlcnZlci4NCiMgDQojIFlvdSBoYXZlIHRvIHNwZWNpZnkgYXMgJ3JlbW90ZSA8SE9TVE5BTUU+IDxQT1JUPicuIFlvdSBjYW4gYWxzbw0KIyBzcGVjaWZ5IHRoZSBJUCBhZGRyZXNzIGluc3RlYWQgb2YgdGhlIGhvc3RuYW1lLg0KIyANCiMgTm90ZSB0aGF0IHRoZSBhdXRvLWdlbmVyYXRlZCBiZWxvdyBob3N0bmFtZSBhcmUgYSAiYXV0by1kZXRlY3RlZA0KIyBJUCBhZGRyZXNzIiBvZiB0aGUgVlBOIFNlcnZlci4gWW91IGhhdmUgdG8gY29uZmlybSB0aGUgY29ycmVjdG5lc3MNCiMgYmVmb3JlaGFuZC4NCiMgDQojIFdoZW4geW91IHdhbnQgdG8gY29ubmVjdCB0byB0aGUgVlBOIFNlcnZlciBieSB1c2luZyBUQ1AgcHJvdG9jb2wsDQojIHRoZSBwb3J0IG51bWJlciBvZiB0aGUgZGVzdGluYXRpb24gVENQIHBvcnQgc2hvdWxkIGJlIHNhbWUgYXMgb25lIG9mDQojIHRoZSBhdmFpbGFibGUgVENQIGxpc3RlbmVycyBvbiB0aGUgVlBOIFNlcnZlci4NCiMgDQojIFdoZW4geW91IHVzZSBVRFAgcHJvdG9jb2wsIHRoZSBwb3J0IG51bWJlciBtdXN0IHNhbWUgYXMgdGhlIGNvbmZpZ3VyYXRpb24NCiMgc2V0dGluZyBvZiAiT3BlblZQTiBTZXJ2ZXIgQ29tcGF0aWJsZSBGdW5jdGlvbiIgb24gdGhlIFZQTiBTZXJ2ZXIuDQoNCnJlbW90ZSAxOTUuMTkxLjIzMS42IDI1NDMNCg0KDQojIyMjIyMjIyMjIyMjIyMjIyMjIyMjIyMjIyMjIyMjIyMjIyMjIyMjIyMjIyMjIyMjIyMjIyMjIyMjIyMjIyMjIyMjIyMjIyMjIyMjIyMjDQojIFRoZSBIVFRQL0hUVFBTIHByb3h5IHNldHRpbmcuDQojIA0KIyBPbmx5IGlmIHlvdSBoYXZlIHRvIHVzZSB0aGUgSW50ZXJuZXQgdmlhIGEgcHJveHksIHVuY29tbWVudCB0aGUgYmVsb3cNCiMgdHdvIGxpbmVzIGFuZCBzcGVjaWZ5IHRoZSBwcm94eSBhZGRyZXNzIGFuZCB0aGUgcG9ydCBudW1iZXIuDQojIEluIHRoZSBjYXNlIG9mIHVzaW5nIHByb3h5LWF1dGhlbnRpY2F0aW9uLCByZWZlciB0aGUgT3BlblZQTiBtYW51YWwuDQoNCjtodHRwLXByb3h5LXJldHJ5DQo7aHR0cC1wcm94eSBbcHJveHkgc2VydmVyXSBbcHJveHkgcG9ydF0NCg0KDQojIyMjIyMjIyMjIyMjIyMjIyMjIyMjIyMjIyMjIyMjIyMjIyMjIyMjIyMjIyMjIyMjIyMjIyMjIyMjIyMjIyMjIyMjIyMjIyMjIyMjIyMjDQojIFRoZSBlbmNyeXB0aW9uIGFuZCBhdXRoZW50aWNhdGlvbiBhbGdvcml0aG0uDQojIA0KIyBEZWZhdWx0IHNldHRpbmcgaXMgZ29vZC4gTW9kaWZ5IGl0IGFzIHlvdSBwcmVmZXIuDQojIFdoZW4geW91IHNwZWNpZnkgYW4gdW5zdXBwb3J0ZWQgYWxnb3JpdGhtLCB0aGUgZXJyb3Igd2lsbCBvY2N1ci4NCiMgDQojIFRoZSBzdXBwb3J0ZWQgYWxnb3JpdGhtcyBhcmUgYXMgZm9sbG93czoNCiMgIGNpcGhlcjogW05VTEwtQ0lQSEVSXSBOVUxMIEFFUy0xMjgtQ0JDIEFFUy0xOTItQ0JDIEFFUy0yNTYtQ0JDIEJGLUNCQw0KIyAgICAgICAgICBDQVNULUNCQyBDQVNUNS1DQkMgREVTLUNCQyBERVMtRURFLUNCQyBERVMtRURFMy1DQkMgREVTWC1DQkMNCiMgICAgICAgICAgUkMyLTQwLUNCQyBSQzItNjQtQ0JDIFJDMi1DQkMNCiMgIGF1dGg6ICAgU0hBIFNIQTEgTUQ1IE1ENCBSTUQxNjANCg0KY2lwaGVyIEFFUy0xMjgtQ0JDDQphdXRoIFNIQTENCg0KDQojIyMjIyMjIyMjIyMjIyMjIyMjIyMjIyMjIyMjIyMjIyMjIyMjIyMjIyMjIyMjIyMjIyMjIyMjIyMjIyMjIyMjIyMjIyMjIyMjIyMjIyMjDQojIE90aGVyIHBhcmFtZXRlcnMgbmVjZXNzYXJ5IHRvIGNvbm5lY3QgdG8gdGhlIFZQTiBTZXJ2ZXIuDQojIA0KIyBJdCBpcyBub3QgcmVjb21tZW5kZWQgdG8gbW9kaWZ5IGl0IHVubGVzcyB5b3UgaGF2ZSBhIHBhcnRpY3VsYXIgbmVlZC4NCg0KcmVzb2x2LXJldHJ5IGluZmluaXRlDQpub2JpbmQNCnBlcnNpc3Qta2V5DQpwZXJzaXN0LXR1bg0KY2xpZW50DQp2ZXJiIDMNCiNhdXRoLXVzZXItcGFzcw0KDQoNCiMjIyMjIyMjIyMjIyMjIyMjIyMjIyMjIyMjIyMjIyMjIyMjIyMjIyMjIyMjIyMjIyMjIyMjIyMjIyMjIyMjIyMjIyMjIyMjIyMjIyMjIyMNCiMgVGhlIGNlcnRpZmljYXRlIGZpbGUgb2YgdGhlIGRlc3RpbmF0aW9uIFZQTiBTZXJ2ZXIuDQojIA0KIyBUaGUgQ0EgY2VydGlmaWNhdGUgZmlsZSBpcyBlbWJlZGRlZCBpbiB0aGUgaW5saW5lIGZvcm1hdC4NCiMgWW91IGNhbiByZXBsYWNlIHRoaXMgQ0EgY29udGVudHMgaWYgbmVjZXNzYXJ5Lg0KIyBQbGVhc2Ugbm90ZSB0aGF0IGlmIHRoZSBzZXJ2ZXIgY2VydGlmaWNhdGUgaXMgbm90IGEgc2VsZi1zaWduZWQsIHlvdSBoYXZlIHRvDQojIHNwZWNpZnkgdGhlIHNpZ25lcidzIHJvb3QgY2VydGlmaWNhdGUgKENBKSBoZXJlLg0KDQo8Y2E+DQotLS0tLUJFR0lOIENFUlRJRklDQVRFLS0tLS0NCk1JSUZhekNDQTFPZ0F3SUJBZ0lSQUlJUXo3RFNRT05aUkdQZ3UyT0Npd0F3RFFZSktvWklodmNOQVFFTEJRQXcNClR6RUxNQWtHQTFVRUJoTUNWVk14S1RBbkJnTlZCQW9USUVsdWRHVnlibVYwSUZObFkzVnlhWFI1SUZKbGMyVmgNCmNtTm9JRWR5YjNWd01SVXdFd1lEVlFRREV3eEpVMUpISUZKdmIzUWdXREV3SGhjTk1UVXdOakEwTVRFd05ETTQNCldoY05NelV3TmpBME1URXdORE00V2pCUE1Rc3dDUVlEVlFRR0V3SlZVekVwTUNjR0ExVUVDaE1nU1c1MFpYSnUNClpYUWdVMlZqZFhKcGRIa2dVbVZ6WldGeVkyZ2dSM0p2ZFhBeEZUQVRCZ05WQkFNVERFbFRVa2NnVW05dmRDQlkNCk1UQ0NBaUl3RFFZSktvWklodmNOQVFFQkJRQURnZ0lQQURDQ0Fnb0NnZ0lCQUszb0pIUDBGRGZ6bTU0clZ5Z2MNCmg3N2N0OTg0a0l4dVBPWlhvSGozZGNLaS92VnFidllBVHlqYjNtaUdiRVNUdHJGai9SUVNhNzhmMHVveG15RisNCjBUTTh1a2oxM1huZnM3ai9FdkVobWt2QmlvWnhhVXBtWm15UGZqeHd2NjBwSWdiejVNRG1nSzdpUzQrM21YNlUNCkE1L1RSNWQ4bVVnalUrZzRyazhLYjRNdTBVbFhqSUIwdHRvdjBEaU5ld053SVJ0MThqQTgrbyt1M2RwanErc1cNClQ4S09FVXQrend2by83VjNMdlN5ZTByZ1RCSWxESENOQXltZzRWTWs3QlBaN2htL0VMTktqRCtKbzJGUjNxeUgNCkI1VDBZM0hzTHVKdlc1aUI0WWxjTkhsc2R1ODdrR0o1NXR1a21pOG14ZEFRNFE3ZTJSQ09GdnUzOTZqM3grVUMNCkI1aVBOZ2lWNStJM2xnMDJkWjc3RG5LeEhadThBL2xKQmRpQjNRVzBLdFpCNmF3QmRwVUtEOWpmMWIwU0h6VXYNCktCZHMwcGpCcUFsa2QyNUhON3JPckZsZWFKMS9jdGFKeFFaQktUNVpQdDBtOVNUSkVhZGFvMHhBSDBhaG1iV24NCk9sRnVoanVlZlhLbkVnVjRXZTArVVhnVkN3T1BqZEF2QmJJK2Uwb2NTM01GRXZ6RzZ1QlFFM3hEazNTenluVG4NCmpoOEJDTkF3MUZ0eE5yUUh1c0V3TUZ4SXQ0STdtS1o5WUlxaW95bUN6THE5Z3dRYm9vTURRYUhXQmZFYndyYncNCnFIeUdPMGFvU0NxSTNIYWFkcjhmYXFVOUdZL3JPUE5rM3NnckRRb28vL2ZiNGhWQzFDTFFKMTNoZWY0WTUzQ0kNCnJVN20yWXM2eHQwblVXNy92R1QxTTBOUEFnTUJBQUdqUWpCQU1BNEdBMVVkRHdFQi93UUVBd0lCQmpBUEJnTlYNCkhSTUJBZjhFQlRBREFRSC9NQjBHQTFVZERnUVdCQlI1dEZubWU3Ymw1QUZ6Z0FpSXlCcFk5dW1iYmpBTkJna3ENCmhraUc5dzBCQVFzRkFBT0NBZ0VBVlI5WXFieXlxRkRRRExIWUdta2dKeWtJckdGMVhJcHUrSUxsYVMvVjlsWkwNCnViaHpFRm5USVpkKzUweHgrN0xTWUswNXFBdnFGeUZXaGZGUURsbnJ6dUJaNmJySkZlK0duWStFZ1BiazZaR1ENCjNCZWJZaHRGOEdhVjBueHZ3dW83N3gvUHk5YXVKL0dwc01pdS9YMSttdm9pQk92LzJYL3FrU3Npc1JjT2ovS0sNCk5GdFkyUHdCeVZTNXVDYk1pb2d6aVV3dGhEeUMzKzZXVndXNkxMdjN4TGZIVGp1Q3ZqSElJbk56a3RIQ2dLUTUNCk9SQXpJNEpNUEorR3NsV1lIYjRwaG93aW01N2lhenRYT29Kd1Rkd0p4NG5MQ2dkTmJPaGRqc252enF2SHU3VXINClRrWFdTdEFtek9WeXlnaHFwWlhqRmFIM3BPM0pMRitsKy8rc0tBSXV2dGQ3dStOeGU1QVcwd2RlUmxOOE53ZEMNCmpOUEVscHpWbWJVcTRKVWFnRWl1VERrSHpzeEhwRktWSzdxNCs2M1NNMU45NVIxTmJkV2hzY2RDYitaQUp6VmMNCm95aTNCNDNualRPUTV5T2YrMUNjZVd4RzFiUVZzNVp1ZnBzTWxqcTRVaTAvMWx2aCt3akNoUDRrcUtPSjJxeHENCjRSZ3FzYWhEWVZ2VEg5dzdqWGJ5TGVpTmRkOFhNMnc5VS90N3kwRmYvOXlpMEdFNDRaYTRyRjJMTjlkMTFUUEENCm1SR3VuVUhCY25XRXZnSkJRbDluSkVpVTBac252Z2MvdWJoUGdYUlI0WHEzN1owajRyN2cxU2dFRXp3eEE1N2QNCmVteVB4Z2NZeG4vZVI0NC9LSjRFQnMrbFZEUjN2ZXlKbStrWFE5OWIyMS8ramg1WG9zMUFuWDVpSXRyZUdDYz0NCi0tLS0tRU5EIENFUlRJRklDQVRFLS0tLS0NCg0KPC9jYT4NCg0KDQojIyMjIyMjIyMjIyMjIyMjIyMjIyMjIyMjIyMjIyMjIyMjIyMjIyMjIyMjIyMjIyMjIyMjIyMjIyMjIyMjIyMjIyMjIyMjIyMjIyMjIyMjDQojIFRoZSBjbGllbnQgY2VydGlmaWNhdGUgZmlsZSAoZHVtbXkpLg0KIyANCiMgSW4gc29tZSBpbXBsZW1lbnRhdGlvbnMgb2YgT3BlblZQTiBDbGllbnQgc29mdHdhcmUNCiMgKGZvciBleGFtcGxlOiBPcGVuVlBOIENsaWVudCBmb3IgaU9TKSwNCiMgYSBwYWlyIG9mIGNsaWVudCBjZXJ0aWZpY2F0ZSBhbmQgcHJpdmF0ZSBrZXkgbXVzdCBiZSBpbmNsdWRlZCBvbiB0aGUNCiMgY29uZmlndXJhdGlvbiBmaWxlIGR1ZSB0byB0aGUgbGltaXRhdGlvbiBvZiB0aGUgY2xpZW50Lg0KIyBTbyB0aGlzIHNhbXBsZSBjb25maWd1cmF0aW9uIGZpbGUgaGFzIGEgZHVtbXkgcGFpciBvZiBjbGllbnQgY2VydGlmaWNhdGUNCiMgYW5kIHByaXZhdGUga2V5IGFzIGZvbGxvd3MuDQoNCjxjZXJ0Pg0KLS0tLS1CRUdJTiBDRVJUSUZJQ0FURS0tLS0tDQpNSUlDeGpDQ0FhNENBUUF3RFFZSktvWklodmNOQVFFRkJRQXdLVEVhTUJnR0ExVUVBeE1SVmxCT1IyRjBaVU5zDQphV1Z1ZEVObGNuUXhDekFKQmdOVkJBWVRBa3BRTUI0WERURXpNREl4TVRBek5EazBPVm9YRFRNM01ERXhPVEF6DQpNVFF3TjFvd0tURWFNQmdHQTFVRUF4TVJWbEJPUjJGMFpVTnNhV1Z1ZEVObGNuUXhDekFKQmdOVkJBWVRBa3BRDQpNSUlCSWpBTkJna3Foa2lHOXcwQkFRRUZBQU9DQVE4QU1JSUJDZ0tDQVFFQTVoMmxnUVFZVWp3b0tZSmJ6VlpBDQo1VmNJR2Q1b3RQYy9xWlJNdDBLSXRDRkEwczlSd1JlTlZhOWZEUkZMUkJoY0lUT2x2M0ZCY1czRThoMVVzN1JEDQo0VzhHbUplOHphcEpuTHNEMzlPU01SQ3paSm5jelc0T0NIMVBaUlpXS3FEdGpsTmNhOUFGOGE2NWpUbWxEeENRDQpDam50TElXazVPTExWa0Z0OS90U2NjMUdEdGNpNTVvZmhhTkFZTVBpSDdWOCsxZzY2cEdIWEFvV0s2QVFWSDY3DQpYQ0tKbkdCNW5sUStIc01ZUFYvTzQ5TGQ5MVpOLzJ0SGtjYUxMeU50eXd4VlBSU3NSaDQ4MGpqdTBmY0NzdjZoDQpwLzB5WG5UQi8vbVd1dEJHcGRVbElid2lJVGJBbXJzYlluamlnUnZuUHFYMVJOSlViaTlGcDZDMmMvSElGSkdEDQp5d0lEQVFBQk1BMEdDU3FHU0liM0RRRUJCUVVBQTRJQkFRQ2hPNWhnY3cvNG9XZm9FRkx1OWtCYTFCLy9reEg4DQpoUWtDaFZObjhCUkM3WTBVUlFpdFBsM0RLRWVkOVVSQkRkZzJLT0F6NzdiYjZFTlBpbGlEK2EzOFVKSElSTXFlDQpVQkhobGxPSEl6dkRoSEZiYW92QUxCUWNlZUJ6ZGtReHNLUUVTS21RbVI4MzI5NTBVQ292b3lSQjYxVXlBVjdoDQorbVpoWVBHUktYS1NKSTZzMEVnZy9DcmkrQ3drNGJqSmZyYjVoVnNlMTF5aDREOU1IaHdTZkNPSCswejRoUFVUDQpGa3U3ZEdhdlVSTzVTVnhNbi9zTDZFbjVEK29TZVhrYWRIcERzK0FpcnltMllIaDE1aDAralBTT29SNnlpVnAvDQo2elplWmtyTjQza3VTNzNLcEtERmpmRlBoOHQ0cjFnT0lqdHRrTmNRcUJjY3VzbnBsUTdISnBzaw0KLS0tLS1FTkQgQ0VSVElGSUNBVEUtLS0tLQ0KDQo8L2NlcnQ+DQoNCjxrZXk+DQotLS0tLUJFR0lOIFJTQSBQUklWQVRFIEtFWS0tLS0tDQpNSUlFcEFJQkFBS0NBUUVBNWgybGdRUVlVandvS1lKYnpWWkE1VmNJR2Q1b3RQYy9xWlJNdDBLSXRDRkEwczlSDQp3UmVOVmE5ZkRSRkxSQmhjSVRPbHYzRkJjVzNFOGgxVXM3UkQ0VzhHbUplOHphcEpuTHNEMzlPU01SQ3paSm5jDQp6VzRPQ0gxUFpSWldLcUR0amxOY2E5QUY4YTY1alRtbER4Q1FDam50TElXazVPTExWa0Z0OS90U2NjMUdEdGNpDQo1NW9maGFOQVlNUGlIN1Y4KzFnNjZwR0hYQW9XSzZBUVZINjdYQ0tKbkdCNW5sUStIc01ZUFYvTzQ5TGQ5MVpODQovMnRIa2NhTEx5TnR5d3hWUFJTc1JoNDgwamp1MGZjQ3N2NmhwLzB5WG5UQi8vbVd1dEJHcGRVbElid2lJVGJBDQptcnNiWW5qaWdSdm5QcVgxUk5KVWJpOUZwNkMyYy9ISUZKR0R5d0lEQVFBQkFvSUJBRVJWN1g1QXZ4QTh1UmlLDQprOFNJcHNEMGRYMXBKT01Jd2FrVVZ5dmM0RWZOMERoS1JOYjRyWW9TaUVHVEx5ekxweUJjL0EyOERsa201ZU9ZDQpmanpYZllrR3RZaS9GdHhrZzNPOXZjck1RNCs2aSt1R0hhSUwyckwrczRNcmZPOHYxeHY2K1dreTMzRUVHQ291DQpRaXdWR1JGUVhuUm9RNjJOQkNGYlVOTGhtWHdkajFha1p6TFU0cDVSNHpBM1FoZHh3RUlhdFZMdDArN293TFEzDQpsUDhzZlhocHBQT1hqVHFNRDRRa1l3elBBYTgvekY3YWNuNGtyeXJVUDdRNlBBZmQwekVWcU55OVpDWjlmZmhvDQp6WGVkRmo0ODZJRm9jNWduVHAyTjZqc25WajRMQ0dJaGxWSGxZR296S0tGcUpjUVZHc0hDcXExb3oyempXNkxTDQpvUllJSGdFQ2dZRUE4elpya0N3TllTWEp1T0RKM20vaE9MVnhjeGdKdXdYb2lFcldkMEU0MnZQYW5qalZNaG50DQpLWTVsOHFHTUo2RmhLOUxZeDJxQ3JmL0UwWHRVQVoyd1ZxM09SVHlHbnNNV3JlOXRMWXM1NVgrWk4xMFRjNzV6DQo0aGFjYlUwaHFLTjFIaURtc01SWTMvMk5hWkhveTdNS253SkpCYUc0OGw5Q0NUbFZ3TUhvY0lFQ2dZRUE4amJ5DQpkR2p4VEgrNlhIV05pemI1U1JiWnhBbnlFZUplUndUTWgwZ0d6d0dQcEgvc1pZR3p5dTBTeVNYV0NuWmgzUmdxDQo1dUxsTnh0clhybGpabHlpMm5RZFFnc3EyWXJXVXMwK3pnVSsyMnVRc1pwU0FmdG1oVnJ0dmV0Nk1qVmpiQnlZDQpEQURjaUVWVWRKWUlYaytxbkZVSnllcm9MSWtUajdXWUtaNlJqa3NDZ1lCb0NGSXdSRGVnNDJvSzg5UkZtbk9yDQpMeW1OQXE0KzJvTWhzV2xWYjRlaldJV2VBazluYytHWFVmclhzelJoUzAxbVVuVTVyNXlnVXZSY2FyVi9UM1U3DQpUbk1aK0k3WTREZ1dSSURkNTF6bmh4SUJ0WVY1ai9DL3Q4NUhqcU9rSCs4YjZSVGtiY2hhWDNtYXU3ZnBVZmRzDQpGcTBuaElxNDJmaEVPOHNyZllZd2dRS0JnUUN5aGkxTi84dGFSd3BrKzMvSURFelF3amJmZHpVa1dXU0RrOVhzDQpIL3BrdVJIV2ZUTVAzZmxXcUVZZ1cvTFc0MHBlVzJIRHE1aW1kVjgrQWdaeGUvWE1iYWppOUxnd2YxUlkwMDVuDQpLeGFaUXo3eXFIdXBXbExHRjY4RFBIeGtaVlZTYWdEblYvc3p0V1g2U0ZzQ3FGVm54SVhpZlhHQzRjVzVObTlnDQp2YThxNFFLQmdRQ0VoTFZlVWZkd0t2a1o5NGcvR0Z6NzMxWjJocmRWaGdNWmFVL3U2dDBWOTUrWWV6UE5DUVpCDQp3bUU5TW1sYnExZW1EZVJPaXZqQ2ZvR2hSM2taWFcxcFRLbExoNlpNVVFVT3BwdGRYdmE4WHhmb3FRd2EzZW5BDQpNN211QmJGMFhON1ZPODBpSlB2K1BtSVpkRUlBa3B3S2ZpMjAxWUIrQmFmQ0l1R3hJRjUwVmc9PQ0KLS0tLS1FTkQgUlNBIFBSSVZBVEUgS0VZLS0tLS0NCg0KPC9rZXk+DQoNCg==
vpn384669156,86.102.0.208,461534,71,301192552,Russian Federation,RU,0,0,183,23970714884,2weeks,DESKTOP-9506QPV's owner,,IyMjIyMjIyMjIyMjIyMjIyMjIyMjIyMjIyMjIyMjIyMjIyMjIyMjIyMjIyMjIyMjIyMjIyMjIyMjIyMjIyMjIyMjIyMjIyMjIyMjIyMjIw0KIyBPcGVuVlBOIDIuMCBTYW1wbGUgQ29uZmlndXJhdGlvbiBGaWxlDQojIGZvciBQYWNrZXRpWCBWUE4gLyBTb2Z0RXRoZXIgVlBOIFNlcnZlcg0KIyANCiMgISEhIEFVVE8tR0VORVJBVEVEIEJZIFNPRlRFVEhFUiBWUE4gU0VSVkVSIE1BTkFHRU1FTlQgVE9PTCAhISENCiMgDQojICEhISBZT1UgSEFWRSBUTyBSRVZJRVcgSVQgQkVGT1JFIFVTRSBBTkQgTU9ESUZZIElUIEFTIE5FQ0VTU0FSWSAhISENCiMgDQojIFRoaXMgY29uZmlndXJhdGlvbiBmaWxlIGlzIGF1dG8tZ2VuZXJhdGVkLiBZb3UgbWlnaHQgdXNlIHRoaXMgY29uZmlnIGZpbGUNCiMgaW4gb3JkZXIgdG8gY29ubmVjdCB0byB0aGUgUGFja2V0aVggVlBOIC8gU29mdEV0aGVyIFZQTiBTZXJ2ZXIuDQojIEhvd2V2ZXIsIGJlZm9yZSB5b3UgdHJ5IGl0LCB5b3Ugc2hvdWxkIHJldmlldyB0aGUgZGVzY3JpcHRpb25zIG9mIHRoZSBmaWxlDQojIHRvIGRldGVybWluZSB0aGUgbmVjZXNzaXR5IHRvIG1vZGlmeSB0byBzdWl0YWJsZSBmb3IgeW91ciByZWFsIGVudmlyb25tZW50Lg0KIyBJZiBuZWNlc3NhcnksIHlvdSBoYXZlIHRvIG1vZGlmeSBhIGxpdHRsZSBhZGVxdWF0ZWx5IG9uIHRoZSBmaWxlLg0KIyBGb3IgZXhhbXBsZSwgdGhlIElQIGFkZHJlc3Mgb3IgdGhlIGhvc3RuYW1lIGFzIGEgZGVzdGluYXRpb24gVlBOIFNlcnZlcg0KIyBzaG91bGQgYmUgY29uZmlybWVkLg0KIyANCiMgTm90ZSB0aGF0IHRvIHVzZSBPcGVuVlBOIDIuMCwgeW91IGhhdmUgdG8gcHV0IHRoZSBjZXJ0aWZpY2F0aW9uIGZpbGUgb2YNCiMgdGhlIGRlc3RpbmF0aW9uIFZQTiBTZXJ2ZXIgb24gdGhlIE9wZW5WUE4gQ2xpZW50IGNvbXB1dGVyIHdoZW4geW91IHVzZSB0aGlzDQojIGNvbmZpZyBmaWxlLiBQbGVhc2UgcmVmZXIgdGhlIGJlbG93IGRlc2NyaXB0aW9ucyBjYXJlZnVsbHkuDQoNCg0KIyMjIyMjIyMjIyMjIyMjIyMjIyMjIyMjIyMjIyMjIyMjIyMjIyMjIyMjIyMjIyMjIyMjIyMjIyMjIyMjIyMjIyMjIyMjIyMjIyMjIyMjIw0KIyBTcGVjaWZ5IHRoZSB0eXBlIG9mIHRoZSBsYXllciBvZiB0aGUgVlBOIGNvbm5lY3Rpb24uDQojIA0KIyBUbyBjb25uZWN0IHRvIHRoZSBWUE4gU2VydmVyIGFzIGEgIlJlbW90ZS1BY2Nlc3MgVlBOIENsaWVudCBQQyIsDQojICBzcGVjaWZ5ICdkZXYgdHVuJy4gKExheWVyLTMgSVAgUm91dGluZyBNb2RlKQ0KIw0KIyBUbyBjb25uZWN0IHRvIHRoZSBWUE4gU2VydmVyIGFzIGEgYnJpZGdpbmcgZXF1aXBtZW50IG9mICJTaXRlLXRvLVNpdGUgVlBOIiwNCiMgIHNwZWNpZnkgJ2RldiB0YXAnLiAoTGF5ZXItMiBFdGhlcm5ldCBCcmlkZ2luZSBNb2RlKQ0KDQpkZXYgdHVuDQoNCg0KIyMjIyMjIyMjIyMjIyMjIyMjIyMjIyMjIyMjIyMjIyMjIyMjIyMjIyMjIyMjIyMjIyMjIyMjIyMjIyMjIyMjIyMjIyMjIyMjIyMjIyMjIw0KIyBTcGVjaWZ5IHRoZSB1bmRlcmx5aW5nIHByb3RvY29sIGJleW9uZCB0aGUgSW50ZXJuZXQuDQojIE5vdGUgdGhhdCB0aGlzIHNldHRpbmcgbXVzdCBiZSBjb3JyZXNwb25kIHdpdGggdGhlIGxpc3RlbmluZyBzZXR0aW5nIG9uDQojIHRoZSBWUE4gU2VydmVyLg0KIyANCiMgU3BlY2lmeSBlaXRoZXIgJ3Byb3RvIHRjcCcgb3IgJ3Byb3RvIHVkcCcuDQoNCnByb3RvIHRjcA0KDQoNCiMjIyMjIyMjIyMjIyMjIyMjIyMjIyMjIyMjIyMjIyMjIyMjIyMjIyMjIyMjIyMjIyMjIyMjIyMjIyMjIyMjIyMjIyMjIyMjIyMjIyMjIyMNCiMgVGhlIGRlc3RpbmF0aW9uIGhvc3RuYW1lIC8gSVAgYWRkcmVzcywgYW5kIHBvcnQgbnVtYmVyIG9mDQojIHRoZSB0YXJnZXQgVlBOIFNlcnZlci4NCiMgDQojIFlvdSBoYXZlIHRvIHNwZWNpZnkgYXMgJ3JlbW90ZSA8SE9TVE5BTUU+IDxQT1JUPicuIFlvdSBjYW4gYWxzbw0KIyBzcGVjaWZ5IHRoZSBJUCBhZGRyZXNzIGluc3RlYWQgb2YgdGhlIGhvc3RuYW1lLg0KIyANCiMgTm90ZSB0aGF0IHRoZSBhdXRvLWdlbmVyYXRlZCBiZWxvdyBob3N0bmFtZSBhcmUgYSAiYXV0by1kZXRlY3RlZA0KIyBJUCBhZGRyZXNzIiBvZiB0aGUgVlBOIFNlcnZlci4gWW91IGhhdmUgdG8gY29uZmlybSB0aGUgY29ycmVjdG5lc3MNCiMgYmVmb3JlaGFuZC4NCiMgDQojIFdoZW4geW91IHdhbnQgdG8gY29ubmVjdCB0byB0aGUgVlBOIFNlcnZlciBieSB1c2luZyBUQ1AgcHJvdG9jb2wsDQojIHRoZSBwb3J0IG51bWJlciBvZiB0aGUgZGVzdGluYXRpb24gVENQIHBvcnQgc2hvdWxkIGJlIHNhbWUgYXMgb25lIG9mDQojIHRoZSBhdmFpbGFibGUgVENQIGxpc3RlbmVycyBvbiB0aGUgVlBOIFNlcnZlci4NCiMgDQojIFdoZW4geW91IHVzZSBVRFAgcHJvdG9jb2wsIHRoZSBwb3J0IG51bWJlciBtdXN0IHNhbWUgYXMgdGhlIGNvbmZpZ3VyYXRpb24NCiMgc2V0dGluZyBvZiAiT3BlblZQTiBTZXJ2ZXIgQ29tcGF0aWJsZSBGdW5jdGlvbiIgb24gdGhlIFZQTiBTZXJ2ZXIuDQoNCnJlbW90ZSA4Ni4xMDIuMC4yMDggMTg4NQ0KDQoNCiMjIyMjIyMjIyMjIyMjIyMjIyMjIyMjIyMjIyMjIyMjIyMjIyMjIyMjIyMjIyMjIyMjIyMjIyMjIyMjIyMjIyMjIyMjIyMjIyMjIyMjIyMNCiMgVGhlIEhUVFAvSFRUUFMgcHJveHkgc2V0dGluZy4NCiMgDQojIE9ubHkgaWYgeW91IGhhdmUgdG8gdXNlIHRoZSBJbnRlcm5ldCB2aWEgYSBwcm94eSwgdW5jb21tZW50IHRoZSBiZWxvdw0KIyB0d28gbGluZXMgYW5kIHNwZWNpZnkgdGhlIHByb3h5IGFkZHJlc3MgYW5kIHRoZSBwb3J0IG51bWJlci4NCiMgSW4gdGhlIGNhc2Ugb2YgdXNpbmcgcHJveHktYXV0aGVudGljYXRpb24sIHJlZmVyIHRoZSBPcGVuVlBOIG1hbnVhbC4NCg0KO2h0dHAtcHJveHktcmV0cnkNCjtodHRwLXByb3h5IFtwcm94eSBzZXJ2ZXJdIFtwcm94eSBwb3J0XQ0KDQoNCiMjIyMjIyMjIyMjIyMjIyMjIyMjIyMjIyMjIyMjIyMjIyMjIyMjIyMjIyMjIyMjIyMjIyMjIyMjIyMjIyMjIyMjIyMjIyMjIyMjIyMjIyMNCiMgVGhlIGVuY3J5cHRpb24gYW5kIGF1dGhlbnRpY2F0aW9uIGFsZ29yaXRobS4NCiMgDQojIERlZmF1bHQgc2V0dGluZyBpcyBnb29kLiBNb2RpZnkgaXQgYXMgeW91IHByZWZlci4NCiMgV2hlbiB5b3Ugc3BlY2lmeSBhbiB1bnN1cHBvcnRlZCBhbGdvcml0aG0sIHRoZSBlcnJvciB3aWxsIG9jY3VyLg0KIyANCiMgVGhlIHN1cHBvcnRlZCBhbGdvcml0aG1zIGFyZSBhcyBmb2xsb3dzOg0KIyAgY2lwaGVyOiBbTlVMTC1DSVBIRVJdIE5VTEwgQUVTLTEyOC1DQkMgQUVTLTE5Mi1DQkMgQUVTLTI1Ni1DQkMgQkYtQ0JDDQojICAgICAgICAgIENBU1QtQ0JDIENBU1Q1LUNCQyBERVMtQ0JDIERFUy1FREUtQ0JDIERFUy1FREUzLUNCQyBERVNYLUNCQw0KIyAgICAgICAgICBSQzItNDAtQ0JDIFJDMi02NC1DQkMgUkMyLUNCQw0KIyAgYXV0aDogICBTSEEgU0hBMSBNRDUgTUQ0IFJNRDE2MA0KDQpjaXBoZXIgQUVTLTEyOC1DQkMNCmF1dGggU0hBMQ0KDQoNCiMjIyMjIyMjIyMjIyMjIyMjIyMjIyMjIyMjIyMjIyMjIyMjIyMjIyMjIyMjIyMjIyMjIyMjIyMjIyMjIyMjIyMjIyMjIyMjIyMjIyMjIyMNCiMgT3RoZXIgcGFyYW1ldGVycyBuZWNlc3NhcnkgdG8gY29ubmVjdCB0byB0aGUgVlBOIFNlcnZlci4NCiMgDQojIEl0IGlzIG5vdCByZWNvbW1lbmRlZCB0byBtb2RpZnkgaXQgdW5sZXNzIHlvdSBoYXZlIGEgcGFydGljdWxhciBuZWVkLg0KDQpyZXNvbHYtcmV0cnkgaW5maW5pdGUNCm5vYmluZA0KcGVyc2lzdC1rZXkNCnBlcnNpc3QtdHVuDQpjbGllbnQNCnZlcmIgMw0KI2F1dGgtdXNlci1wYXNzDQoNCg0KIyMjIyMjIyMjIyMjIyMjIyMjIyMjIyMjIyMjIyMjIyMjIyMjIyMjIyMjIyMjIyMjIyMjIyMjIyMjIyMjIyMjIyMjIyMjIyMjIyMjIyMjIw0KIyBUaGUgY2VydGlmaWNhdGUgZmlsZSBvZiB0aGUgZGVzdGluYXRpb24gVlBOIFNlcnZlci4NCiMgDQojIFRoZSBDQSBjZXJ0aWZpY2F0ZSBmaWxlIGlzIGVtYmVkZGVkIGluIHRoZSBpbmxpbmUgZm9ybWF0Lg0KIyBZb3UgY2FuIHJlcGxhY2UgdGhpcyBDQSBjb250ZW50cyBpZiBuZWNlc3NhcnkuDQojIFBsZWFzZSBub3RlIHRoYXQgaWYgdGhlIHNlcnZlciBjZXJ0aWZpY2F0ZSBpcyBub3QgYSBzZWxmLXNpZ25lZCwgeW91IGhhdmUgdG8NCiMgc3BlY2lmeSB0aGUgc2lnbmVyJ3Mgcm9vdCBjZXJ0aWZpY2F0ZSAoQ0EpIGhlcmUuDQoNCjxjYT4NCi0tLS0tQkVHSU4gQ0VSVElGSUNBVEUtLS0tLQ0KTUlJRmF6Q0NBMU9nQXdJQkFnSVJBSUlRejdEU1FPTlpSR1BndTJPQ2l3QXdEUVlKS29aSWh2Y05BUUVMQlFBdw0KVHpFTE1Ba0dBMVVFQmhNQ1ZWTXhLVEFuQmdOVkJBb1RJRWx1ZEdWeWJtVjBJRk5sWTNWeWFYUjVJRkpsYzJWaA0KY21Ob0lFZHliM1Z3TVJVd0V3WURWUVFERXd4SlUxSkhJRkp2YjNRZ1dERXdIaGNOTVRVd05qQTBNVEV3TkRNNA0KV2hjTk16VXdOakEwTVRFd05ETTRXakJQTVFzd0NRWURWUVFHRXdKVlV6RXBNQ2NHQTFVRUNoTWdTVzUwWlhKdQ0KWlhRZ1UyVmpkWEpwZEhrZ1VtVnpaV0Z5WTJnZ1IzSnZkWEF4RlRBVEJnTlZCQU1UREVsVFVrY2dVbTl2ZENCWQ0KTVRDQ0FpSXdEUVlKS29aSWh2Y05BUUVCQlFBRGdnSVBBRENDQWdvQ2dnSUJBSzNvSkhQMEZEZnptNTRyVnlnYw0KaDc3Y3Q5ODRrSXh1UE9aWG9IajNkY0tpL3ZWcWJ2WUFUeWpiM21pR2JFU1R0ckZqL1JRU2E3OGYwdW94bXlGKw0KMFRNOHVrajEzWG5mczdqL0V2RWhta3ZCaW9aeGFVcG1abXlQZmp4d3Y2MHBJZ2J6NU1EbWdLN2lTNCszbVg2VQ0KQTUvVFI1ZDhtVWdqVStnNHJrOEtiNE11MFVsWGpJQjB0dG92MERpTmV3TndJUnQxOGpBOCtvK3UzZHBqcStzVw0KVDhLT0VVdCt6d3ZvLzdWM0x2U3llMHJnVEJJbERIQ05BeW1nNFZNazdCUFo3aG0vRUxOS2pEK0pvMkZSM3F5SA0KQjVUMFkzSHNMdUp2VzVpQjRZbGNOSGxzZHU4N2tHSjU1dHVrbWk4bXhkQVE0UTdlMlJDT0Z2dTM5NmozeCtVQw0KQjVpUE5naVY1K0kzbGcwMmRaNzdEbkt4SFp1OEEvbEpCZGlCM1FXMEt0WkI2YXdCZHBVS0Q5amYxYjBTSHpVdg0KS0JkczBwakJxQWxrZDI1SE43ck9yRmxlYUoxL2N0YUp4UVpCS1Q1WlB0MG05U1RKRWFkYW8weEFIMGFobWJXbg0KT2xGdWhqdWVmWEtuRWdWNFdlMCtVWGdWQ3dPUGpkQXZCYkkrZTBvY1MzTUZFdnpHNnVCUUUzeERrM1N6eW5Ubg0Kamg4QkNOQXcxRnR4TnJRSHVzRXdNRnhJdDRJN21LWjlZSXFpb3ltQ3pMcTlnd1Fib29NRFFhSFdCZkVid3Jidw0KcUh5R08wYW9TQ3FJM0hhYWRyOGZhcVU5R1kvck9QTmszc2dyRFFvby8vZmI0aFZDMUNMUUoxM2hlZjRZNTNDSQ0KclU3bTJZczZ4dDBuVVc3L3ZHVDFNME5QQWdNQkFBR2pRakJBTUE0R0ExVWREd0VCL3dRRUF3SUJCakFQQmdOVg0KSFJNQkFmOEVCVEFEQVFIL01CMEdBMVVkRGdRV0JCUjV0Rm5tZTdibDVBRnpnQWlJeUJwWTl1bWJiakFOQmdrcQ0KaGtpRzl3MEJBUXNGQUFPQ0FnRUFWUjlZcWJ5eXFGRFFETEhZR21rZ0p5a0lyR0YxWElwdStJTGxhUy9WOWxaTA0KdWJoekVGblRJWmQrNTB4eCs3TFNZSzA1cUF2cUZ5RldoZkZRRGxucnp1Qlo2YnJKRmUrR25ZK0VnUGJrNlpHUQ0KM0JlYllodEY4R2FWMG54dnd1bzc3eC9QeTlhdUovR3BzTWl1L1gxK212b2lCT3YvMlgvcWtTc2lzUmNPai9LSw0KTkZ0WTJQd0J5VlM1dUNiTWlvZ3ppVXd0aER5QzMrNldWd1c2TEx2M3hMZkhUanVDdmpISUluTnprdEhDZ0tRNQ0KT1JBekk0Sk1QSitHc2xXWUhiNHBob3dpbTU3aWF6dFhPb0p3VGR3Sng0bkxDZ2ROYk9oZGpzbnZ6cXZIdTdVcg0KVGtYV1N0QW16T1Z5eWdocXBaWGpGYUgzcE8zSkxGK2wrLytzS0FJdXZ0ZDd1K054ZTVBVzB3ZGVSbE44TndkQw0Kak5QRWxwelZtYlVxNEpVYWdFaXVURGtIenN4SHBGS1ZLN3E0KzYzU00xTjk1UjFOYmRXaHNjZENiK1pBSnpWYw0Kb3lpM0I0M25qVE9RNXlPZisxQ2NlV3hHMWJRVnM1WnVmcHNNbGpxNFVpMC8xbHZoK3dqQ2hQNGtxS09KMnF4cQ0KNFJncXNhaERZVnZUSDl3N2pYYnlMZWlOZGQ4WE0ydzlVL3Q3eTBGZi85eWkwR0U0NFphNHJGMkxOOWQxMVRQQQ0KbVJHdW5VSEJjbldFdmdKQlFsOW5KRWlVMFpzbnZnYy91YmhQZ1hSUjRYcTM3WjBqNHI3ZzFTZ0VFend4QTU3ZA0KZW15UHhnY1l4bi9lUjQ0L0tKNEVCcytsVkRSM3ZleUptK2tYUTk5YjIxLytqaDVYb3MxQW5YNWlJdHJlR0NjPQ0KLS0tLS1FTkQgQ0VSVElGSUNBVEUtLS0tLQ0KDQo8L2NhPg0KDQoNCiMjIyMjIyMjIyMjIyMjIyMjIyMjIyMjIyMjIyMjIyMjIyMjIyMjIyMjIyMjIyMjIyMjIyMjIyMjIyMjIyMjIyMjIyMjIyMjIyMjIyMjIyMNCiMgVGhlIGNsaWVudCBjZXJ0aWZpY2F0ZSBmaWxlIChkdW1teSkuDQojIA0KIyBJbiBzb21lIGltcGxlbWVudGF0aW9ucyBvZiBPcGVuVlBOIENsaWVudCBzb2Z0d2FyZQ0KIyAoZm9yIGV4YW1wbGU6IE9wZW5WUE4gQ2xpZW50IGZvciBpT1MpLA0KIyBhIHBhaXIgb2YgY2xpZW50IGNlcnRpZmljYXRlIGFuZCBwcml2YXRlIGtleSBtdXN0IGJlIGluY2x1ZGVkIG9uIHRoZQ0KIyBjb25maWd1cmF0aW9uIGZpbGUgZHVlIHRvIHRoZSBsaW1pdGF0aW9uIG9mIHRoZSBjbGllbnQuDQojIFNvIHRoaXMgc2FtcGxlIGNvbmZpZ3VyYXRpb24gZmlsZSBoYXMgYSBkdW1teSBwYWlyIG9mIGNsaWVudCBjZXJ0aWZpY2F0ZQ0KIyBhbmQgcHJpdmF0ZSBrZXkgYXMgZm9sbG93cy4NCg0KPGNlcnQ+DQotLS0tLUJFR0lOIENFUlRJRklDQVRFLS0tLS0NCk1JSUN4akNDQWE0Q0FRQXdEUVlKS29aSWh2Y05BUUVGQlFBd0tURWFNQmdHQTFVRUF4TVJWbEJPUjJGMFpVTnMNCmFXVnVkRU5sY25ReEN6QUpCZ05WQkFZVEFrcFFNQjRYRFRFek1ESXhNVEF6TkRrME9Wb1hEVE0zTURFeE9UQXoNCk1UUXdOMW93S1RFYU1CZ0dBMVVFQXhNUlZsQk9SMkYwWlVOc2FXVnVkRU5sY25ReEN6QUpCZ05WQkFZVEFrcFENCk1JSUJJakFOQmdrcWhraUc5dzBCQVFFRkFBT0NBUThBTUlJQkNnS0NBUUVBNWgybGdRUVlVandvS1lKYnpWWkENCjVWY0lHZDVvdFBjL3FaUk10MEtJdENGQTBzOVJ3UmVOVmE5ZkRSRkxSQmhjSVRPbHYzRkJjVzNFOGgxVXM3UkQNCjRXOEdtSmU4emFwSm5Mc0QzOU9TTVJDelpKbmN6VzRPQ0gxUFpSWldLcUR0amxOY2E5QUY4YTY1alRtbER4Q1ENCkNqbnRMSVdrNU9MTFZrRnQ5L3RTY2MxR0R0Y2k1NW9maGFOQVlNUGlIN1Y4KzFnNjZwR0hYQW9XSzZBUVZINjcNClhDS0puR0I1bmxRK0hzTVlQVi9PNDlMZDkxWk4vMnRIa2NhTEx5TnR5d3hWUFJTc1JoNDgwamp1MGZjQ3N2NmgNCnAvMHlYblRCLy9tV3V0QkdwZFVsSWJ3aUlUYkFtcnNiWW5qaWdSdm5QcVgxUk5KVWJpOUZwNkMyYy9ISUZKR0QNCnl3SURBUUFCTUEwR0NTcUdTSWIzRFFFQkJRVUFBNElCQVFDaE81aGdjdy80b1dmb0VGTHU5a0JhMUIvL2t4SDgNCmhRa0NoVk5uOEJSQzdZMFVSUWl0UGwzREtFZWQ5VVJCRGRnMktPQXo3N2JiNkVOUGlsaUQrYTM4VUpISVJNcWUNClVCSGhsbE9ISXp2RGhIRmJhb3ZBTEJRY2VlQnpka1F4c0tRRVNLbVFtUjgzMjk1MFVDb3ZveVJCNjFVeUFWN2gNCittWmhZUEdSS1hLU0pJNnMwRWdnL0NyaStDd2s0YmpKZnJiNWhWc2UxMXloNEQ5TUhod1NmQ09IKzB6NGhQVVQNCkZrdTdkR2F2VVJPNVNWeE1uL3NMNkVuNUQrb1NlWGthZEhwRHMrQWlyeW0yWUhoMTVoMCtqUFNPb1I2eWlWcC8NCjZ6WmVaa3JONDNrdVM3M0twS0RGamZGUGg4dDRyMWdPSWp0dGtOY1FxQmNjdXNucGxRN0hKcHNrDQotLS0tLUVORCBDRVJUSUZJQ0FURS0tLS0tDQoNCjwvY2VydD4NCg0KPGtleT4NCi0tLS0tQkVHSU4gUlNBIFBSSVZBVEUgS0VZLS0tLS0NCk1JSUVwQUlCQUFLQ0FRRUE1aDJsZ1FRWVVqd29LWUpielZaQTVWY0lHZDVvdFBjL3FaUk10MEtJdENGQTBzOVINCndSZU5WYTlmRFJGTFJCaGNJVE9sdjNGQmNXM0U4aDFVczdSRDRXOEdtSmU4emFwSm5Mc0QzOU9TTVJDelpKbmMNCnpXNE9DSDFQWlJaV0txRHRqbE5jYTlBRjhhNjVqVG1sRHhDUUNqbnRMSVdrNU9MTFZrRnQ5L3RTY2MxR0R0Y2kNCjU1b2ZoYU5BWU1QaUg3VjgrMWc2NnBHSFhBb1dLNkFRVkg2N1hDS0puR0I1bmxRK0hzTVlQVi9PNDlMZDkxWk4NCi8ydEhrY2FMTHlOdHl3eFZQUlNzUmg0ODBqanUwZmNDc3Y2aHAvMHlYblRCLy9tV3V0QkdwZFVsSWJ3aUlUYkENCm1yc2JZbmppZ1J2blBxWDFSTkpVYmk5RnA2QzJjL0hJRkpHRHl3SURBUUFCQW9JQkFFUlY3WDVBdnhBOHVSaUsNCms4U0lwc0QwZFgxcEpPTUl3YWtVVnl2YzRFZk4wRGhLUk5iNHJZb1NpRUdUTHl6THB5QmMvQTI4RGxrbTVlT1kNCmZqelhmWWtHdFlpL0Z0eGtnM085dmNyTVE0KzZpK3VHSGFJTDJyTCtzNE1yZk84djF4djYrV2t5MzNFRUdDb3UNClFpd1ZHUkZRWG5Sb1E2Mk5CQ0ZiVU5MaG1Yd2RqMWFrWnpMVTRwNVI0ekEzUWhkeHdFSWF0Vkx0MCs3b3dMUTMNCmxQOHNmWGhwcFBPWGpUcU1ENFFrWXd6UEFhOC96RjdhY240a3J5clVQN1E2UEFmZDB6RVZxTnk5WkNaOWZmaG8NCnpYZWRGajQ4NklGb2M1Z25UcDJONmpzblZqNExDR0lobFZIbFlHb3pLS0ZxSmNRVkdzSENxcTFvejJ6alc2TFMNCm9SWUlIZ0VDZ1lFQTh6WnJrQ3dOWVNYSnVPREozbS9oT0xWeGN4Z0p1d1hvaUVyV2QwRTQydlBhbmpqVk1obnQNCktZNWw4cUdNSjZGaEs5TFl4MnFDcmYvRTBYdFVBWjJ3VnEzT1JUeUduc01XcmU5dExZczU1WCtaTjEwVGM3NXoNCjRoYWNiVTBocUtOMUhpRG1zTVJZMy8yTmFaSG95N01LbndKSkJhRzQ4bDlDQ1RsVndNSG9jSUVDZ1lFQThqYnkNCmRHanhUSCs2WEhXTml6YjVTUmJaeEFueUVlSmVSd1RNaDBnR3p3R1BwSC9zWllHenl1MFN5U1hXQ25aaDNSZ3ENCjV1TGxOeHRyWHJsalpseWkyblFkUWdzcTJZcldVczAremdVKzIydVFzWnBTQWZ0bWhWcnR2ZXQ2TWpWamJCeVkNCkRBRGNpRVZVZEpZSVhrK3FuRlVKeWVyb0xJa1RqN1dZS1o2Umprc0NnWUJvQ0ZJd1JEZWc0Mm9LODlSRm1uT3INCkx5bU5BcTQrMm9NaHNXbFZiNGVqV0lXZUFrOW5jK0dYVWZyWHN6UmhTMDFtVW5VNXI1eWdVdlJjYXJWL1QzVTcNClRuTVorSTdZNERnV1JJRGQ1MXpuaHhJQnRZVjVqL0MvdDg1SGpxT2tIKzhiNlJUa2JjaGFYM21hdTdmcFVmZHMNCkZxMG5oSXE0MmZoRU84c3JmWVl3Z1FLQmdRQ3loaTFOLzh0YVJ3cGsrMy9JREV6UXdqYmZkelVrV1dTRGs5WHMNCkgvcGt1UkhXZlRNUDNmbFdxRVlnVy9MVzQwcGVXMkhEcTVpbWRWOCtBZ1p4ZS9YTWJhamk5TGd3ZjFSWTAwNW4NCkt4YVpRejd5cUh1cFdsTEdGNjhEUEh4a1pWVlNhZ0RuVi9zenRXWDZTRnNDcUZWbnhJWGlmWEdDNGNXNU5tOWcNCnZhOHE0UUtCZ1FDRWhMVmVVZmR3S3ZrWjk0Zy9HRno3MzFaMmhyZFZoZ01aYVUvdTZ0MFY5NStZZXpQTkNRWkINCndtRTlNbWxicTFlbURlUk9pdmpDZm9HaFIza1pYVzFwVEtsTGg2Wk1VUVVPcHB0ZFh2YThYeGZvcVF3YTNlbkENCk03bXVCYkYwWE43Vk84MGlKUHYrUG1JWmRFSUFrcHdLZmkyMDFZQitCYWZDSXVHeElGNTBWZz09DQotLS0tLUVORCBSU0EgUFJJVkFURSBLRVktLS0tLQ0KDQo8L2tleT4NCg0K
2i6,1.66.33.150,458466,27,22187025,Japan,JP,151,0,3901276,453229714776921,2weeks,DNC,I ♡ vpngate We recommend connectiong using "vpngate.dnc.ne.jp",IyMjIyMjIyMjIyMjIyMjIyMjIyMjIyMjIyMjIyMjIyMjIyMjIyMjIyMjIyMjIyMjIyMjIyMjIyMjIyMjIyMjIyMjIyMjIyMjIyMjIyMjIw0KIyBPcGVuVlBOIDIuMCBTYW1wbGUgQ29uZmlndXJhdGlvbiBGaWxlDQojIGZvciBQYWNrZXRpWCBWUE4gLyBTb2Z0RXRoZXIgVlBOIFNlcnZlcg0KIyANCiMgISEhIEFVVE8tR0VORVJBVEVEIEJZIFNPRlRFVEhFUiBWUE4gU0VSVkVSIE1BTkFHRU1FTlQgVE9PTCAhISENCiMgDQojICEhISBZT1UgSEFWRSBUTyBSRVZJRVcgSVQgQkVGT1JFIFVTRSBBTkQgTU9ESUZZIElUIEFTIE5FQ0VTU0FSWSAhISENCiMgDQojIFRoaXMgY29uZmlndXJhdGlvbiBmaWxlIGlzIGF1dG8tZ2VuZXJhdGVkLiBZb3UgbWlnaHQgdXNlIHRoaXMgY29uZmlnIGZpbGUNCiMgaW4gb3JkZXIgdG8gY29ubmVjdCB0byB0aGUgUGFja2V0aVggVlBOIC8gU29mdEV0aGVyIFZQTiBTZXJ2ZXIuDQojIEhvd2V2ZXIsIGJlZm9yZSB5b3UgdHJ5IGl0LCB5b3Ugc2hvdWxkIHJldmlldyB0aGUgZGVzY3JpcHRpb25zIG9mIHRoZSBmaWxlDQojIHRvIGRldGVybWluZSB0aGUgbmVjZXNzaXR5IHRvIG1vZGlmeSB0byBzdWl0YWJsZSBmb3IgeW91ciByZWFsIGVudmlyb25tZW50Lg0KIyBJZiBuZWNlc3NhcnksIHlvdSBoYXZlIHRvIG1vZGlmeSBhIGxpdHRsZSBhZGVxdWF0ZWx5IG9uIHRoZSBmaWxlLg0KIyBGb3IgZXhhbXBsZSwgdGhlIElQIGFkZHJlc3Mgb3IgdGhlIGhvc3RuYW1lIGFzIGEgZGVzdGluYXRpb24gVlBOIFNlcnZlcg0KIyBzaG91bGQgYmUgY29uZmlybWVkLg0KIyANCiMgTm90ZSB0aGF0IHRvIHVzZSBPcGVuVlBOIDIuMCwgeW91IGhhdmUgdG8gcHV0IHRoZSBjZXJ0aWZpY2F0aW9uIGZpbGUgb2YNCiMgdGhlIGRlc3RpbmF0aW9uIFZQTiBTZXJ2ZXIgb24gdGhlIE9wZW5WUE4gQ2xpZW50IGNvbXB1dGVyIHdoZW4geW91IHVzZSB0aGlzDQojIGNvbmZpZyBmaWxlLiBQbGVhc2UgcmVmZXIgdGhlIGJlbG93IGRlc2NyaXB0aW9ucyBjYXJlZnVsbHkuDQoNCg0KIyMjIyMjIyMjIyMjIyMjIyMjIyMjIyMjIyMjIyMjIyMjIyMjIyMjIyMjIyMjIyMjIyMjIyMjIyMjIyMjIyMjIyMjIyMjIyMjIyMjIyMjIw0KIyBTcGVjaWZ5IHRoZSB0eXBlIG9mIHRoZSBsYXllciBvZiB0aGUgVlBOIGNvbm5lY3Rpb24uDQojIA0KIyBUbyBjb25uZWN0IHRvIHRoZSBWUE4gU2VydmVyIGFzIGEgIlJlbW90ZS1BY2Nlc3MgVlBOIENsaWVudCBQQyIsDQojICBzcGVjaWZ5ICdkZXYgdHVuJy4gKExheWVyLTMgSVAgUm91dGluZyBNb2RlKQ0KIw0KIyBUbyBjb25uZWN0IHRvIHRoZSBWUE4gU2VydmVyIGFzIGEgYnJpZGdpbmcgZXF1aXBtZW50IG9mICJTaXRlLXRvLVNpdGUgVlBOIiwNCiMgIHNwZWNpZnkgJ2RldiB0YXAnLiAoTGF5ZXItMiBFdGhlcm5ldCBCcmlkZ2luZSBNb2RlKQ0KDQpkZXYgdHVuDQoNCg0KIyMjIyMjIyMjIyMjIyMjIyMjIyMjIyMjIyMjIyMjIyMjIyMjIyMjIyMjIyMjIyMjIyMjIyMjIyMjIyMjIyMjIyMjIyMjIyMjIyMjIyMjIw0KIyBTcGVjaWZ5IHRoZSB1bmRlcmx5aW5nIHByb3RvY29sIGJleW9uZCB0aGUgSW50ZXJuZXQuDQojIE5vdGUgdGhhdCB0aGlzIHNldHRpbmcgbXVzdCBiZSBjb3JyZXNwb25kIHdpdGggdGhlIGxpc3RlbmluZyBzZXR0aW5nIG9uDQojIHRoZSBWUE4gU2VydmVyLg0KIyANCiMgU3BlY2lmeSBlaXRoZXIgJ3Byb3RvIHRjcCcgb3IgJ3Byb3RvIHVkcCcuDQoNCnByb3RvIHRjcA0KDQoNCiMjIyMjIyMjIyMjIyMjIyMjIyMjIyMjIyMjIyMjIyMjIyMjIyMjIyMjIyMjIyMjIyMjIyMjIyMjIyMjIyMjIyMjIyMjIyMjIyMjIyMjIyMNCiMgVGhlIGRlc3RpbmF0aW9uIGhvc3RuYW1lIC8gSVAgYWRkcmVzcywgYW5kIHBvcnQgbnVtYmVyIG9mDQojIHRoZSB0YXJnZXQgVlBOIFNlcnZlci4NCiMgDQojIFlvdSBoYXZlIHRvIHNwZWNpZnkgYXMgJ3JlbW90ZSA8SE9TVE5BTUU+IDxQT1JUPicuIFlvdSBjYW4gYWxzbw0KIyBzcGVjaWZ5IHRoZSBJUCBhZGRyZXNzIGluc3RlYWQgb2YgdGhlIGhvc3RuYW1lLg0KIyANCiMgTm90ZSB0aGF0IHRoZSBhdXRvLWdlbmVyYXRlZCBiZWxvdyBob3N0bmFtZSBhcmUgYSAiYXV0by1kZXRlY3RlZA0KIyBJUCBhZGRyZXNzIiBvZiB0aGUgVlBOIFNlcnZlci4gWW91IGhhdmUgdG8gY29uZmlybSB0aGUgY29ycmVjdG5lc3MNCiMgYmVmb3JlaGFuZC4NCiMgDQojIFdoZW4geW91IHdhbnQgdG8gY29ubmVjdCB0byB0aGUgVlBOIFNlcnZlciBieSB1c2luZyBUQ1AgcHJvdG9jb2wsDQojIHRoZSBwb3J0IG51bWJlciBvZiB0aGUgZGVzdGluYXRpb24gVENQIHBvcnQgc2hvdWxkIGJlIHNhbWUgYXMgb25lIG9mDQojIHRoZSBhdmFpbGFibGUgVENQIGxpc3RlbmVycyBvbiB0aGUgVlBOIFNlcnZlci4NCiMgDQojIFdoZW4geW91IHVzZSBVRFAgcHJvdG9jb2wsIHRoZSBwb3J0IG51bWJlciBtdXN0IHNhbWUgYXMgdGhlIGNvbmZpZ3VyYXRpb24NCiMgc2V0dGluZyBvZiAiT3BlblZQTiBTZXJ2ZXIgQ29tcGF0aWJsZSBGdW5jdGlvbiIgb24gdGhlIFZQTiBTZXJ2ZXIuDQoNCnJlbW90ZSAxLjY2LjMzLjE1MCA0NDMNCg0KDQojIyMjIyMjIyMjIyMjIyMjIyMjIyMjIyMjIyMjIyMjIyMjIyMjIyMjIyMjIyMjIyMjIyMjIyMjIyMjIyMjIyMjIyMjIyMjIyMjIyMjIyMjDQojIFRoZSBIVFRQL0hUVFBTIHByb3h5IHNldHRpbmcuDQojIA0KIyBPbmx5IGlmIHlvdSBoYXZlIHRvIHVzZSB0aGUgSW50ZXJuZXQgdmlhIGEgcHJveHksIHVuY29tbWVudCB0aGUgYmVsb3cNCiMgdHdvIGxpbmVzIGFuZCBzcGVjaWZ5IHRoZSBwcm94eSBhZGRyZXNzIGFuZCB0aGUgcG9ydCBudW1iZXIuDQojIEluIHRoZSBjYXNlIG9mIHVzaW5nIHByb3h5LWF1dGhlbnRpY2F0aW9uLCByZWZlciB0aGUgT3BlblZQTiBtYW51YWwuDQoNCjtodHRwLXByb3h5LXJldHJ5DQo7aHR0cC1wcm94eSBbcHJveHkgc2VydmVyXSBbcHJveHkgcG9ydF0NCg0KDQojIyMjIyMjIyMjIyMjIyMjIyMjIyMjIyMjIyMjIyMjIyMjIyMjIyMjIyMjIyMjIyMjIyMjIyMjIyMjIyMjIyMjIyMjIyMjIyMjIyMjIyMjDQojIFRoZSBlbmNyeXB0aW9uIGFuZCBhdXRoZW50aWNhdGlvbiBhbGdvcml0aG0uDQojIA0KIyBEZWZhdWx0IHNldHRpbmcgaXMgZ29vZC4gTW9kaWZ5IGl0IGFzIHlvdSBwcmVmZXIuDQojIFdoZW4geW91IHNwZWNpZnkgYW4gdW5zdXBwb3J0ZWQgYWxnb3JpdGhtLCB0aGUgZXJyb3Igd2lsbCBvY2N1ci4NCiMgDQojIFRoZSBzdXBwb3J0ZWQgYWxnb3JpdGhtcyBhcmUgYXMgZm9sbG93czoNCiMgIGNpcGhlcjogW05VTEwtQ0lQSEVSXSBOVUxMIEFFUy0xMjgtQ0JDIEFFUy0xOTItQ0JDIEFFUy0yNTYtQ0JDIEJGLUNCQw0KIyAgICAgICAgICBDQVNULUNCQyBDQVNUNS1DQkMgREVTLUNCQyBERVMtRURFLUNCQyBERVMtRURFMy1DQkMgREVTWC1DQkMNCiMgICAgICAgICAgUkMyLTQwLUNCQyBSQzItNjQtQ0JDIFJDMi1DQkMNCiMgIGF1dGg6ICAgU0hBIFNIQTEgTUQ1IE1ENCBSTUQxNjANCg0KY2lwaGVyIEFFUy0xMjgtQ0JDDQphdXRoIFNIQTENCg0KDQojIyMjIyMjIyMjIyMjIyMjIyMjIyMjIyMjIyMjIyMjIyMjIyMjIyMjIyMjIyMjIyMjIyMjIyMjIyMjIyMjIyMjIyMjIyMjIyMjIyMjIyMjDQojIE90aGVyIHBhcmFtZXRlcnMgbmVjZXNzYXJ5IHRvIGNvbm5lY3QgdG8gdGhlIFZQTiBTZXJ2ZXIuDQojIA0KIyBJdCBpcyBub3QgcmVjb21tZW5kZWQgdG8gbW9kaWZ5IGl0IHVubGVzcyB5b3UgaGF2ZSBhIHBhcnRpY3VsYXIgbmVlZC4NCg0KcmVzb2x2LXJldHJ5IGluZmluaXRlDQpub2JpbmQNCnBlcnNpc3Qta2V5DQpwZXJzaXN0LXR1bg0KY2xpZW50DQp2ZXJiIDMNCiNhdXRoLXVzZXItcGFzcw0KDQoNCiMjIyMjIyMjIyMjIyMjIyMjIyMjIyMjIyMjIyMjIyMjIyMjIyMjIyMjIyMjIyMjIyMjIyMjIyMjIyMjIyMjIyMjIyMjIyMjIyMjIyMjIyMNCiMgVGhlIGNlcnRpZmljYXRlIGZpbGUgb2YgdGhlIGRlc3RpbmF0aW9uIFZQTiBTZXJ2ZXIuDQojIA0KIyBUaGUgQ0EgY2VydGlmaWNhdGUgZmlsZSBpcyBlbWJlZGRlZCBpbiB0aGUgaW5saW5lIGZvcm1hdC4NCiMgWW91IGNhbiByZXBsYWNlIHRoaXMgQ0EgY29udGVudHMgaWYgbmVjZXNzYXJ5Lg0KIyBQbGVhc2Ugbm90ZSB0aGF0IGlmIHRoZSBzZXJ2ZXIgY2VydGlmaWNhdGUgaXMgbm90IGEgc2VsZi1zaWduZWQsIHlvdSBoYXZlIHRvDQojIHNwZWNpZnkgdGhlIHNpZ25lcidzIHJvb3QgY2VydGlmaWNhdGUgKENBKSBoZXJlLg0KDQo8Y2E+DQotLS0tLUJFR0lOIENFUlRJRklDQVRFLS0tLS0NCk1JSUZhekNDQTFPZ0F3SUJBZ0lSQUlJUXo3RFNRT05aUkdQZ3UyT0Npd0F3RFFZSktvWklodmNOQVFFTEJRQXcNClR6RUxNQWtHQTFVRUJoTUNWVk14S1RBbkJnTlZCQW9USUVsdWRHVnlibVYwSUZObFkzVnlhWFI1SUZKbGMyVmgNCmNtTm9JRWR5YjNWd01SVXdFd1lEVlFRREV3eEpVMUpISUZKdmIzUWdXREV3SGhjTk1UVXdOakEwTVRFd05ETTQNCldoY05NelV3TmpBME1URXdORE00V2pCUE1Rc3dDUVlEVlFRR0V3SlZVekVwTUNjR0ExVUVDaE1nU1c1MFpYSnUNClpYUWdVMlZqZFhKcGRIa2dVbVZ6WldGeVkyZ2dSM0p2ZFhBeEZUQVRCZ05WQkFNVERFbFRVa2NnVW05dmRDQlkNCk1UQ0NBaUl3RFFZSktvWklodmNOQVFFQkJRQURnZ0lQQURDQ0Fnb0NnZ0lCQUszb0pIUDBGRGZ6bTU0clZ5Z2MNCmg3N2N0OTg0a0l4dVBPWlhvSGozZGNLaS92VnFidllBVHlqYjNtaUdiRVNUdHJGai9SUVNhNzhmMHVveG15RisNCjBUTTh1a2oxM1huZnM3ai9FdkVobWt2QmlvWnhhVXBtWm15UGZqeHd2NjBwSWdiejVNRG1nSzdpUzQrM21YNlUNCkE1L1RSNWQ4bVVnalUrZzRyazhLYjRNdTBVbFhqSUIwdHRvdjBEaU5ld053SVJ0MThqQTgrbyt1M2RwanErc1cNClQ4S09FVXQrend2by83VjNMdlN5ZTByZ1RCSWxESENOQXltZzRWTWs3QlBaN2htL0VMTktqRCtKbzJGUjNxeUgNCkI1VDBZM0hzTHVKdlc1aUI0WWxjTkhsc2R1ODdrR0o1NXR1a21pOG14ZEFRNFE3ZTJSQ09GdnUzOTZqM3grVUMNCkI1aVBOZ2lWNStJM2xnMDJkWjc3RG5LeEhadThBL2xKQmRpQjNRVzBLdFpCNmF3QmRwVUtEOWpmMWIwU0h6VXYNCktCZHMwcGpCcUFsa2QyNUhON3JPckZsZWFKMS9jdGFKeFFaQktUNVpQdDBtOVNUSkVhZGFvMHhBSDBhaG1iV24NCk9sRnVoanVlZlhLbkVnVjRXZTArVVhnVkN3T1BqZEF2QmJJK2Uwb2NTM01GRXZ6RzZ1QlFFM3hEazNTenluVG4NCmpoOEJDTkF3MUZ0eE5yUUh1c0V3TUZ4SXQ0STdtS1o5WUlxaW95bUN6THE5Z3dRYm9vTURRYUhXQmZFYndyYncNCnFIeUdPMGFvU0NxSTNIYWFkcjhmYXFVOUdZL3JPUE5rM3NnckRRb28vL2ZiNGhWQzFDTFFKMTNoZWY0WTUzQ0kNCnJVN20yWXM2eHQwblVXNy92R1QxTTBOUEFnTUJBQUdqUWpCQU1BNEdBMVVkRHdFQi93UUVBd0lCQmpBUEJnTlYNCkhSTUJBZjhFQlRBREFRSC9NQjBHQTFVZERnUVdCQlI1dEZubWU3Ymw1QUZ6Z0FpSXlCcFk5dW1iYmpBTkJna3ENCmhraUc5dzBCQVFzRkFBT0NBZ0VBVlI5WXFieXlxRkRRRExIWUdta2dKeWtJckdGMVhJcHUrSUxsYVMvVjlsWkwNCnViaHpFRm5USVpkKzUweHgrN0xTWUswNXFBdnFGeUZXaGZGUURsbnJ6dUJaNmJySkZlK0duWStFZ1BiazZaR1ENCjNCZWJZaHRGOEdhVjBueHZ3dW83N3gvUHk5YXVKL0dwc01pdS9YMSttdm9pQk92LzJYL3FrU3Npc1JjT2ovS0sNCk5GdFkyUHdCeVZTNXVDYk1pb2d6aVV3dGhEeUMzKzZXVndXNkxMdjN4TGZIVGp1Q3ZqSElJbk56a3RIQ2dLUTUNCk9SQXpJNEpNUEorR3NsV1lIYjRwaG93aW01N2lhenRYT29Kd1Rkd0p4NG5MQ2dkTmJPaGRqc252enF2SHU3VXINClRrWFdTdEFtek9WeXlnaHFwWlhqRmFIM3BPM0pMRitsKy8rc0tBSXV2dGQ3dStOeGU1QVcwd2RlUmxOOE53ZEMNCmpOUEVscHpWbWJVcTRKVWFnRWl1VERrSHpzeEhwRktWSzdxNCs2M1NNMU45NVIxTmJkV2hzY2RDYitaQUp6VmMNCm95aTNCNDNualRPUTV5T2YrMUNjZVd4RzFiUVZzNVp1ZnBzTWxqcTRVaTAvMWx2aCt3akNoUDRrcUtPSjJxeHENCjRSZ3FzYWhEWVZ2VEg5dzdqWGJ5TGVpTmRkOFhNMnc5VS90N3kwRmYvOXlpMEdFNDRaYTRyRjJMTjlkMTFUUEENCm1SR3VuVUhCY25XRXZnSkJRbDluSkVpVTBac252Z2MvdWJoUGdYUlI0WHEzN1owajRyN2cxU2dFRXp3eEE1N2QNCmVteVB4Z2NZeG4vZVI0NC9LSjRFQnMrbFZEUjN2ZXlKbStrWFE5OWIyMS8ramg1WG9zMUFuWDVpSXRyZUdDYz0NCi0tLS0tRU5EIENFUlRJRklDQVRFLS0tLS0NCg0KPC9jYT4NCg0KDQojIyMjIyMjIyMjIyMjIyMjIyMjIyMjIyMjIyMjIyMjIyMjIyMjIyMjIyMjIyMjIyMjIyMjIyMjIyMjIyMjIyMjIyMjIyMjIyMjIyMjIyMjDQojIFRoZSBjbGllbnQgY2VydGlmaWNhdGUgZmlsZSAoZHVtbXkpLg0KIyANCiMgSW4gc29tZSBpbXBsZW1lbnRhdGlvbnMgb2YgT3BlblZQTiBDbGllbnQgc29mdHdhcmUNCiMgKGZvciBleGFtcGxlOiBPcGVuVlBOIENsaWVudCBmb3IgaU9TKSwNCiMgYSBwYWlyIG9mIGNsaWVudCBjZXJ0aWZpY2F0ZSBhbmQgcHJpdmF0ZSBrZXkgbXVzdCBiZSBpbmNsdWRlZCBvbiB0aGUNCiMgY29uZmlndXJhdGlvbiBmaWxlIGR1ZSB0byB0aGUgbGltaXRhdGlvbiBvZiB0aGUgY2xpZW50Lg0KIyBTbyB0aGlzIHNhbXBsZSBjb25maWd1cmF0aW9uIGZpbGUgaGFzIGEgZHVtbXkgcGFpciBvZiBjbGllbnQgY2VydGlmaWNhdGUNCiMgYW5kIHByaXZhdGUga2V5IGFzIGZvbGxvd3MuDQoNCjxjZXJ0Pg0KLS0tLS1CRUdJTiBDRVJUSUZJQ0FURS0tLS0tDQpNSUlDeGpDQ0FhNENBUUF3RFFZSktvWklodmNOQVFFRkJRQXdLVEVhTUJnR0ExVUVBeE1SVmxCT1IyRjBaVU5zDQphV1Z1ZEVObGNuUXhDekFKQmdOVkJBWVRBa3BRTUI0WERURXpNREl4TVRBek5EazBPVm9YRFRNM01ERXhPVEF6DQpNVFF3TjFvd0tURWFNQmdHQTFVRUF4TVJWbEJPUjJGMFpVTnNhV1Z1ZEVObGNuUXhDekFKQmdOVkJBWVRBa3BRDQpNSUlCSWpBTkJna3Foa2lHOXcwQkFRRUZBQU9DQVE4QU1JSUJDZ0tDQVFFQTVoMmxnUVFZVWp3b0tZSmJ6VlpBDQo1VmNJR2Q1b3RQYy9xWlJNdDBLSXRDRkEwczlSd1JlTlZhOWZEUkZMUkJoY0lUT2x2M0ZCY1czRThoMVVzN1JEDQo0VzhHbUplOHphcEpuTHNEMzlPU01SQ3paSm5jelc0T0NIMVBaUlpXS3FEdGpsTmNhOUFGOGE2NWpUbWxEeENRDQpDam50TElXazVPTExWa0Z0OS90U2NjMUdEdGNpNTVvZmhhTkFZTVBpSDdWOCsxZzY2cEdIWEFvV0s2QVFWSDY3DQpYQ0tKbkdCNW5sUStIc01ZUFYvTzQ5TGQ5MVpOLzJ0SGtjYUxMeU50eXd4VlBSU3NSaDQ4MGpqdTBmY0NzdjZoDQpwLzB5WG5UQi8vbVd1dEJHcGRVbElid2lJVGJBbXJzYlluamlnUnZuUHFYMVJOSlViaTlGcDZDMmMvSElGSkdEDQp5d0lEQVFBQk1BMEdDU3FHU0liM0RRRUJCUVVBQTRJQkFRQ2hPNWhnY3cvNG9XZm9FRkx1OWtCYTFCLy9reEg4DQpoUWtDaFZObjhCUkM3WTBVUlFpdFBsM0RLRWVkOVVSQkRkZzJLT0F6NzdiYjZFTlBpbGlEK2EzOFVKSElSTXFlDQpVQkhobGxPSEl6dkRoSEZiYW92QUxCUWNlZUJ6ZGtReHNLUUVTS21RbVI4MzI5NTBVQ292b3lSQjYxVXlBVjdoDQorbVpoWVBHUktYS1NKSTZzMEVnZy9DcmkrQ3drNGJqSmZyYjVoVnNlMTF5aDREOU1IaHdTZkNPSCswejRoUFVUDQpGa3U3ZEdhdlVSTzVTVnhNbi9zTDZFbjVEK29TZVhrYWRIcERzK0FpcnltMllIaDE1aDAralBTT29SNnlpVnAvDQo2elplWmtyTjQza3VTNzNLcEtERmpmRlBoOHQ0cjFnT0lqdHRrTmNRcUJjY3VzbnBsUTdISnBzaw0KLS0tLS1FTkQgQ0VSVElGSUNBVEUtLS0tLQ0KDQo8L2NlcnQ+DQoNCjxrZXk+DQotLS0tLUJFR0lOIFJTQSBQUklWQVRFIEtFWS0tLS0tDQpNSUlFcEFJQkFBS0NBUUVBNWgybGdRUVlVandvS1lKYnpWWkE1VmNJR2Q1b3RQYy9xWlJNdDBLSXRDRkEwczlSDQp3UmVOVmE5ZkRSRkxSQmhjSVRPbHYzRkJjVzNFOGgxVXM3UkQ0VzhHbUplOHphcEpuTHNEMzlPU01SQ3paSm5jDQp6VzRPQ0gxUFpSWldLcUR0amxOY2E5QUY4YTY1alRtbER4Q1FDam50TElXazVPTExWa0Z0OS90U2NjMUdEdGNpDQo1NW9maGFOQVlNUGlIN1Y4KzFnNjZwR0hYQW9XSzZBUVZINjdYQ0tKbkdCNW5sUStIc01ZUFYvTzQ5TGQ5MVpODQovMnRIa2NhTEx5TnR5d3hWUFJTc1JoNDgwamp1MGZjQ3N2NmhwLzB5WG5UQi8vbVd1dEJHcGRVbElid2lJVGJBDQptcnNiWW5qaWdSdm5QcVgxUk5KVWJpOUZwNkMyYy9ISUZKR0R5d0lEQVFBQkFvSUJBRVJWN1g1QXZ4QTh1UmlLDQprOFNJcHNEMGRYMXBKT01Jd2FrVVZ5dmM0RWZOMERoS1JOYjRyWW9TaUVHVEx5ekxweUJjL0EyOERsa201ZU9ZDQpmanpYZllrR3RZaS9GdHhrZzNPOXZjck1RNCs2aSt1R0hhSUwyckwrczRNcmZPOHYxeHY2K1dreTMzRUVHQ291DQpRaXdWR1JGUVhuUm9RNjJOQkNGYlVOTGhtWHdkajFha1p6TFU0cDVSNHpBM1FoZHh3RUlhdFZMdDArN293TFEzDQpsUDhzZlhocHBQT1hqVHFNRDRRa1l3elBBYTgvekY3YWNuNGtyeXJVUDdRNlBBZmQwekVWcU55OVpDWjlmZmhvDQp6WGVkRmo0ODZJRm9jNWduVHAyTjZqc25WajRMQ0dJaGxWSGxZR296S0tGcUpjUVZHc0hDcXExb3oyempXNkxTDQpvUllJSGdFQ2dZRUE4elpya0N3TllTWEp1T0RKM20vaE9MVnhjeGdKdXdYb2lFcldkMEU0MnZQYW5qalZNaG50DQpLWTVsOHFHTUo2RmhLOUxZeDJxQ3JmL0UwWHRVQVoyd1ZxM09SVHlHbnNNV3JlOXRMWXM1NVgrWk4xMFRjNzV6DQo0aGFjYlUwaHFLTjFIaURtc01SWTMvMk5hWkhveTdNS253SkpCYUc0OGw5Q0NUbFZ3TUhvY0lFQ2dZRUE4amJ5DQpkR2p4VEgrNlhIV05pemI1U1JiWnhBbnlFZUplUndUTWgwZ0d6d0dQcEgvc1pZR3p5dTBTeVNYV0NuWmgzUmdxDQo1dUxsTnh0clhybGpabHlpMm5RZFFnc3EyWXJXVXMwK3pnVSsyMnVRc1pwU0FmdG1oVnJ0dmV0Nk1qVmpiQnlZDQpEQURjaUVWVWRKWUlYaytxbkZVSnllcm9MSWtUajdXWUtaNlJqa3NDZ1lCb0NGSXdSRGVnNDJvSzg5UkZtbk9yDQpMeW1OQXE0KzJvTWhzV2xWYjRlaldJV2VBazluYytHWFVmclhzelJoUzAxbVVuVTVyNXlnVXZSY2FyVi9UM1U3DQpUbk1aK0k3WTREZ1dSSURkNTF6bmh4SUJ0WVY1ai9DL3Q4NUhqcU9rSCs4YjZSVGtiY2hhWDNtYXU3ZnBVZmRzDQpGcTBuaElxNDJmaEVPOHNyZllZd2dRS0JnUUN5aGkxTi84dGFSd3BrKzMvSURFelF3amJmZHpVa1dXU0RrOVhzDQpIL3BrdVJIV2ZUTVAzZmxXcUVZZ1cvTFc0MHBlVzJIRHE1aW1kVjgrQWdaeGUvWE1iYWppOUxnd2YxUlkwMDVuDQpLeGFaUXo3eXFIdXBXbExHRjY4RFBIeGtaVlZTYWdEblYvc3p0V1g2U0ZzQ3FGVm54SVhpZlhHQzRjVzVObTlnDQp2YThxNFFLQmdRQ0VoTFZlVWZkd0t2a1o5NGcvR0Z6NzMxWjJocmRWaGdNWmFVL3U2dDBWOTUrWWV6UE5DUVpCDQp3bUU5TW1sYnExZW1EZVJPaXZqQ2ZvR2hSM2taWFcxcFRLbExoNlpNVVFVT3BwdGRYdmE4WHhmb3FRd2EzZW5BDQpNN211QmJGMFhON1ZPODBpSlB2K1BtSVpkRUlBa3B3S2ZpMjAxWUIrQmFmQ0l1R3hJRjUwVmc9PQ0KLS0tLS1FTkQgUlNBIFBSSVZBVEUgS0VZLS0tLS0NCg0KPC9rZXk+DQoNCg==
vpn413470811,78.157.242.144,443557,150,89328172,Russian Federation,RU,3,0,29501,2764020118962,2weeks,DESKTOP-1I0JEDV's owner,,IyMjIyMjIyMjIyMjIyMjIyMjIyMjIyMjIyMjIyMjIyMjIyMjIyMjIyMjIyMjIyMjIyMjIyMjIyMjIyMjIyMjIyMjIyMjIyMjIyMjIyMjIw0KIyBPcGVuVlBOIDIuMCBTYW1wbGUgQ29uZmlndXJhdGlvbiBGaWxlDQojIGZvciBQYWNrZXRpWCBWUE4gLyBTb2Z0RXRoZXIgVlBOIFNlcnZlcg0KIyANCiMgISEhIEFVVE8tR0VORVJBVEVEIEJZIFNPRlRFVEhFUiBWUE4gU0VSVkVSIE1BTkFHRU1FTlQgVE9PTCAhISENCiMgDQojICEhISBZT1UgSEFWRSBUTyBSRVZJRVcgSVQgQkVGT1JFIFVTRSBBTkQgTU9ESUZZIElUIEFTIE5FQ0VTU0FSWSAhISENCiMgDQojIFRoaXMgY29uZmlndXJhdGlvbiBmaWxlIGlzIGF1dG8tZ2VuZXJhdGVkLiBZb3UgbWlnaHQgdXNlIHRoaXMgY29uZmlnIGZpbGUNCiMgaW4gb3JkZXIgdG8gY29ubmVjdCB0byB0aGUgUGFja2V0aVggVlBOIC8gU29mdEV0aGVyIFZQTiBTZXJ2ZXIuDQojIEhvd2V2ZXIsIGJlZm9yZSB5b3UgdHJ5IGl0LCB5b3Ugc2hvdWxkIHJldmlldyB0aGUgZGVzY3JpcHRpb25zIG9mIHRoZSBmaWxlDQojIHRvIGRldGVybWluZSB0aGUgbmVjZXNzaXR5IHRvIG1vZGlmeSB0byBzdWl0YWJsZSBmb3IgeW91ciByZWFsIGVudmlyb25tZW50Lg0KIyBJZiBuZWNlc3NhcnksIHlvdSBoYXZlIHRvIG1vZGlmeSBhIGxpdHRsZSBhZGVxdWF0ZWx5IG9uIHRoZSBmaWxlLg0KIyBGb3IgZXhhbXBsZSwgdGhlIElQIGFkZHJlc3Mgb3IgdGhlIGhvc3RuYW1lIGFzIGEgZGVzdGluYXRpb24gVlBOIFNlcnZlcg0KIyBzaG91bGQgYmUgY29uZmlybWVkLg0KIyANCiMgTm90ZSB0aGF0IHRvIHVzZSBPcGVuVlBOIDIuMCwgeW91IGhhdmUgdG8gcHV0IHRoZSBjZXJ0aWZpY2F0aW9uIGZpbGUgb2YNCiMgdGhlIGRlc3RpbmF0aW9uIFZQTiBTZXJ2ZXIgb24gdGhlIE9wZW5WUE4gQ2xpZW50IGNvbXB1dGVyIHdoZW4geW91IHVzZSB0aGlzDQojIGNvbmZpZyBmaWxlLiBQbGVhc2UgcmVmZXIgdGhlIGJlbG93IGRlc2NyaXB0aW9ucyBjYXJlZnVsbHkuDQoNCg0KIyMjIyMjIyMjIyMjIyMjIyMjIyMjIyMjIyMjIyMjIyMjIyMjIyMjIyMjIyMjIyMjIyMjIyMjIyMjIyMjIyMjIyMjIyMjIyMjIyMjIyMjIw0KIyBTcGVjaWZ5IHRoZSB0eXBlIG9mIHRoZSBsYXllciBvZiB0aGUgVlBOIGNvbm5lY3Rpb24uDQojIA0KIyBUbyBjb25uZWN0IHRvIHRoZSBWUE4gU2VydmVyIGFzIGEgIlJlbW90ZS1BY2Nlc3MgVlBOIENsaWVudCBQQyIsDQojICBzcGVjaWZ5ICdkZXYgdHVuJy4gKExheWVyLTMgSVAgUm91dGluZyBNb2RlKQ0KIw0KIyBUbyBjb25uZWN0IHRvIHRoZSBWUE4gU2VydmVyIGFzIGEgYnJpZGdpbmcgZXF1aXBtZW50IG9mICJTaXRlLXRvLVNpdGUgVlBOIiwNCiMgIHNwZWNpZnkgJ2RldiB0YXAnLiAoTGF5ZXItMiBFdGhlcm5ldCBCcmlkZ2luZSBNb2RlKQ0KDQpkZXYgdHVuDQoNCg0KIyMjIyMjIyMjIyMjIyMjIyMjIyMjIyMjIyMjIyMjIyMjIyMjIyMjIyMjIyMjIyMjIyMjIyMjIyMjIyMjIyMjIyMjIyMjIyMjIyMjIyMjIw0KIyBTcGVjaWZ5IHRoZSB1bmRlcmx5aW5nIHByb3RvY29sIGJleW9uZCB0aGUgSW50ZXJuZXQuDQojIE5vdGUgdGhhdCB0aGlzIHNldHRpbmcgbXVzdCBiZSBjb3JyZXNwb25kIHdpdGggdGhlIGxpc3RlbmluZyBzZXR0aW5nIG9uDQojIHRoZSBWUE4gU2VydmVyLg0KIyANCiMgU3BlY2lmeSBlaXRoZXIgJ3Byb3RvIHRjcCcgb3IgJ3Byb3RvIHVkcCcuDQoNCnByb3RvIHRjcA0KDQoNCiMjIyMjIyMjIyMjIyMjIyMjIyMjIyMjIyMjIyMjIyMjIyMjIyMjIyMjIyMjIyMjIyMjIyMjIyMjIyMjIyMjIyMjIyMjIyMjIyMjIyMjIyMNCiMgVGhlIGRlc3RpbmF0aW9uIGhvc3RuYW1lIC8gSVAgYWRkcmVzcywgYW5kIHBvcnQgbnVtYmVyIG9mDQojIHRoZSB0YXJnZXQgVlBOIFNlcnZlci4NCiMgDQojIFlvdSBoYXZlIHRvIHNwZWNpZnkgYXMgJ3JlbW90ZSA8SE9TVE5BTUU+IDxQT1JUPicuIFlvdSBjYW4gYWxzbw0KIyBzcGVjaWZ5IHRoZSBJUCBhZGRyZXNzIGluc3RlYWQgb2YgdGhlIGhvc3RuYW1lLg0KIyANCiMgTm90ZSB0aGF0IHRoZSBhdXRvLWdlbmVyYXRlZCBiZWxvdyBob3N0bmFtZSBhcmUgYSAiYXV0by1kZXRlY3RlZA0KIyBJUCBhZGRyZXNzIiBvZiB0aGUgVlBOIFNlcnZlci4gWW91IGhhdmUgdG8gY29uZmlybSB0aGUgY29ycmVjdG5lc3MNCiMgYmVmb3JlaGFuZC4NCiMgDQojIFdoZW4geW91IHdhbnQgdG8gY29ubmVjdCB0byB0aGUgVlBOIFNlcnZlciBieSB1c2luZyBUQ1AgcHJvdG9jb2wsDQojIHRoZSBwb3J0IG51bWJlciBvZiB0aGUgZGVzdGluYXRpb24gVENQIHBvcnQgc2hvdWxkIGJlIHNhbWUgYXMgb25lIG9mDQojIHRoZSBhdmFpbGFibGUgVENQIGxpc3RlbmVycyBvbiB0aGUgVlBOIFNlcnZlci4NCiMgDQojIFdoZW4geW91IHVzZSBVRFAgcHJvdG9jb2wsIHRoZSBwb3J0IG51bWJlciBtdXN0IHNhbWUgYXMgdGhlIGNvbmZpZ3VyYXRpb24NCiMgc2V0dGluZyBvZiAiT3BlblZQTiBTZXJ2ZXIgQ29tcGF0aWJsZSBGdW5jdGlvbiIgb24gdGhlIFZQTiBTZXJ2ZXIuDQoNCnJlbW90ZSA3OC4xNTcuMjQyLjE0NCAxNTM0DQoNCg0KIyMjIyMjIyMjIyMjIyMjIyMjIyMjIyMjIyMjIyMjIyMjIyMjIyMjIyMjIyMjIyMjIyMjIyMjIyMjIyMjIyMjIyMjIyMjIyMjIyMjIyMjIw0KIyBUaGUgSFRUUC9IVFRQUyBwcm94eSBzZXR0aW5nLg0KIyANCiMgT25seSBpZiB5b3UgaGF2ZSB0byB1c2UgdGhlIEludGVybmV0IHZpYSBhIHByb3h5LCB1bmNvbW1lbnQgdGhlIGJlbG93DQojIHR3byBsaW5lcyBhbmQgc3BlY2lmeSB0aGUgcHJveHkgYWRkcmVzcyBhbmQgdGhlIHBvcnQgbnVtYmVyLg0KIyBJbiB0aGUgY2FzZSBvZiB1c2luZyBwcm94eS1hdXRoZW50aWNhdGlvbiwgcmVmZXIgdGhlIE9wZW5WUE4gbWFudWFsLg0KDQo7aHR0cC1wcm94eS1yZXRyeQ0KO2h0dHAtcHJveHkgW3Byb3h5IHNlcnZlcl0gW3Byb3h5IHBvcnRdDQoNCg0KIyMjIyMjIyMjIyMjIyMjIyMjIyMjIyMjIyMjIyMjIyMjIyMjIyMjIyMjIyMjIyMjIyMjIyMjIyMjIyMjIyMjIyMjIyMjIyMjIyMjIyMjIw0KIyBUaGUgZW5jcnlwdGlvbiBhbmQgYXV0aGVudGljYXRpb24gYWxnb3JpdGhtLg0KIyANCiMgRGVmYXVsdCBzZXR0aW5nIGlzIGdvb2QuIE1vZGlmeSBpdCBhcyB5b3UgcHJlZmVyLg0KIyBXaGVuIHlvdSBzcGVjaWZ5IGFuIHVuc3VwcG9ydGVkIGFsZ29yaXRobSwgdGhlIGVycm9yIHdpbGwgb2NjdXIuDQojIA0KIyBUaGUgc3VwcG9ydGVkIGFsZ29yaXRobXMgYXJlIGFzIGZvbGxvd3M6DQojICBjaXBoZXI6IFtOVUxMLUNJUEhFUl0gTlVMTCBBRVMtMTI4LUNCQyBBRVMtMTkyLUNCQyBBRVMtMjU2LUNCQyBCRi1DQkMNCiMgICAgICAgICAgQ0FTVC1DQkMgQ0FTVDUtQ0JDIERFUy1DQkMgREVTLUVERS1DQkMgREVTLUVERTMtQ0JDIERFU1gtQ0JDDQojICAgICAgICAgIFJDMi00MC1DQkMgUkMyLTY0LUNCQyBSQzItQ0JDDQojICBhdXRoOiAgIFNIQSBTSEExIE1ENSBNRDQgUk1EMTYwDQoNCmNpcGhlciBBRVMtMTI4LUNCQw0KYXV0aCBTSEExDQoNCg0KIyMjIyMjIyMjIyMjIyMjIyMjIyMjIyMjIyMjIyMjIyMjIyMjIyMjIyMjIyMjIyMjIyMjIyMjIyMjIyMjIyMjIyMjIyMjIyMjIyMjIyMjIw0KIyBPdGhlciBwYXJhbWV0ZXJzIG5lY2Vzc2FyeSB0byBjb25uZWN0IHRvIHRoZSBWUE4gU2VydmVyLg0KIyANCiMgSXQgaXMgbm90IHJlY29tbWVuZGVkIHRvIG1vZGlmeSBpdCB1bmxlc3MgeW91IGhhdmUgYSBwYXJ0aWN1bGFyIG5lZWQuDQoNCnJlc29sdi1yZXRyeSBpbmZpbml0ZQ0Kbm9iaW5kDQpwZXJzaXN0LWtleQ0KcGVyc2lzdC10dW4NCmNsaWVudA0KdmVyYiAzDQojYXV0aC11c2VyLXBhc3MNCg0KDQojIyMjIyMjIyMjIyMjIyMjIyMjIyMjIyMjIyMjIyMjIyMjIyMjIyMjIyMjIyMjIyMjIyMjIyMjIyMjIyMjIyMjIyMjIyMjIyMjIyMjIyMjDQojIFRoZSBjZXJ0aWZpY2F0ZSBmaWxlIG9mIHRoZSBkZXN0aW5hdGlvbiBWUE4gU2VydmVyLg0KIyANCiMgVGhlIENBIGNlcnRpZmljYXRlIGZpbGUgaXMgZW1iZWRkZWQgaW4gdGhlIGlubGluZSBmb3JtYXQuDQojIFlvdSBjYW4gcmVwbGFjZSB0aGlzIENBIGNvbnRlbnRzIGlmIG5lY2Vzc2FyeS4NCiMgUGxlYXNlIG5vdGUgdGhhdCBpZiB0aGUgc2VydmVyIGNlcnRpZmljYXRlIGlzIG5vdCBhIHNlbGYtc2lnbmVkLCB5b3UgaGF2ZSB0bw0KIyBzcGVjaWZ5IHRoZSBzaWduZXIncyByb290IGNlcnRpZmljYXRlIChDQSkgaGVyZS4NCg0KPGNhPg0KLS0tLS1CRUdJTiBDRVJUSUZJQ0FURS0tLS0tDQpNSUlGYXpDQ0ExT2dBd0lCQWdJUkFJSVF6N0RTUU9OWlJHUGd1Mk9DaXdBd0RRWUpLb1pJaHZjTkFRRUxCUUF3DQpUekVMTUFrR0ExVUVCaE1DVlZNeEtUQW5CZ05WQkFvVElFbHVkR1Z5Ym1WMElGTmxZM1Z5YVhSNUlGSmxjMlZoDQpjbU5vSUVkeWIzVndNUlV3RXdZRFZRUURFd3hKVTFKSElGSnZiM1FnV0RFd0hoY05NVFV3TmpBME1URXdORE00DQpXaGNOTXpVd05qQTBNVEV3TkRNNFdqQlBNUXN3Q1FZRFZRUUdFd0pWVXpFcE1DY0dBMVVFQ2hNZ1NXNTBaWEp1DQpaWFFnVTJWamRYSnBkSGtnVW1WelpXRnlZMmdnUjNKdmRYQXhGVEFUQmdOVkJBTVRERWxUVWtjZ1VtOXZkQ0JZDQpNVENDQWlJd0RRWUpLb1pJaHZjTkFRRUJCUUFEZ2dJUEFEQ0NBZ29DZ2dJQkFLM29KSFAwRkRmem01NHJWeWdjDQpoNzdjdDk4NGtJeHVQT1pYb0hqM2RjS2kvdlZxYnZZQVR5amIzbWlHYkVTVHRyRmovUlFTYTc4ZjB1b3hteUYrDQowVE04dWtqMTNYbmZzN2ovRXZFaG1rdkJpb1p4YVVwbVpteVBmanh3djYwcElnYno1TURtZ0s3aVM0KzNtWDZVDQpBNS9UUjVkOG1VZ2pVK2c0cms4S2I0TXUwVWxYaklCMHR0b3YwRGlOZXdOd0lSdDE4akE4K28rdTNkcGpxK3NXDQpUOEtPRVV0K3p3dm8vN1YzTHZTeWUwcmdUQklsREhDTkF5bWc0Vk1rN0JQWjdobS9FTE5LakQrSm8yRlIzcXlIDQpCNVQwWTNIc0x1SnZXNWlCNFlsY05IbHNkdTg3a0dKNTV0dWttaThteGRBUTRRN2UyUkNPRnZ1Mzk2ajN4K1VDDQpCNWlQTmdpVjUrSTNsZzAyZFo3N0RuS3hIWnU4QS9sSkJkaUIzUVcwS3RaQjZhd0JkcFVLRDlqZjFiMFNIelV2DQpLQmRzMHBqQnFBbGtkMjVITjdyT3JGbGVhSjEvY3RhSnhRWkJLVDVaUHQwbTlTVEpFYWRhbzB4QUgwYWhtYlduDQpPbEZ1aGp1ZWZYS25FZ1Y0V2UwK1VYZ1ZDd09QamRBdkJiSStlMG9jUzNNRkV2ekc2dUJRRTN4RGszU3p5blRuDQpqaDhCQ05BdzFGdHhOclFIdXNFd01GeEl0NEk3bUtaOVlJcWlveW1DekxxOWd3UWJvb01EUWFIV0JmRWJ3cmJ3DQpxSHlHTzBhb1NDcUkzSGFhZHI4ZmFxVTlHWS9yT1BOazNzZ3JEUW9vLy9mYjRoVkMxQ0xRSjEzaGVmNFk1M0NJDQpyVTdtMllzNnh0MG5VVzcvdkdUMU0wTlBBZ01CQUFHalFqQkFNQTRHQTFVZER3RUIvd1FFQXdJQkJqQVBCZ05WDQpIUk1CQWY4RUJUQURBUUgvTUIwR0ExVWREZ1FXQkJSNXRGbm1lN2JsNUFGemdBaUl5QnBZOXVtYmJqQU5CZ2txDQpoa2lHOXcwQkFRc0ZBQU9DQWdFQVZSOVlxYnl5cUZEUURMSFlHbWtnSnlrSXJHRjFYSXB1K0lMbGFTL1Y5bFpMDQp1Ymh6RUZuVElaZCs1MHh4KzdMU1lLMDVxQXZxRnlGV2hmRlFEbG5yenVCWjZickpGZStHblkrRWdQYms2WkdRDQozQmViWWh0RjhHYVYwbnh2d3VvNzd4L1B5OWF1Si9HcHNNaXUvWDErbXZvaUJPdi8yWC9xa1NzaXNSY09qL0tLDQpORnRZMlB3QnlWUzV1Q2JNaW9nemlVd3RoRHlDMys2V1Z3VzZMTHYzeExmSFRqdUN2akhJSW5Oemt0SENnS1E1DQpPUkF6STRKTVBKK0dzbFdZSGI0cGhvd2ltNTdpYXp0WE9vSndUZHdKeDRuTENnZE5iT2hkanNudnpxdkh1N1VyDQpUa1hXU3RBbXpPVnl5Z2hxcFpYakZhSDNwTzNKTEYrbCsvK3NLQUl1dnRkN3UrTnhlNUFXMHdkZVJsTjhOd2RDDQpqTlBFbHB6Vm1iVXE0SlVhZ0VpdVREa0h6c3hIcEZLVks3cTQrNjNTTTFOOTVSMU5iZFdoc2NkQ2IrWkFKelZjDQpveWkzQjQzbmpUT1E1eU9mKzFDY2VXeEcxYlFWczVadWZwc01sanE0VWkwLzFsdmgrd2pDaFA0a3FLT0oycXhxDQo0Umdxc2FoRFlWdlRIOXc3alhieUxlaU5kZDhYTTJ3OVUvdDd5MEZmLzl5aTBHRTQ0WmE0ckYyTE45ZDExVFBBDQptUkd1blVIQmNuV0V2Z0pCUWw5bkpFaVUwWnNudmdjL3ViaFBnWFJSNFhxMzdaMGo0cjdnMVNnRUV6d3hBNTdkDQplbXlQeGdjWXhuL2VSNDQvS0o0RUJzK2xWRFIzdmV5Sm0ra1hROTliMjEvK2poNVhvczFBblg1aUl0cmVHQ2M9DQotLS0tLUVORCBDRVJUSUZJQ0FURS0tLS0tDQoNCjwvY2E+DQoNCg0KIyMjIyMjIyMjIyMjIyMjIyMjIyMjIyMjIyMjIyMjIyMjIyMjIyMjIyMjIyMjIyMjIyMjIyMjIyMjIyMjIyMjIyMjIyMjIyMjIyMjIyMjIw0KIyBUaGUgY2xpZW50IGNlcnRpZmljYXRlIGZpbGUgKGR1bW15KS4NCiMgDQojIEluIHNvbWUgaW1wbGVtZW50YXRpb25zIG9mIE9wZW5WUE4gQ2xpZW50IHNvZnR3YXJlDQojIChmb3IgZXhhbXBsZTogT3BlblZQTiBDbGllbnQgZm9yIGlPUyksDQojIGEgcGFpciBvZiBjbGllbnQgY2VydGlmaWNhdGUgYW5kIHByaXZhdGUga2V5IG11c3QgYmUgaW5jbHVkZWQgb24gdGhlDQojIGNvbmZpZ3VyYXRpb24gZmlsZSBkdWUgdG8gdGhlIGxpbWl0YXRpb24gb2YgdGhlIGNsaWVudC4NCiMgU28gdGhpcyBzYW1wbGUgY29uZmlndXJhdGlvbiBmaWxlIGhhcyBhIGR1bW15IHBhaXIgb2YgY2xpZW50IGNlcnRpZmljYXRlDQojIGFuZCBwcml2YXRlIGtleSBhcyBmb2xsb3dzLg0KDQo8Y2VydD4NCi0tLS0tQkVHSU4gQ0VSVElGSUNBVEUtLS0tLQ0KTUlJQ3hqQ0NBYTRDQVFBd0RRWUpLb1pJaHZjTkFRRUZCUUF3S1RFYU1CZ0dBMVVFQXhNUlZsQk9SMkYwWlVOcw0KYVdWdWRFTmxjblF4Q3pBSkJnTlZCQVlUQWtwUU1CNFhEVEV6TURJeE1UQXpORGswT1ZvWERUTTNNREV4T1RBeg0KTVRRd04xb3dLVEVhTUJnR0ExVUVBeE1SVmxCT1IyRjBaVU5zYVdWdWRFTmxjblF4Q3pBSkJnTlZCQVlUQWtwUQ0KTUlJQklqQU5CZ2txaGtpRzl3MEJBUUVGQUFPQ0FROEFNSUlCQ2dLQ0FRRUE1aDJsZ1FRWVVqd29LWUpielZaQQ0KNVZjSUdkNW90UGMvcVpSTXQwS0l0Q0ZBMHM5UndSZU5WYTlmRFJGTFJCaGNJVE9sdjNGQmNXM0U4aDFVczdSRA0KNFc4R21KZTh6YXBKbkxzRDM5T1NNUkN6WkpuY3pXNE9DSDFQWlJaV0txRHRqbE5jYTlBRjhhNjVqVG1sRHhDUQ0KQ2pudExJV2s1T0xMVmtGdDkvdFNjYzFHRHRjaTU1b2ZoYU5BWU1QaUg3VjgrMWc2NnBHSFhBb1dLNkFRVkg2Nw0KWENLSm5HQjVubFErSHNNWVBWL080OUxkOTFaTi8ydEhrY2FMTHlOdHl3eFZQUlNzUmg0ODBqanUwZmNDc3Y2aA0KcC8weVhuVEIvL21XdXRCR3BkVWxJYndpSVRiQW1yc2JZbmppZ1J2blBxWDFSTkpVYmk5RnA2QzJjL0hJRkpHRA0KeXdJREFRQUJNQTBHQ1NxR1NJYjNEUUVCQlFVQUE0SUJBUUNoTzVoZ2N3LzRvV2ZvRUZMdTlrQmExQi8va3hIOA0KaFFrQ2hWTm44QlJDN1kwVVJRaXRQbDNES0VlZDlVUkJEZGcyS09Bejc3YmI2RU5QaWxpRCthMzhVSkhJUk1xZQ0KVUJIaGxsT0hJenZEaEhGYmFvdkFMQlFjZWVCemRrUXhzS1FFU0ttUW1SODMyOTUwVUNvdm95UkI2MVV5QVY3aA0KK21aaFlQR1JLWEtTSkk2czBFZ2cvQ3JpK0N3azRiakpmcmI1aFZzZTExeWg0RDlNSGh3U2ZDT0grMHo0aFBVVA0KRmt1N2RHYXZVUk81U1Z4TW4vc0w2RW41RCtvU2VYa2FkSHBEcytBaXJ5bTJZSGgxNWgwK2pQU09vUjZ5aVZwLw0KNnpaZVprck40M2t1UzczS3BLREZqZkZQaDh0NHIxZ09JanR0a05jUXFCY2N1c25wbFE3SEpwc2sNCi0tLS0tRU5EIENFUlRJRklDQVRFLS0tLS0NCg0KPC9jZXJ0Pg0KDQo8a2V5Pg0KLS0tLS1CRUdJTiBSU0EgUFJJVkFURSBLRVktLS0tLQ0KTUlJRXBBSUJBQUtDQVFFQTVoMmxnUVFZVWp3b0tZSmJ6VlpBNVZjSUdkNW90UGMvcVpSTXQwS0l0Q0ZBMHM5Ug0Kd1JlTlZhOWZEUkZMUkJoY0lUT2x2M0ZCY1czRThoMVVzN1JENFc4R21KZTh6YXBKbkxzRDM5T1NNUkN6WkpuYw0Kelc0T0NIMVBaUlpXS3FEdGpsTmNhOUFGOGE2NWpUbWxEeENRQ2pudExJV2s1T0xMVmtGdDkvdFNjYzFHRHRjaQ0KNTVvZmhhTkFZTVBpSDdWOCsxZzY2cEdIWEFvV0s2QVFWSDY3WENLSm5HQjVubFErSHNNWVBWL080OUxkOTFaTg0KLzJ0SGtjYUxMeU50eXd4VlBSU3NSaDQ4MGpqdTBmY0NzdjZocC8weVhuVEIvL21XdXRCR3BkVWxJYndpSVRiQQ0KbXJzYlluamlnUnZuUHFYMVJOSlViaTlGcDZDMmMvSElGSkdEeXdJREFRQUJBb0lCQUVSVjdYNUF2eEE4dVJpSw0KazhTSXBzRDBkWDFwSk9NSXdha1VWeXZjNEVmTjBEaEtSTmI0cllvU2lFR1RMeXpMcHlCYy9BMjhEbGttNWVPWQ0KZmp6WGZZa0d0WWkvRnR4a2czTzl2Y3JNUTQrNmkrdUdIYUlMMnJMK3M0TXJmTzh2MXh2NitXa3kzM0VFR0NvdQ0KUWl3VkdSRlFYblJvUTYyTkJDRmJVTkxobVh3ZGoxYWtaekxVNHA1UjR6QTNRaGR4d0VJYXRWTHQwKzdvd0xRMw0KbFA4c2ZYaHBwUE9YalRxTUQ0UWtZd3pQQWE4L3pGN2FjbjRrcnlyVVA3UTZQQWZkMHpFVnFOeTlaQ1o5ZmZobw0KelhlZEZqNDg2SUZvYzVnblRwMk42anNuVmo0TENHSWhsVkhsWUdvektLRnFKY1FWR3NIQ3FxMW96MnpqVzZMUw0Kb1JZSUhnRUNnWUVBOHpacmtDd05ZU1hKdU9ESjNtL2hPTFZ4Y3hnSnV3WG9pRXJXZDBFNDJ2UGFuampWTWhudA0KS1k1bDhxR01KNkZoSzlMWXgycUNyZi9FMFh0VUFaMndWcTNPUlR5R25zTVdyZTl0TFlzNTVYK1pOMTBUYzc1eg0KNGhhY2JVMGhxS04xSGlEbXNNUlkzLzJOYVpIb3k3TUtud0pKQmFHNDhsOUNDVGxWd01Ib2NJRUNnWUVBOGpieQ0KZEdqeFRIKzZYSFdOaXpiNVNSYlp4QW55RWVKZVJ3VE1oMGdHendHUHBIL3NaWUd6eXUwU3lTWFdDblpoM1JncQ0KNXVMbE54dHJYcmxqWmx5aTJuUWRRZ3NxMllyV1VzMCt6Z1UrMjJ1UXNacFNBZnRtaFZydHZldDZNalZqYkJ5WQ0KREFEY2lFVlVkSllJWGsrcW5GVUp5ZXJvTElrVGo3V1lLWjZSamtzQ2dZQm9DRkl3UkRlZzQyb0s4OVJGbW5Pcg0KTHltTkFxNCsyb01oc1dsVmI0ZWpXSVdlQWs5bmMrR1hVZnJYc3pSaFMwMW1VblU1cjV5Z1V2UmNhclYvVDNVNw0KVG5NWitJN1k0RGdXUklEZDUxem5oeElCdFlWNWovQy90ODVIanFPa0grOGI2UlRrYmNoYVgzbWF1N2ZwVWZkcw0KRnEwbmhJcTQyZmhFTzhzcmZZWXdnUUtCZ1FDeWhpMU4vOHRhUndwayszL0lERXpRd2piZmR6VWtXV1NEazlYcw0KSC9wa3VSSFdmVE1QM2ZsV3FFWWdXL0xXNDBwZVcySERxNWltZFY4K0FnWnhlL1hNYmFqaTlMZ3dmMVJZMDA1bg0KS3hhWlF6N3lxSHVwV2xMR0Y2OERQSHhrWlZWU2FnRG5WL3N6dFdYNlNGc0NxRlZueElYaWZYR0M0Y1c1Tm05Zw0KdmE4cTRRS0JnUUNFaExWZVVmZHdLdmtaOTRnL0dGejczMVoyaHJkVmhnTVphVS91NnQwVjk1K1llelBOQ1FaQg0Kd21FOU1tbGJxMWVtRGVST2l2akNmb0doUjNrWlhXMXBUS2xMaDZaTVVRVU9wcHRkWHZhOFh4Zm9xUXdhM2VuQQ0KTTdtdUJiRjBYTjdWTzgwaUpQditQbUlaZEVJQWtwd0tmaTIwMVlCK0JhZkNJdUd4SUY1MFZnPT0NCi0tLS0tRU5EIFJTQSBQUklWQVRFIEtFWS0tLS0tDQoNCjwva2V5Pg0KDQo=
vpn640794719,222.237.244.128,430890,-,79425819,Korea Republic of,KR,2,0,14646,599963191945,2weeks,DESKTOP-E3U21LK's owner,,IyMjIyMjIyMjIyMjIyMjIyMjIyMjIyMjIyMjIyMjIyMjIyMjIyMjIyMjIyMjIyMjIyMjIyMjIyMjIyMjIyMjIyMjIyMjIyMjIyMjIyMjIw0KIyBPcGVuVlBOIDIuMCBTYW1wbGUgQ29uZmlndXJhdGlvbiBGaWxlDQojIGZvciBQYWNrZXRpWCBWUE4gLyBTb2Z0RXRoZXIgVlBOIFNlcnZlcg0KIyANCiMgISEhIEFVVE8tR0VORVJBVEVEIEJZIFNPRlRFVEhFUiBWUE4gU0VSVkVSIE1BTkFHRU1FTlQgVE9PTCAhISENCiMgDQojICEhISBZT1UgSEFWRSBUTyBSRVZJRVcgSVQgQkVGT1JFIFVTRSBBTkQgTU9ESUZZIElUIEFTIE5FQ0VTU0FSWSAhISENCiMgDQojIFRoaXMgY29uZmlndXJhdGlvbiBmaWxlIGlzIGF1dG8tZ2VuZXJhdGVkLiBZb3UgbWlnaHQgdXNlIHRoaXMgY29uZmlnIGZpbGUNCiMgaW4gb3JkZXIgdG8gY29ubmVjdCB0byB0aGUgUGFja2V0aVggVlBOIC8gU29mdEV0aGVyIFZQTiBTZXJ2ZXIuDQojIEhvd2V2ZXIsIGJlZm9yZSB5b3UgdHJ5IGl0LCB5b3Ugc2hvdWxkIHJldmlldyB0aGUgZGVzY3JpcHRpb25zIG9mIHRoZSBmaWxlDQojIHRvIGRldGVybWluZSB0aGUgbmVjZXNzaXR5IHRvIG1vZGlmeSB0byBzdWl0YWJsZSBmb3IgeW91ciByZWFsIGVudmlyb25tZW50Lg0KIyBJZiBuZWNlc3NhcnksIHlvdSBoYXZlIHRvIG1vZGlmeSBhIGxpdHRsZSBhZGVxdWF0ZWx5IG9uIHRoZSBmaWxlLg0KIyBGb3IgZXhhbXBsZSwgdGhlIElQIGFkZHJlc3Mgb3IgdGhlIGhvc3RuYW1lIGFzIGEgZGVzdGluYXRpb24gVlBOIFNlcnZlcg0KIyBzaG91bGQgYmUgY29uZmlybWVkLg0KIyANCiMgTm90ZSB0aGF0IHRvIHVzZSBPcGVuVlBOIDIuMCwgeW91IGhhdmUgdG8gcHV0IHRoZSBjZXJ0aWZpY2F0aW9uIGZpbGUgb2YNCiMgdGhlIGRlc3RpbmF0aW9uIFZQTiBTZXJ2ZXIgb24gdGhlIE9wZW5WUE4gQ2xpZW50IGNvbXB1dGVyIHdoZW4geW91IHVzZSB0aGlzDQojIGNvbmZpZyBmaWxlLiBQbGVhc2UgcmVmZXIgdGhlIGJlbG93IGRlc2NyaXB0aW9ucyBjYXJlZnVsbHkuDQoNCg0KIyMjIyMjIyMjIyMjIyMjIyMjIyMjIyMjIyMjIyMjIyMjIyMjIyMjIyMjIyMjIyMjIyMjIyMjIyMjIyMjIyMjIyMjIyMjIyMjIyMjIyMjIw0KIyBTcGVjaWZ5IHRoZSB0eXBlIG9mIHRoZSBsYXllciBvZiB0aGUgVlBOIGNvbm5lY3Rpb24uDQojIA0KIyBUbyBjb25uZWN0IHRvIHRoZSBWUE4gU2VydmVyIGFzIGEgIlJlbW90ZS1BY2Nlc3MgVlBOIENsaWVudCBQQyIsDQojICBzcGVjaWZ5ICdkZXYgdHVuJy4gKExheWVyLTMgSVAgUm91dGluZyBNb2RlKQ0KIw0KIyBUbyBjb25uZWN0IHRvIHRoZSBWUE4gU2VydmVyIGFzIGEgYnJpZGdpbmcgZXF1aXBtZW50IG9mICJTaXRlLXRvLVNpdGUgVlBOIiwNCiMgIHNwZWNpZnkgJ2RldiB0YXAnLiAoTGF5ZXItMiBFdGhlcm5ldCBCcmlkZ2luZSBNb2RlKQ0KDQpkZXYgdHVuDQoNCg0KIyMjIyMjIyMjIyMjIyMjIyMjIyMjIyMjIyMjIyMjIyMjIyMjIyMjIyMjIyMjIyMjIyMjIyMjIyMjIyMjIyMjIyMjIyMjIyMjIyMjIyMjIw0KIyBTcGVjaWZ5IHRoZSB1bmRlcmx5aW5nIHByb3RvY29sIGJleW9uZCB0aGUgSW50ZXJuZXQuDQojIE5vdGUgdGhhdCB0aGlzIHNldHRpbmcgbXVzdCBiZSBjb3JyZXNwb25kIHdpdGggdGhlIGxpc3RlbmluZyBzZXR0aW5nIG9uDQojIHRoZSBWUE4gU2VydmVyLg0KIyANCiMgU3BlY2lmeSBlaXRoZXIgJ3Byb3RvIHRjcCcgb3IgJ3Byb3RvIHVkcCcuDQoNCnByb3RvIHRjcA0KDQoNCiMjIyMjIyMjIyMjIyMjIyMjIyMjIyMjIyMjIyMjIyMjIyMjIyMjIyMjIyMjIyMjIyMjIyMjIyMjIyMjIyMjIyMjIyMjIyMjIyMjIyMjIyMNCiMgVGhlIGRlc3RpbmF0aW9uIGhvc3RuYW1lIC8gSVAgYWRkcmVzcywgYW5kIHBvcnQgbnVtYmVyIG9mDQojIHRoZSB0YXJnZXQgVlBOIFNlcnZlci4NCiMgDQojIFlvdSBoYXZlIHRvIHNwZWNpZnkgYXMgJ3JlbW90ZSA8SE9TVE5BTUU+IDxQT1JUPicuIFlvdSBjYW4gYWxzbw0KIyBzcGVjaWZ5IHRoZSBJUCBhZGRyZXNzIGluc3RlYWQgb2YgdGhlIGhvc3RuYW1lLg0KIyANCiMgTm90ZSB0aGF0IHRoZSBhdXRvLWdlbmVyYXRlZCBiZWxvdyBob3N0bmFtZSBhcmUgYSAiYXV0by1kZXRlY3RlZA0KIyBJUCBhZGRyZXNzIiBvZiB0aGUgVlBOIFNlcnZlci4gWW91IGhhdmUgdG8gY29uZmlybSB0aGUgY29ycmVjdG5lc3MNCiMgYmVmb3JlaGFuZC4NCiMgDQojIFdoZW4geW91IHdhbnQgdG8gY29ubmVjdCB0byB0aGUgVlBOIFNlcnZlciBieSB1c2luZyBUQ1AgcHJvdG9jb2wsDQojIHRoZSBwb3J0IG51bWJlciBvZiB0aGUgZGVzdGluYXRpb24gVENQIHBvcnQgc2hvdWxkIGJlIHNhbWUgYXMgb25lIG9mDQojIHRoZSBhdmFpbGFibGUgVENQIGxpc3RlbmVycyBvbiB0aGUgVlBOIFNlcnZlci4NCiMgDQojIFdoZW4geW91IHVzZSBVRFAgcHJvdG9jb2wsIHRoZSBwb3J0IG51bWJlciBtdXN0IHNhbWUgYXMgdGhlIGNvbmZpZ3VyYXRpb24NCiMgc2V0dGluZyBvZiAiT3BlblZQTiBTZXJ2ZXIgQ29tcGF0aWJsZSBGdW5jdGlvbiIgb24gdGhlIFZQTiBTZXJ2ZXIuDQoNCnJlbW90ZSAyMjIuMjM3LjI0NC4xMjggMTgxOA0KDQoNCiMjIyMjIyMjIyMjIyMjIyMjIyMjIyMjIyMjIyMjIyMjIyMjIyMjIyMjIyMjIyMjIyMjIyMjIyMjIyMjIyMjIyMjIyMjIyMjIyMjIyMjIyMNCiMgVGhlIEhUVFAvSFRUUFMgcHJveHkgc2V0dGluZy4NCiMgDQojIE9ubHkgaWYgeW91IGhhdmUgdG8gdXNlIHRoZSBJbnRlcm5ldCB2aWEgYSBwcm94eSwgdW5jb21tZW50IHRoZSBiZWxvdw0KIyB0d28gbGluZXMgYW5kIHNwZWNpZnkgdGhlIHByb3h5IGFkZHJlc3MgYW5kIHRoZSBwb3J0IG51bWJlci4NCiMgSW4gdGhlIGNhc2Ugb2YgdXNpbmcgcHJveHktYXV0aGVudGljYXRpb24sIHJlZmVyIHRoZSBPcGVuVlBOIG1hbnVhbC4NCg0KO2h0dHAtcHJveHktcmV0cnkNCjtodHRwLXByb3h5IFtwcm94eSBzZXJ2ZXJdIFtwcm94eSBwb3J0XQ0KDQoNCiMjIyMjIyMjIyMjIyMjIyMjIyMjIyMjIyMjIyMjIyMjIyMjIyMjIyMjIyMjIyMjIyMjIyMjIyMjIyMjIyMjIyMjIyMjIyMjIyMjIyMjIyMNCiMgVGhlIGVuY3J5cHRpb24gYW5kIGF1dGhlbnRpY2F0aW9uIGFsZ29yaXRobS4NCiMgDQojIERlZmF1bHQgc2V0dGluZyBpcyBnb29kLiBNb2RpZnkgaXQgYXMgeW91IHByZWZlci4NCiMgV2hlbiB5b3Ugc3BlY2lmeSBhbiB1bnN1cHBvcnRlZCBhbGdvcml0aG0sIHRoZSBlcnJvciB3aWxsIG9jY3VyLg0KIyANCiMgVGhlIHN1cHBvcnRlZCBhbGdvcml0aG1zIGFyZSBhcyBmb2xsb3dzOg0KIyAgY2lwaGVyOiBbTlVMTC1DSVBIRVJdIE5VTEwgQUVTLTEyOC1DQkMgQUVTLTE5Mi1DQkMgQUVTLTI1Ni1DQkMgQkYtQ0JDDQojICAgICAgICAgIENBU1QtQ0JDIENBU1Q1LUNCQyBERVMtQ0JDIERFUy1FREUtQ0JDIERFUy1FREUzLUNCQyBERVNYLUNCQw0KIyAgICAgICAgICBSQzItNDAtQ0JDIFJDMi02NC1DQkMgUkMyLUNCQw0KIyAgYXV0aDogICBTSEEgU0hBMSBNRDUgTUQ0IFJNRDE2MA0KDQpjaXBoZXIgQUVTLTEyOC1DQkMNCmF1dGggU0hBMQ0KDQoNCiMjIyMjIyMjIyMjIyMjIyMjIyMjIyMjIyMjIyMjIyMjIyMjIyMjIyMjIyMjIyMjIyMjIyMjIyMjIyMjIyMjIyMjIyMjIyMjIyMjIyMjIyMNCiMgT3RoZXIgcGFyYW1ldGVycyBuZWNlc3NhcnkgdG8gY29ubmVjdCB0byB0aGUgVlBOIFNlcnZlci4NCiMgDQojIEl0IGlzIG5vdCByZWNvbW1lbmRlZCB0byBtb2RpZnkgaXQgdW5sZXNzIHlvdSBoYXZlIGEgcGFydGljdWxhciBuZWVkLg0KDQpyZXNvbHYtcmV0cnkgaW5maW5pdGUNCm5vYmluZA0KcGVyc2lzdC1rZXkNCnBlcnNpc3QtdHVuDQpjbGllbnQNCnZlcmIgMw0KI2F1dGgtdXNlci1wYXNzDQoNCg0KIyMjIyMjIyMjIyMjIyMjIyMjIyMjIyMjIyMjIyMjIyMjIyMjIyMjIyMjIyMjIyMjIyMjIyMjIyMjIyMjIyMjIyMjIyMjIyMjIyMjIyMjIw0KIyBUaGUgY2VydGlmaWNhdGUgZmlsZSBvZiB0aGUgZGVzdGluYXRpb24gVlBOIFNlcnZlci4NCiMgDQojIFRoZSBDQSBjZXJ0aWZpY2F0ZSBmaWxlIGlzIGVtYmVkZGVkIGluIHRoZSBpbmxpbmUgZm9ybWF0Lg0KIyBZb3UgY2FuIHJlcGxhY2UgdGhpcyBDQSBjb250ZW50cyBpZiBuZWNlc3NhcnkuDQojIFBsZWFzZSBub3RlIHRoYXQgaWYgdGhlIHNlcnZlciBjZXJ0aWZpY2F0ZSBpcyBub3QgYSBzZWxmLXNpZ25lZCwgeW91IGhhdmUgdG8NCiMgc3BlY2lmeSB0aGUgc2lnbmVyJ3Mgcm9vdCBjZXJ0aWZpY2F0ZSAoQ0EpIGhlcmUuDQoNCjxjYT4NCi0tLS0tQkVHSU4gQ0VSVElGSUNBVEUtLS0tLQ0KTUlJRmF6Q0NBMU9nQXdJQkFnSVJBSUlRejdEU1FPTlpSR1BndTJPQ2l3QXdEUVlKS29aSWh2Y05BUUVMQlFBdw0KVHpFTE1Ba0dBMVVFQmhNQ1ZWTXhLVEFuQmdOVkJBb1RJRWx1ZEdWeWJtVjBJRk5sWTNWeWFYUjVJRkpsYzJWaA0KY21Ob0lFZHliM1Z3TVJVd0V3WURWUVFERXd4SlUxSkhJRkp2YjNRZ1dERXdIaGNOTVRVd05qQTBNVEV3TkRNNA0KV2hjTk16VXdOakEwTVRFd05ETTRXakJQTVFzd0NRWURWUVFHRXdKVlV6RXBNQ2NHQTFVRUNoTWdTVzUwWlhKdQ0KWlhRZ1UyVmpkWEpwZEhrZ1VtVnpaV0Z5WTJnZ1IzSnZkWEF4RlRBVEJnTlZCQU1UREVsVFVrY2dVbTl2ZENCWQ0KTVRDQ0FpSXdEUVlKS29aSWh2Y05BUUVCQlFBRGdnSVBBRENDQWdvQ2dnSUJBSzNvSkhQMEZEZnptNTRyVnlnYw0KaDc3Y3Q5ODRrSXh1UE9aWG9IajNkY0tpL3ZWcWJ2WUFUeWpiM21pR2JFU1R0ckZqL1JRU2E3OGYwdW94bXlGKw0KMFRNOHVrajEzWG5mczdqL0V2RWhta3ZCaW9aeGFVcG1abXlQZmp4d3Y2MHBJZ2J6NU1EbWdLN2lTNCszbVg2VQ0KQTUvVFI1ZDhtVWdqVStnNHJrOEtiNE11MFVsWGpJQjB0dG92MERpTmV3TndJUnQxOGpBOCtvK3UzZHBqcStzVw0KVDhLT0VVdCt6d3ZvLzdWM0x2U3llMHJnVEJJbERIQ05BeW1nNFZNazdCUFo3aG0vRUxOS2pEK0pvMkZSM3F5SA0KQjVUMFkzSHNMdUp2VzVpQjRZbGNOSGxzZHU4N2tHSjU1dHVrbWk4bXhkQVE0UTdlMlJDT0Z2dTM5NmozeCtVQw0KQjVpUE5naVY1K0kzbGcwMmRaNzdEbkt4SFp1OEEvbEpCZGlCM1FXMEt0WkI2YXdCZHBVS0Q5amYxYjBTSHpVdg0KS0JkczBwakJxQWxrZDI1SE43ck9yRmxlYUoxL2N0YUp4UVpCS1Q1WlB0MG05U1RKRWFkYW8weEFIMGFobWJXbg0KT2xGdWhqdWVmWEtuRWdWNFdlMCtVWGdWQ3dPUGpkQXZCYkkrZTBvY1MzTUZFdnpHNnVCUUUzeERrM1N6eW5Ubg0Kamg4QkNOQXcxRnR4TnJRSHVzRXdNRnhJdDRJN21LWjlZSXFpb3ltQ3pMcTlnd1Fib29NRFFhSFdCZkVid3Jidw0KcUh5R08wYW9TQ3FJM0hhYWRyOGZhcVU5R1kvck9QTmszc2dyRFFvby8vZmI0aFZDMUNMUUoxM2hlZjRZNTNDSQ0KclU3bTJZczZ4dDBuVVc3L3ZHVDFNME5QQWdNQkFBR2pRakJBTUE0R0ExVWREd0VCL3dRRUF3SUJCakFQQmdOVg0KSFJNQkFmOEVCVEFEQVFIL01CMEdBMVVkRGdRV0JCUjV0Rm5tZTdibDVBRnpnQWlJeUJwWTl1bWJiakFOQmdrcQ0KaGtpRzl3MEJBUXNGQUFPQ0FnRUFWUjlZcWJ5eXFGRFFETEhZR21rZ0p5a0lyR0YxWElwdStJTGxhUy9WOWxaTA0KdWJoekVGblRJWmQrNTB4eCs3TFNZSzA1cUF2cUZ5RldoZkZRRGxucnp1Qlo2YnJKRmUrR25ZK0VnUGJrNlpHUQ0KM0JlYllodEY4R2FWMG54dnd1bzc3eC9QeTlhdUovR3BzTWl1L1gxK212b2lCT3YvMlgvcWtTc2lzUmNPai9LSw0KTkZ0WTJQd0J5VlM1dUNiTWlvZ3ppVXd0aER5QzMrNldWd1c2TEx2M3hMZkhUanVDdmpISUluTnprdEhDZ0tRNQ0KT1JBekk0Sk1QSitHc2xXWUhiNHBob3dpbTU3aWF6dFhPb0p3VGR3Sng0bkxDZ2ROYk9oZGpzbnZ6cXZIdTdVcg0KVGtYV1N0QW16T1Z5eWdocXBaWGpGYUgzcE8zSkxGK2wrLytzS0FJdXZ0ZDd1K054ZTVBVzB3ZGVSbE44TndkQw0Kak5QRWxwelZtYlVxNEpVYWdFaXVURGtIenN4SHBGS1ZLN3E0KzYzU00xTjk1UjFOYmRXaHNjZENiK1pBSnpWYw0Kb3lpM0I0M25qVE9RNXlPZisxQ2NlV3hHMWJRVnM1WnVmcHNNbGpxNFVpMC8xbHZoK3dqQ2hQNGtxS09KMnF4cQ0KNFJncXNhaERZVnZUSDl3N2pYYnlMZWlOZGQ4WE0ydzlVL3Q3eTBGZi85eWkwR0U0NFphNHJGMkxOOWQxMVRQQQ0KbVJHdW5VSEJjbldFdmdKQlFsOW5KRWlVMFpzbnZnYy91YmhQZ1hSUjRYcTM3WjBqNHI3ZzFTZ0VFend4QTU3ZA0KZW15UHhnY1l4bi9lUjQ0L0tKNEVCcytsVkRSM3ZleUptK2tYUTk5YjIxLytqaDVYb3MxQW5YNWlJdHJlR0NjPQ0KLS0tLS1FTkQgQ0VSVElGSUNBVEUtLS0tLQ0KDQo8L2NhPg0KDQoNCiMjIyMjIyMjIyMjIyMjIyMjIyMjIyMjIyMjIyMjIyMjIyMjIyMjIyMjIyMjIyMjIyMjIyMjIyMjIyMjIyMjIyMjIyMjIyMjIyMjIyMjIyMNCiMgVGhlIGNsaWVudCBjZXJ0aWZpY2F0ZSBmaWxlIChkdW1teSkuDQojIA0KIyBJbiBzb21lIGltcGxlbWVudGF0aW9ucyBvZiBPcGVuVlBOIENsaWVudCBzb2Z0d2FyZQ0KIyAoZm9yIGV4YW1wbGU6IE9wZW5WUE4gQ2xpZW50IGZvciBpT1MpLA0KIyBhIHBhaXIgb2YgY2xpZW50IGNlcnRpZmljYXRlIGFuZCBwcml2YXRlIGtleSBtdXN0IGJlIGluY2x1ZGVkIG9uIHRoZQ0KIyBjb25maWd1cmF0aW9uIGZpbGUgZHVlIHRvIHRoZSBsaW1pdGF0aW9uIG9mIHRoZSBjbGllbnQuDQojIFNvIHRoaXMgc2FtcGxlIGNvbmZpZ3VyYXRpb24gZmlsZSBoYXMgYSBkdW1teSBwYWlyIG9mIGNsaWVudCBjZXJ0aWZpY2F0ZQ0KIyBhbmQgcHJpdmF0ZSBrZXkgYXMgZm9sbG93cy4NCg0KPGNlcnQ+DQotLS0tLUJFR0lOIENFUlRJRklDQVRFLS0tLS0NCk1JSUN4akNDQWE0Q0FRQXdEUVlKS29aSWh2Y05BUUVGQlFBd0tURWFNQmdHQTFVRUF4TVJWbEJPUjJGMFpVTnMNCmFXVnVkRU5sY25ReEN6QUpCZ05WQkFZVEFrcFFNQjRYRFRFek1ESXhNVEF6TkRrME9Wb1hEVE0zTURFeE9UQXoNCk1UUXdOMW93S1RFYU1CZ0dBMVVFQXhNUlZsQk9SMkYwWlVOc2FXVnVkRU5sY25ReEN6QUpCZ05WQkFZVEFrcFENCk1JSUJJakFOQmdrcWhraUc5dzBCQVFFRkFBT0NBUThBTUlJQkNnS0NBUUVBNWgybGdRUVlVandvS1lKYnpWWkENCjVWY0lHZDVvdFBjL3FaUk10MEtJdENGQTBzOVJ3UmVOVmE5ZkRSRkxSQmhjSVRPbHYzRkJjVzNFOGgxVXM3UkQNCjRXOEdtSmU4emFwSm5Mc0QzOU9TTVJDelpKbmN6VzRPQ0gxUFpSWldLcUR0amxOY2E5QUY4YTY1alRtbER4Q1ENCkNqbnRMSVdrNU9MTFZrRnQ5L3RTY2MxR0R0Y2k1NW9maGFOQVlNUGlIN1Y4KzFnNjZwR0hYQW9XSzZBUVZINjcNClhDS0puR0I1bmxRK0hzTVlQVi9PNDlMZDkxWk4vMnRIa2NhTEx5TnR5d3hWUFJTc1JoNDgwamp1MGZjQ3N2NmgNCnAvMHlYblRCLy9tV3V0QkdwZFVsSWJ3aUlUYkFtcnNiWW5qaWdSdm5QcVgxUk5KVWJpOUZwNkMyYy9ISUZKR0QNCnl3SURBUUFCTUEwR0NTcUdTSWIzRFFFQkJRVUFBNElCQVFDaE81aGdjdy80b1dmb0VGTHU5a0JhMUIvL2t4SDgNCmhRa0NoVk5uOEJSQzdZMFVSUWl0UGwzREtFZWQ5VVJCRGRnMktPQXo3N2JiNkVOUGlsaUQrYTM4VUpISVJNcWUNClVCSGhsbE9ISXp2RGhIRmJhb3ZBTEJRY2VlQnpka1F4c0tRRVNLbVFtUjgzMjk1MFVDb3ZveVJCNjFVeUFWN2gNCittWmhZUEdSS1hLU0pJNnMwRWdnL0NyaStDd2s0YmpKZnJiNWhWc2UxMXloNEQ5TUhod1NmQ09IKzB6NGhQVVQNCkZrdTdkR2F2VVJPNVNWeE1uL3NMNkVuNUQrb1NlWGthZEhwRHMrQWlyeW0yWUhoMTVoMCtqUFNPb1I2eWlWcC8NCjZ6WmVaa3JONDNrdVM3M0twS0RGamZGUGg4dDRyMWdPSWp0dGtOY1FxQmNjdXNucGxRN0hKcHNrDQotLS0tLUVORCBDRVJUSUZJQ0FURS0tLS0tDQoNCjwvY2VydD4NCg0KPGtleT4NCi0tLS0tQkVHSU4gUlNBIFBSSVZBVEUgS0VZLS0tLS0NCk1JSUVwQUlCQUFLQ0FRRUE1aDJsZ1FRWVVqd29LWUpielZaQTVWY0lHZDVvdFBjL3FaUk10MEtJdENGQTBzOVINCndSZU5WYTlmRFJGTFJCaGNJVE9sdjNGQmNXM0U4aDFVczdSRDRXOEdtSmU4emFwSm5Mc0QzOU9TTVJDelpKbmMNCnpXNE9DSDFQWlJaV0txRHRqbE5jYTlBRjhhNjVqVG1sRHhDUUNqbnRMSVdrNU9MTFZrRnQ5L3RTY2MxR0R0Y2kNCjU1b2ZoYU5BWU1QaUg3VjgrMWc2NnBHSFhBb1dLNkFRVkg2N1hDS0puR0I1bmxRK0hzTVlQVi9PNDlMZDkxWk4NCi8ydEhrY2FMTHlOdHl3eFZQUlNzUmg0ODBqanUwZmNDc3Y2aHAvMHlYblRCLy9tV3V0QkdwZFVsSWJ3aUlUYkENCm1yc2JZbmppZ1J2blBxWDFSTkpVYmk5RnA2QzJjL0hJRkpHRHl3SURBUUFCQW9JQkFFUlY3WDVBdnhBOHVSaUsNCms4U0lwc0QwZFgxcEpPTUl3YWtVVnl2YzRFZk4wRGhLUk5iNHJZb1NpRUdUTHl6THB5QmMvQTI4RGxrbTVlT1kNCmZqelhmWWtHdFlpL0Z0eGtnM085dmNyTVE0KzZpK3VHSGFJTDJyTCtzNE1yZk84djF4djYrV2t5MzNFRUdDb3UNClFpd1ZHUkZRWG5Sb1E2Mk5CQ0ZiVU5MaG1Yd2RqMWFrWnpMVTRwNVI0ekEzUWhkeHdFSWF0Vkx0MCs3b3dMUTMNCmxQOHNmWGhwcFBPWGpUcU1ENFFrWXd6UEFhOC96RjdhY240a3J5clVQN1E2UEFmZDB6RVZxTnk5WkNaOWZmaG8NCnpYZWRGajQ4NklGb2M1Z25UcDJONmpzblZqNExDR0lobFZIbFlHb3pLS0ZxSmNRVkdzSENxcTFvejJ6alc2TFMNCm9SWUlIZ0VDZ1lFQTh6WnJrQ3dOWVNYSnVPREozbS9oT0xWeGN4Z0p1d1hvaUVyV2QwRTQydlBhbmpqVk1obnQNCktZNWw4cUdNSjZGaEs5TFl4MnFDcmYvRTBYdFVBWjJ3VnEzT1JUeUduc01XcmU5dExZczU1WCtaTjEwVGM3NXoNCjRoYWNiVTBocUtOMUhpRG1zTVJZMy8yTmFaSG95N01LbndKSkJhRzQ4bDlDQ1RsVndNSG9jSUVDZ1lFQThqYnkNCmRHanhUSCs2WEhXTml6YjVTUmJaeEFueUVlSmVSd1RNaDBnR3p3R1BwSC9zWllHenl1MFN5U1hXQ25aaDNSZ3ENCjV1TGxOeHRyWHJsalpseWkyblFkUWdzcTJZcldVczAremdVKzIydVFzWnBTQWZ0bWhWcnR2ZXQ2TWpWamJCeVkNCkRBRGNpRVZVZEpZSVhrK3FuRlVKeWVyb0xJa1RqN1dZS1o2Umprc0NnWUJvQ0ZJd1JEZWc0Mm9LODlSRm1uT3INCkx5bU5BcTQrMm9NaHNXbFZiNGVqV0lXZUFrOW5jK0dYVWZyWHN6UmhTMDFtVW5VNXI1eWdVdlJjYXJWL1QzVTcNClRuTVorSTdZNERnV1JJRGQ1MXpuaHhJQnRZVjVqL0MvdDg1SGpxT2tIKzhiNlJUa2JjaGFYM21hdTdmcFVmZHMNCkZxMG5oSXE0MmZoRU84c3JmWVl3Z1FLQmdRQ3loaTFOLzh0YVJ3cGsrMy9JREV6UXdqYmZkelVrV1dTRGs5WHMNCkgvcGt1UkhXZlRNUDNmbFdxRVlnVy9MVzQwcGVXMkhEcTVpbWRWOCtBZ1p4ZS9YTWJhamk5TGd3ZjFSWTAwNW4NCkt4YVpRejd5cUh1cFdsTEdGNjhEUEh4a1pWVlNhZ0RuVi9zenRXWDZTRnNDcUZWbnhJWGlmWEdDNGNXNU5tOWcNCnZhOHE0UUtCZ1FDRWhMVmVVZmR3S3ZrWjk0Zy9HRno3MzFaMmhyZFZoZ01aYVUvdTZ0MFY5NStZZXpQTkNRWkINCndtRTlNbWxicTFlbURlUk9pdmpDZm9HaFIza1pYVzFwVEtsTGg2Wk1VUVVPcHB0ZFh2YThYeGZvcVF3YTNlbkENCk03bXVCYkYwWE43Vk84MGlKUHYrUG1JWmRFSUFrcHdLZmkyMDFZQitCYWZDSXVHeElGNTBWZz09DQotLS0tLUVORCBSU0EgUFJJVkFURSBLRVktLS0tLQ0KDQo8L2tleT4NCg0K
vpn531861252,82.200.40.47,409217,-,27607976,Russian Federation,RU,0,21947507,126,10259598617,2weeks,MeMcFriskid's owner,,IyMjIyMjIyMjIyMjIyMjIyMjIyMjIyMjIyMjIyMjIyMjIyMjIyMjIyMjIyMjIyMjIyMjIyMjIyMjIyMjIyMjIyMjIyMjIyMjIyMjIyMjIw0KIyBPcGVuVlBOIDIuMCBTYW1wbGUgQ29uZmlndXJhdGlvbiBGaWxlDQojIGZvciBQYWNrZXRpWCBWUE4gLyBTb2Z0RXRoZXIgVlBOIFNlcnZlcg0KIyANCiMgISEhIEFVVE8tR0VORVJBVEVEIEJZIFNPRlRFVEhFUiBWUE4gU0VSVkVSIE1BTkFHRU1FTlQgVE9PTCAhISENCiMgDQojICEhISBZT1UgSEFWRSBUTyBSRVZJRVcgSVQgQkVGT1JFIFVTRSBBTkQgTU9ESUZZIElUIEFTIE5FQ0VTU0FSWSAhISENCiMgDQojIFRoaXMgY29uZmlndXJhdGlvbiBmaWxlIGlzIGF1dG8tZ2VuZXJhdGVkLiBZb3UgbWlnaHQgdXNlIHRoaXMgY29uZmlnIGZpbGUNCiMgaW4gb3JkZXIgdG8gY29ubmVjdCB0byB0aGUgUGFja2V0aVggVlBOIC8gU29mdEV0aGVyIFZQTiBTZXJ2ZXIuDQojIEhvd2V2ZXIsIGJlZm9yZSB5b3UgdHJ5IGl0LCB5b3Ugc2hvdWxkIHJldmlldyB0aGUgZGVzY3JpcHRpb25zIG9mIHRoZSBmaWxlDQojIHRvIGRldGVybWluZSB0aGUgbmVjZXNzaXR5IHRvIG1vZGlmeSB0byBzdWl0YWJsZSBmb3IgeW91ciByZWFsIGVudmlyb25tZW50Lg0KIyBJZiBuZWNlc3NhcnksIHlvdSBoYXZlIHRvIG1vZGlmeSBhIGxpdHRsZSBhZGVxdWF0ZWx5IG9uIHRoZSBmaWxlLg0KIyBGb3IgZXhhbXBsZSwgdGhlIElQIGFkZHJlc3Mgb3IgdGhlIGhvc3RuYW1lIGFzIGEgZGVzdGluYXRpb24gVlBOIFNlcnZlcg0KIyBzaG91bGQgYmUgY29uZmlybWVkLg0KIyANCiMgTm90ZSB0aGF0IHRvIHVzZSBPcGVuVlBOIDIuMCwgeW91IGhhdmUgdG8gcHV0IHRoZSBjZXJ0aWZpY2F0aW9uIGZpbGUgb2YNCiMgdGhlIGRlc3RpbmF0aW9uIFZQTiBTZXJ2ZXIgb24gdGhlIE9wZW5WUE4gQ2xpZW50IGNvbXB1dGVyIHdoZW4geW91IHVzZSB0aGlzDQojIGNvbmZpZyBmaWxlLiBQbGVhc2UgcmVmZXIgdGhlIGJlbG93IGRlc2NyaXB0aW9ucyBjYXJlZnVsbHkuDQoNCg0KIyMjIyMjIyMjIyMjIyMjIyMjIyMjIyMjIyMjIyMjIyMjIyMjIyMjIyMjIyMjIyMjIyMjIyMjIyMjIyMjIyMjIyMjIyMjIyMjIyMjIyMjIw0KIyBTcGVjaWZ5IHRoZSB0eXBlIG9mIHRoZSBsYXllciBvZiB0aGUgVlBOIGNvbm5lY3Rpb24uDQojIA0KIyBUbyBjb25uZWN0IHRvIHRoZSBWUE4gU2VydmVyIGFzIGEgIlJlbW90ZS1BY2Nlc3MgVlBOIENsaWVudCBQQyIsDQojICBzcGVjaWZ5ICdkZXYgdHVuJy4gKExheWVyLTMgSVAgUm91dGluZyBNb2RlKQ0KIw0KIyBUbyBjb25uZWN0IHRvIHRoZSBWUE4gU2VydmVyIGFzIGEgYnJpZGdpbmcgZXF1aXBtZW50IG9mICJTaXRlLXRvLVNpdGUgVlBOIiwNCiMgIHNwZWNpZnkgJ2RldiB0YXAnLiAoTGF5ZXItMiBFdGhlcm5ldCBCcmlkZ2luZSBNb2RlKQ0KDQpkZXYgdHVuDQoNCg0KIyMjIyMjIyMjIyMjIyMjIyMjIyMjIyMjIyMjIyMjIyMjIyMjIyMjIyMjIyMjIyMjIyMjIyMjIyMjIyMjIyMjIyMjIyMjIyMjIyMjIyMjIw0KIyBTcGVjaWZ5IHRoZSB1bmRlcmx5aW5nIHByb3RvY29sIGJleW9uZCB0aGUgSW50ZXJuZXQuDQojIE5vdGUgdGhhdCB0aGlzIHNldHRpbmcgbXVzdCBiZSBjb3JyZXNwb25kIHdpdGggdGhlIGxpc3RlbmluZyBzZXR0aW5nIG9uDQojIHRoZSBWUE4gU2VydmVyLg0KIyANCiMgU3BlY2lmeSBlaXRoZXIgJ3Byb3RvIHRjcCcgb3IgJ3Byb3RvIHVkcCcuDQoNCnByb3RvIHVkcA0KDQoNCiMjIyMjIyMjIyMjIyMjIyMjIyMjIyMjIyMjIyMjIyMjIyMjIyMjIyMjIyMjIyMjIyMjIyMjIyMjIyMjIyMjIyMjIyMjIyMjIyMjIyMjIyMNCiMgVGhlIGRlc3RpbmF0aW9uIGhvc3RuYW1lIC8gSVAgYWRkcmVzcywgYW5kIHBvcnQgbnVtYmVyIG9mDQojIHRoZSB0YXJnZXQgVlBOIFNlcnZlci4NCiMgDQojIFlvdSBoYXZlIHRvIHNwZWNpZnkgYXMgJ3JlbW90ZSA8SE9TVE5BTUU+IDxQT1JUPicuIFlvdSBjYW4gYWxzbw0KIyBzcGVjaWZ5IHRoZSBJUCBhZGRyZXNzIGluc3RlYWQgb2YgdGhlIGhvc3RuYW1lLg0KIyANCiMgTm90ZSB0aGF0IHRoZSBhdXRvLWdlbmVyYXRlZCBiZWxvdyBob3N0bmFtZSBhcmUgYSAiYXV0by1kZXRlY3RlZA0KIyBJUCBhZGRyZXNzIiBvZiB0aGUgVlBOIFNlcnZlci4gWW91IGhhdmUgdG8gY29uZmlybSB0aGUgY29ycmVjdG5lc3MNCiMgYmVmb3JlaGFuZC4NCiMgDQojIFdoZW4geW91IHdhbnQgdG8gY29ubmVjdCB0byB0aGUgVlBOIFNlcnZlciBieSB1c2luZyBUQ1AgcHJvdG9jb2wsDQojIHRoZSBwb3J0IG51bWJlciBvZiB0aGUgZGVzdGluYXRpb24gVENQIHBvcnQgc2hvdWxkIGJlIHNhbWUgYXMgb25lIG9mDQojIHRoZSBhdmFpbGFibGUgVENQIGxpc3RlbmVycyBvbiB0aGUgVlBOIFNlcnZlci4NCiMgDQojIFdoZW4geW91IHVzZSBVRFAgcHJvdG9jb2wsIHRoZSBwb3J0IG51bWJlciBtdXN0IHNhbWUgYXMgdGhlIGNvbmZpZ3VyYXRpb24NCiMgc2V0dGluZyBvZiAiT3BlblZQTiBTZXJ2ZXIgQ29tcGF0aWJsZSBGdW5jdGlvbiIgb24gdGhlIFZQTiBTZXJ2ZXIuDQoNCnJlbW90ZSA4Mi4yMDAuNDAuNDcgMTQwNQ0KDQoNCiMjIyMjIyMjIyMjIyMjIyMjIyMjIyMjIyMjIyMjIyMjIyMjIyMjIyMjIyMjIyMjIyMjIyMjIyMjIyMjIyMjIyMjIyMjIyMjIyMjIyMjIyMNCiMgVGhlIEhUVFAvSFRUUFMgcHJveHkgc2V0dGluZy4NCiMgDQojIE9ubHkgaWYgeW91IGhhdmUgdG8gdXNlIHRoZSBJbnRlcm5ldCB2aWEgYSBwcm94eSwgdW5jb21tZW50IHRoZSBiZWxvdw0KIyB0d28gbGluZXMgYW5kIHNwZWNpZnkgdGhlIHByb3h5IGFkZHJlc3MgYW5kIHRoZSBwb3J0IG51bWJlci4NCiMgSW4gdGhlIGNhc2Ugb2YgdXNpbmcgcHJveHktYXV0aGVudGljYXRpb24sIHJlZmVyIHRoZSBPcGVuVlBOIG1hbnVhbC4NCg0KO2h0dHAtcHJveHktcmV0cnkNCjtodHRwLXByb3h5IFtwcm94eSBzZXJ2ZXJdIFtwcm94eSBwb3J0XQ0KDQoNCiMjIyMjIyMjIyMjIyMjIyMjIyMjIyMjIyMjIyMjIyMjIyMjIyMjIyMjIyMjIyMjIyMjIyMjIyMjIyMjIyMjIyMjIyMjIyMjIyMjIyMjIyMNCiMgVGhlIGVuY3J5cHRpb24gYW5kIGF1dGhlbnRpY2F0aW9uIGFsZ29yaXRobS4NCiMgDQojIERlZmF1bHQgc2V0dGluZyBpcyBnb29kLiBNb2RpZnkgaXQgYXMgeW91IHByZWZlci4NCiMgV2hlbiB5b3Ugc3BlY2lmeSBhbiB1bnN1cHBvcnRlZCBhbGdvcml0aG0sIHRoZSBlcnJvciB3aWxsIG9jY3VyLg0KIyANCiMgVGhlIHN1cHBvcnRlZCBhbGdvcml0aG1zIGFyZSBhcyBmb2xsb3dzOg0KIyAgY2lwaGVyOiBbTlVMTC1DSVBIRVJdIE5VTEwgQUVTLTEyOC1DQkMgQUVTLTE5Mi1DQkMgQUVTLTI1Ni1DQkMgQkYtQ0JDDQojICAgICAgICAgIENBU1QtQ0JDIENBU1Q1LUNCQyBERVMtQ0JDIERFUy1FREUtQ0JDIERFUy1FREUzLUNCQyBERVNYLUNCQw0KIyAgICAgICAgICBSQzItNDAtQ0JDIFJDMi02NC1DQkMgUkMyLUNCQw0KIyAgYXV0aDogICBTSEEgU0hBMSBNRDUgTUQ0IFJNRDE2MA0KDQpjaXBoZXIgQUVTLTEyOC1DQkMNCmF1dGggU0hBMQ0KDQoNCiMjIyMjIyMjIyMjIyMjIyMjIyMjIyMjIyMjIyMjIyMjIyMjIyMjIyMjIyMjIyMjIyMjIyMjIyMjIyMjIyMjIyMjIyMjIyMjIyMjIyMjIyMNCiMgT3RoZXIgcGFyYW1ldGVycyBuZWNlc3NhcnkgdG8gY29ubmVjdCB0byB0aGUgVlBOIFNlcnZlci4NCiMgDQojIEl0IGlzIG5vdCByZWNvbW1lbmRlZCB0byBtb2RpZnkgaXQgdW5sZXNzIHlvdSBoYXZlIGEgcGFydGljdWxhciBuZWVkLg0KDQpyZXNvbHYtcmV0cnkgaW5maW5pdGUNCm5vYmluZA0KcGVyc2lzdC1rZXkNCnBlcnNpc3QtdHVuDQpjbGllbnQNCnZlcmIgMw0KI2F1dGgtdXNlci1wYXNzDQoNCg0KIyMjIyMjIyMjIyMjIyMjIyMjIyMjIyMjIyMjIyMjIyMjIyMjIyMjIyMjIyMjIyMjIyMjIyMjIyMjIyMjIyMjIyMjIyMjIyMjIyMjIyMjIw0KIyBUaGUgY2VydGlmaWNhdGUgZmlsZSBvZiB0aGUgZGVzdGluYXRpb24gVlBOIFNlcnZlci4NCiMgDQojIFRoZSBDQSBjZXJ0aWZpY2F0ZSBmaWxlIGlzIGVtYmVkZGVkIGluIHRoZSBpbmxpbmUgZm9ybWF0Lg0KIyBZb3UgY2FuIHJlcGxhY2UgdGhpcyBDQSBjb250ZW50cyBpZiBuZWNlc3NhcnkuDQojIFBsZWFzZSBub3RlIHRoYXQgaWYgdGhlIHNlcnZlciBjZXJ0aWZpY2F0ZSBpcyBub3QgYSBzZWxmLXNpZ25lZCwgeW91IGhhdmUgdG8NCiMgc3BlY2lmeSB0aGUgc2lnbmVyJ3Mgcm9vdCBjZXJ0aWZpY2F0ZSAoQ0EpIGhlcmUuDQoNCjxjYT4NCi0tLS0tQkVHSU4gQ0VSVElGSUNBVEUtLS0tLQ0KTUlJRmF6Q0NBMU9nQXdJQkFnSVJBSUlRejdEU1FPTlpSR1BndTJPQ2l3QXdEUVlKS29aSWh2Y05BUUVMQlFBdw0KVHpFTE1Ba0dBMVVFQmhNQ1ZWTXhLVEFuQmdOVkJBb1RJRWx1ZEdWeWJtVjBJRk5sWTNWeWFYUjVJRkpsYzJWaA0KY21Ob0lFZHliM1Z3TVJVd0V3WURWUVFERXd4SlUxSkhJRkp2YjNRZ1dERXdIaGNOTVRVd05qQTBNVEV3TkRNNA0KV2hjTk16VXdOakEwTVRFd05ETTRXakJQTVFzd0NRWURWUVFHRXdKVlV6RXBNQ2NHQTFVRUNoTWdTVzUwWlhKdQ0KWlhRZ1UyVmpkWEpwZEhrZ1VtVnpaV0Z5WTJnZ1IzSnZkWEF4RlRBVEJnTlZCQU1UREVsVFVrY2dVbTl2ZENCWQ0KTVRDQ0FpSXdEUVlKS29aSWh2Y05BUUVCQlFBRGdnSVBBRENDQWdvQ2dnSUJBSzNvSkhQMEZEZnptNTRyVnlnYw0KaDc3Y3Q5ODRrSXh1UE9aWG9IajNkY0tpL3ZWcWJ2WUFUeWpiM21pR2JFU1R0ckZqL1JRU2E3OGYwdW94bXlGKw0KMFRNOHVrajEzWG5mczdqL0V2RWhta3ZCaW9aeGFVcG1abXlQZmp4d3Y2MHBJZ2J6NU1EbWdLN2lTNCszbVg2VQ0KQTUvVFI1ZDhtVWdqVStnNHJrOEtiNE11MFVsWGpJQjB0dG92MERpTmV3TndJUnQxOGpBOCtvK3UzZHBqcStzVw0KVDhLT0VVdCt6d3ZvLzdWM0x2U3llMHJnVEJJbERIQ05BeW1nNFZNazdCUFo3aG0vRUxOS2pEK0pvMkZSM3F5SA0KQjVUMFkzSHNMdUp2VzVpQjRZbGNOSGxzZHU4N2tHSjU1dHVrbWk4bXhkQVE0UTdlMlJDT0Z2dTM5NmozeCtVQw0KQjVpUE5naVY1K0kzbGcwMmRaNzdEbkt4SFp1OEEvbEpCZGlCM1FXMEt0WkI2YXdCZHBVS0Q5amYxYjBTSHpVdg0KS0JkczBwakJxQWxrZDI1SE43ck9yRmxlYUoxL2N0YUp4UVpCS1Q1WlB0MG05U1RKRWFkYW8weEFIMGFobWJXbg0KT2xGdWhqdWVmWEtuRWdWNFdlMCtVWGdWQ3dPUGpkQXZCYkkrZTBvY1MzTUZFdnpHNnVCUUUzeERrM1N6eW5Ubg0Kamg4QkNOQXcxRnR4TnJRSHVzRXdNRnhJdDRJN21LWjlZSXFpb3ltQ3pMcTlnd1Fib29NRFFhSFdCZkVid3Jidw0KcUh5R08wYW9TQ3FJM0hhYWRyOGZhcVU5R1kvck9QTmszc2dyRFFvby8vZmI0aFZDMUNMUUoxM2hlZjRZNTNDSQ0KclU3bTJZczZ4dDBuVVc3L3ZHVDFNME5QQWdNQkFBR2pRakJBTUE0R0ExVWREd0VCL3dRRUF3SUJCakFQQmdOVg0KSFJNQkFmOEVCVEFEQVFIL01CMEdBMVVkRGdRV0JCUjV0Rm5tZTdibDVBRnpnQWlJeUJwWTl1bWJiakFOQmdrcQ0KaGtpRzl3MEJBUXNGQUFPQ0FnRUFWUjlZcWJ5eXFGRFFETEhZR21rZ0p5a0lyR0YxWElwdStJTGxhUy9WOWxaTA0KdWJoekVGblRJWmQrNTB4eCs3TFNZSzA1cUF2cUZ5RldoZkZRRGxucnp1Qlo2YnJKRmUrR25ZK0VnUGJrNlpHUQ0KM0JlYllodEY4R2FWMG54dnd1bzc3eC9QeTlhdUovR3BzTWl1L1gxK212b2lCT3YvMlgvcWtTc2lzUmNPai9LSw0KTkZ0WTJQd0J5VlM1dUNiTWlvZ3ppVXd0aER5QzMrNldWd1c2TEx2M3hMZkhUanVDdmpISUluTnprdEhDZ0tRNQ0KT1JBekk0Sk1QSitHc2xXWUhiNHBob3dpbTU3aWF6dFhPb0p3VGR3Sng0bkxDZ2ROYk9oZGpzbnZ6cXZIdTdVcg0KVGtYV1N0QW16T1Z5eWdocXBaWGpGYUgzcE8zSkxGK2wrLytzS0FJdXZ0ZDd1K054ZTVBVzB3ZGVSbE44TndkQw0Kak5QRWxwelZtYlVxNEpVYWdFaXVURGtIenN4SHBGS1ZLN3E0KzYzU00xTjk1UjFOYmRXaHNjZENiK1pBSnpWYw0Kb3lpM0I0M25qVE9RNXlPZisxQ2NlV3hHMWJRVnM1WnVmcHNNbGpxNFVpMC8xbHZoK3dqQ2hQNGtxS09KMnF4cQ0KNFJncXNhaERZVnZUSDl3N2pYYnlMZWlOZGQ4WE0ydzlVL3Q3eTBGZi85eWkwR0U0NFphNHJGMkxOOWQxMVRQQQ0KbVJHdW5VSEJjbldFdmdKQlFsOW5KRWlVMFpzbnZnYy91YmhQZ1hSUjRYcTM3WjBqNHI3ZzFTZ0VFend4QTU3ZA0KZW15UHhnY1l4bi9lUjQ0L0tKNEVCcytsVkRSM3ZleUptK2tYUTk5YjIxLytqaDVYb3MxQW5YNWlJdHJlR0NjPQ0KLS0tLS1FTkQgQ0VSVElGSUNBVEUtLS0tLQ0KDQo8L2NhPg0KDQoNCiMjIyMjIyMjIyMjIyMjIyMjIyMjIyMjIyMjIyMjIyMjIyMjIyMjIyMjIyMjIyMjIyMjIyMjIyMjIyMjIyMjIyMjIyMjIyMjIyMjIyMjIyMNCiMgVGhlIGNsaWVudCBjZXJ0aWZpY2F0ZSBmaWxlIChkdW1teSkuDQojIA0KIyBJbiBzb21lIGltcGxlbWVudGF0aW9ucyBvZiBPcGVuVlBOIENsaWVudCBzb2Z0d2FyZQ0KIyAoZm9yIGV4YW1wbGU6IE9wZW5WUE4gQ2xpZW50IGZvciBpT1MpLA0KIyBhIHBhaXIgb2YgY2xpZW50IGNlcnRpZmljYXRlIGFuZCBwcml2YXRlIGtleSBtdXN0IGJlIGluY2x1ZGVkIG9uIHRoZQ0KIyBjb25maWd1cmF0aW9uIGZpbGUgZHVlIHRvIHRoZSBsaW1pdGF0aW9uIG9mIHRoZSBjbGllbnQuDQojIFNvIHRoaXMgc2FtcGxlIGNvbmZpZ3VyYXRpb24gZmlsZSBoYXMgYSBkdW1teSBwYWlyIG9mIGNsaWVudCBjZXJ0aWZpY2F0ZQ0KIyBhbmQgcHJpdmF0ZSBrZXkgYXMgZm9sbG93cy4NCg0KPGNlcnQ+DQotLS0tLUJFR0lOIENFUlRJRklDQVRFLS0tLS0NCk1JSUN4akNDQWE0Q0FRQXdEUVlKS29aSWh2Y05BUUVGQlFBd0tURWFNQmdHQTFVRUF4TVJWbEJPUjJGMFpVTnMNCmFXVnVkRU5sY25ReEN6QUpCZ05WQkFZVEFrcFFNQjRYRFRFek1ESXhNVEF6TkRrME9Wb1hEVE0zTURFeE9UQXoNCk1UUXdOMW93S1RFYU1CZ0dBMVVFQXhNUlZsQk9SMkYwWlVOc2FXVnVkRU5sY25ReEN6QUpCZ05WQkFZVEFrcFENCk1JSUJJakFOQmdrcWhraUc5dzBCQVFFRkFBT0NBUThBTUlJQkNnS0NBUUVBNWgybGdRUVlVandvS1lKYnpWWkENCjVWY0lHZDVvdFBjL3FaUk10MEtJdENGQTBzOVJ3UmVOVmE5ZkRSRkxSQmhjSVRPbHYzRkJjVzNFOGgxVXM3UkQNCjRXOEdtSmU4emFwSm5Mc0QzOU9TTVJDelpKbmN6VzRPQ0gxUFpSWldLcUR0amxOY2E5QUY4YTY1alRtbER4Q1ENCkNqbnRMSVdrNU9MTFZrRnQ5L3RTY2MxR0R0Y2k1NW9maGFOQVlNUGlIN1Y4KzFnNjZwR0hYQW9XSzZBUVZINjcNClhDS0puR0I1bmxRK0hzTVlQVi9PNDlMZDkxWk4vMnRIa2NhTEx5TnR5d3hWUFJTc1JoNDgwamp1MGZjQ3N2NmgNCnAvMHlYblRCLy9tV3V0QkdwZFVsSWJ3aUlUYkFtcnNiWW5qaWdSdm5QcVgxUk5KVWJpOUZwNkMyYy9ISUZKR0QNCnl3SURBUUFCTUEwR0NTcUdTSWIzRFFFQkJRVUFBNElCQVFDaE81aGdjdy80b1dmb0VGTHU5a0JhMUIvL2t4SDgNCmhRa0NoVk5uOEJSQzdZMFVSUWl0UGwzREtFZWQ5VVJCRGRnMktPQXo3N2JiNkVOUGlsaUQrYTM4VUpISVJNcWUNClVCSGhsbE9ISXp2RGhIRmJhb3ZBTEJRY2VlQnpka1F4c0tRRVNLbVFtUjgzMjk1MFVDb3ZveVJCNjFVeUFWN2gNCittWmhZUEdSS1hLU0pJNnMwRWdnL0NyaStDd2s0YmpKZnJiNWhWc2UxMXloNEQ5TUhod1NmQ09IKzB6NGhQVVQNCkZrdTdkR2F2VVJPNVNWeE1uL3NMNkVuNUQrb1NlWGthZEhwRHMrQWlyeW0yWUhoMTVoMCtqUFNPb1I2eWlWcC8NCjZ6WmVaa3JONDNrdVM3M0twS0RGamZGUGg4dDRyMWdPSWp0dGtOY1FxQmNjdXNucGxRN0hKcHNrDQotLS0tLUVORCBDRVJUSUZJQ0FURS0tLS0tDQoNCjwvY2VydD4NCg0KPGtleT4NCi0tLS0tQkVHSU4gUlNBIFBSSVZBVEUgS0VZLS0tLS0NCk1JSUVwQUlCQUFLQ0FRRUE1aDJsZ1FRWVVqd29LWUpielZaQTVWY0lHZDVvdFBjL3FaUk10MEtJdENGQTBzOVINCndSZU5WYTlmRFJGTFJCaGNJVE9sdjNGQmNXM0U4aDFVczdSRDRXOEdtSmU4emFwSm5Mc0QzOU9TTVJDelpKbmMNCnpXNE9DSDFQWlJaV0txRHRqbE5jYTlBRjhhNjVqVG1sRHhDUUNqbnRMSVdrNU9MTFZrRnQ5L3RTY2MxR0R0Y2kNCjU1b2ZoYU5BWU1QaUg3VjgrMWc2NnBHSFhBb1dLNkFRVkg2N1hDS0puR0I1bmxRK0hzTVlQVi9PNDlMZDkxWk4NCi8ydEhrY2FMTHlOdHl3eFZQUlNzUmg0ODBqanUwZmNDc3Y2aHAvMHlYblRCLy9tV3V0QkdwZFVsSWJ3aUlUYkENCm1yc2JZbmppZ1J2blBxWDFSTkpVYmk5RnA2QzJjL0hJRkpHRHl3SURBUUFCQW9JQkFFUlY3WDVBdnhBOHVSaUsNCms4U0lwc0QwZFgxcEpPTUl3YWtVVnl2YzRFZk4wRGhLUk5iNHJZb1NpRUdUTHl6THB5QmMvQTI4RGxrbTVlT1kNCmZqelhmWWtHdFlpL0Z0eGtnM085dmNyTVE0KzZpK3VHSGFJTDJyTCtzNE1yZk84djF4djYrV2t5MzNFRUdDb3UNClFpd1ZHUkZRWG5Sb1E2Mk5CQ0ZiVU5MaG1Yd2RqMWFrWnpMVTRwNVI0ekEzUWhkeHdFSWF0Vkx0MCs3b3dMUTMNCmxQOHNmWGhwcFBPWGpUcU1ENFFrWXd6UEFhOC96RjdhY240a3J5clVQN1E2UEFmZDB6RVZxTnk5WkNaOWZmaG8NCnpYZWRGajQ4NklGb2M1Z25UcDJONmpzblZqNExDR0lobFZIbFlHb3pLS0ZxSmNRVkdzSENxcTFvejJ6alc2TFMNCm9SWUlIZ0VDZ1lFQTh6WnJrQ3dOWVNYSnVPREozbS9oT0xWeGN4Z0p1d1hvaUVyV2QwRTQydlBhbmpqVk1obnQNCktZNWw4cUdNSjZGaEs5TFl4MnFDcmYvRTBYdFVBWjJ3VnEzT1JUeUduc01XcmU5dExZczU1WCtaTjEwVGM3NXoNCjRoYWNiVTBocUtOMUhpRG1zTVJZMy8yTmFaSG95N01LbndKSkJhRzQ4bDlDQ1RsVndNSG9jSUVDZ1lFQThqYnkNCmRHanhUSCs2WEhXTml6YjVTUmJaeEFueUVlSmVSd1RNaDBnR3p3R1BwSC9zWllHenl1MFN5U1hXQ25aaDNSZ3ENCjV1TGxOeHRyWHJsalpseWkyblFkUWdzcTJZcldVczAremdVKzIydVFzWnBTQWZ0bWhWcnR2ZXQ2TWpWamJCeVkNCkRBRGNpRVZVZEpZSVhrK3FuRlVKeWVyb0xJa1RqN1dZS1o2Umprc0NnWUJvQ0ZJd1JEZWc0Mm9LODlSRm1uT3INCkx5bU5BcTQrMm9NaHNXbFZiNGVqV0lXZUFrOW5jK0dYVWZyWHN6UmhTMDFtVW5VNXI1eWdVdlJjYXJWL1QzVTcNClRuTVorSTdZNERnV1JJRGQ1MXpuaHhJQnRZVjVqL0MvdDg1SGpxT2tIKzhiNlJUa2JjaGFYM21hdTdmcFVmZHMNCkZxMG5oSXE0MmZoRU84c3JmWVl3Z1FLQmdRQ3loaTFOLzh0YVJ3cGsrMy9JREV6UXdqYmZkelVrV1dTRGs5WHMNCkgvcGt1UkhXZlRNUDNmbFdxRVlnVy9MVzQwcGVXMkhEcTVpbWRWOCtBZ1p4ZS9YTWJhamk5TGd3ZjFSWTAwNW4NCkt4YVpRejd5cUh1cFdsTEdGNjhEUEh4a1pWVlNhZ0RuVi9zenRXWDZTRnNDcUZWbnhJWGlmWEdDNGNXNU5tOWcNCnZhOHE0UUtCZ1FDRWhMVmVVZmR3S3ZrWjk0Zy9HRno3MzFaMmhyZFZoZ01aYVUvdTZ0MFY5NStZZXpQTkNRWkINCndtRTlNbWxicTFlbURlUk9pdmpDZm9HaFIza1pYVzFwVEtsTGg2Wk1VUVVPcHB0ZFh2YThYeGZvcVF3YTNlbkENCk03bXVCYkYwWE43Vk84MGlKUHYrUG1JWmRFSUFrcHdLZmkyMDFZQitCYWZDSXVHeElGNTBWZz09DQotLS0tLUVORCBSU0EgUFJJVkFURSBLRVktLS0tLQ0KDQo8L2tleT4NCg0K
*
